gera????o: 1: 
[[1, 3, 5, 6, 7, 15, 17, 18, 19] - 1731, [1, 2, 4, 11, 20] - 1485, [1, 2, 3, 13, 14, 17, 18, 19] - 2208, [1, 2, 3, 12, 14, 17, 18, 19] - 1997, [1, 3, 5, 6, 7, 18, 19] - 1479, [1, 3, 5, 12, 13, 14, 17, 18, 19] - 2104, [1, 2, 3, 9, 13, 14, 17, 18, 19] - 2291, [1, 4, 10, 20] - 1086, [1, 3, 9, 11, 20] - 1320, [1, 3, 5, 6, 17, 18, 19] - 1527, [1, 4, 11, 20] - 1408, [1, 2, 9, 13, 14, 17, 18, 19] - 2003, [1, 2, 3, 12, 13, 14, 17, 18, 19] - 2211, [1, 2, 9, 11, 20] - 1165, [1, 2, 3, 5, 6, 7, 18, 19] - 1612, [1, 2, 4, 10, 20] - 1163, [1, 3, 12, 14, 17, 18, 19] - 1864, [1, 3, 13, 14, 17, 18, 19] - 2075, [1, 2, 3, 5, 12, 13, 14, 17, 18, 19] - 2237, [1, 3, 12, 13, 14, 17, 18, 19] - 2078, [1, 3, 5, 6, 14, 17, 18, 19] - 1814, [1, 3, 9, 13, 14, 17, 18, 19] - 2158, [1, 3, 5, 6, 7, 8, 15, 17, 18, 19] - 1839]
melhor indiv??duo da gera????o:[1, 4, 10, 20] - 1086
gera????o: 2: 
[[1, 4, 10, 20] - 1086, [1, 2, 4, 10, 20] - 1163, [1, 2, 9, 11, 20] - 1165, [1, 3, 9, 11, 20] - 1320, [1, 4, 11, 20] - 1408, [1, 3, 5, 6, 7, 18, 19] - 1479, [1, 2, 4, 11, 20] - 1485, [1, 3, 5, 6, 17, 18, 19] - 1527, [1, 2, 3, 5, 6, 7, 18, 19] - 1612, [1, 3, 5, 6, 7, 15, 17, 18, 19] - 1731, [1, 3, 5, 6, 14, 17, 18, 19] - 1814, [1, 3, 5, 6, 7, 8, 15, 17, 18, 19] - 1839, [1, 2, 3, 12, 14, 17, 18, 19] - 1997, [1, 3, 13, 14, 17, 18, 19] - 2075, [1, 3, 5, 12, 13, 14, 17, 18, 19] - 2104, [1, 2, 3, 13, 14, 17, 18, 19] - 2208, [1, 2, 3, 5, 12, 13, 14, 17, 18, 19] - 2237]
melhor indiv??duo da gera????o:[1, 4, 10, 20] - 1086
gera????o: 3: 
[[1, 4, 10, 20] - 1086, [1, 2, 4, 10, 20] - 1163, [1, 2, 9, 11, 20] - 1165, [1, 3, 9, 11, 20] - 1320, [1, 4, 11, 20] - 1408, [1, 3, 5, 6, 7, 18, 19] - 1479, [1, 2, 4, 11, 20] - 1485, [1, 3, 5, 6, 17, 18, 19] - 1527, [1, 2, 3, 5, 6, 7, 18, 19] - 1612, [1, 3, 5, 6, 14, 17, 18, 19] - 1814, [1, 2, 3, 12, 14, 17, 18, 19] - 1997, [1, 3, 5, 12, 13, 14, 17, 18, 19] - 2104, [1, 2, 3, 5, 12, 13, 14, 17, 18, 19] - 2237]
melhor indiv??duo da gera????o:[1, 4, 10, 20] - 1086
______________________________________________________________________________________________________________________________
