geração: 1: 
[[1, 2, 4, 11, 10, 12, 16, 17, 18, 19, 20] - 69, [1, 3, 5, 2, 4, 10, 13, 14, 15, 20] - 51, [1, 3, 8, 10, 12, 16, 17, 19, 20] - 57, [1, 6, 7, 8, 3, 5, 10, 13, 14, 15, 20] - 58, [1, 2, 5, 10, 12, 16, 17, 19, 20] - 54, [1, 3, 6, 8, 10, 14, 13, 9, 12, 16, 17, 19, 20] - 87, [1, 2, 5, 10, 12, 13, 9, 16, 17, 19, 20] - 76, [1, 3, 6, 8, 9, 16, 12, 13, 19, 20] - 41, [1, 6, 7, 9, 10, 12, 5, 8, 3] - 61, [1, 3, 6, 7, 9, 10, 13, 15, 20] - 49, [1, 6, 7, 8, 3, 5, 2, 4, 10, 14, 13, 19, 20] - 58, [1, 2, 3, 5, 8, 10, 12, 19, 20] - 54, [1, 6, 8, 10, 12, 5, 2, 3] - 53, [1, 2, 5, 8, 10, 14, 13, 9, 12, 19, 20] - 73, [1, 2, 5, 12, 16, 17, 18, 13, 19, 20] - 55, [1, 2, 4, 5, 10, 12, 19, 20] - 51, [1, 6, 7, 8, 9, 10, 12, 19, 20] - 54, [1, 6, 7, 9, 16, 12, 13, 15, 20] - 43, [1, 3, 6, 8, 9, 16, 12, 19, 20] - 43, [1, 6, 8, 3, 5, 10, 14, 13, 19, 20] - 44, [1, 2, 3, 6, 7, 8, 9, 12, 19, 20] - 49, [1, 3, 5, 10, 12, 19, 20] - 40, [1, 2, 3, 5, 10, 14, 13, 9, 16, 12, 19, 20] - 74, [1, 3, 5, 12, 19, 20] - 32, [1, 3, 5, 10, 12, 16, 17, 18, 19, 20] - 60, [1, 2, 3, 8, 9, 16, 12, 19, 20] - 42, [1, 2, 3, 5, 10, 14, 13, 15, 20] - 40, [1, 3, 5, 10, 13, 15, 20] - 33, [1, 3, 5, 2, 4, 10, 12, 13, 14, 15, 20] - 56, [1, 2, 4, 10, 12, 19, 20] - 42, [1, 6, 8, 10, 14, 15, 20] - 35, [1, 3, 6, 7, 8, 9, 10, 13, 14, 15, 20] - 60, [1, 3, 5, 8, 9, 10, 12, 19, 20] - 51, [1, 6, 7, 8, 9, 13, 15, 20] - 42, [1, 3, 6, 7, 8, 9, 10, 14, 13, 19, 20] - 52, [1, 2, 4, 11, 13, 14, 10, 12, 16, 17, 18, 19, 20] - 83, [1, 2, 3, 5, 12, 16, 17, 19, 20] - 51, [1, 2, 5, 8, 3, 6, 7, 9, 10, 14, 15, 20] - 57, [1, 2, 4, 10, 12, 16, 17, 18, 13, 9] - 75, [1, 3, 8, 10, 14, 13, 19, 20] - 38, [1, 2, 4, 5, 8, 10, 12, 13, 15, 20] - 58, [1, 3, 5, 10, 14, 15, 20] - 29, [1, 2, 3, 5, 10, 12, 19, 20] - 45, [1, 6, 8, 9, 13, 14, 10, 12, 19, 20] - 65, [1, 3, 5, 10, 12, 16, 17, 18, 13, 9] - 73, [1, 2, 5, 12, 13, 14, 15, 20] - 40, [1, 2, 5, 12, 16, 17, 19, 20] - 46, [1, 2, 5, 8, 10, 13, 14, 15, 20] - 52, [1, 3, 5, 8, 9, 16, 10, 13, 14, 15, 20] - 59, [1, 6, 8, 9, 12, 5, 10, 14, 13, 19, 20] - 58, [1, 3, 5, 8, 9, 12, 16, 17, 18, 13, 14, 15, 20] - 71, [1, 2, 3, 6, 8, 9, 13, 15, 20] - 44, [1, 3, 6, 7, 9, 16, 12, 19, 20] - 48, [1, 6, 7, 8, 3, 5, 10, 13, 15, 20] - 48, [1, 3, 5, 2, 4, 11, 10, 14, 13, 19, 20] - 50, [1, 2, 4, 10, 14, 13, 9, 16, 17, 19, 20] - 75, [1, 2, 4, 5, 8, 9, 10, 14, 13, 19, 20] - 57, [1, 2, 5, 10, 14, 15, 20] - 29, [1, 2, 4, 10, 12, 16, 17, 18, 19, 20] - 62, [1, 3, 6, 7, 9, 12, 16, 10, 14, 15, 20] - 55]
melhor indivíduo da geração:[1, 3, 5, 10, 14, 15, 20] - 29
geração: 2: 
[[1, 3, 5, 10, 14, 15, 20] - 29, [1, 2, 5, 10, 14, 15, 20] - 29, [1, 3, 5, 12, 19, 20] - 32, [1, 3, 8, 10, 14, 15, 20] - 32, [1, 3, 5, 10, 13, 15, 20] - 33, [1, 3, 8, 9, 10, 14, 15, 20] - 34, [1, 6, 8, 10, 14, 15, 20] - 35, [1, 3, 5, 10, 14, 13, 19, 20] - 35, [1, 2, 3, 8, 10, 14, 15, 20] - 37, [1, 3, 8, 10, 14, 13, 19, 20] - 38, [1, 3, 6, 8, 10, 14, 15, 20] - 38, [1, 3, 5, 10, 12, 19, 20] - 40, [1, 2, 3, 5, 10, 14, 13, 15, 20] - 40, [1, 2, 5, 12, 13, 14, 15, 20] - 40, [1, 3, 6, 8, 9, 16, 12, 13, 19, 20] - 41, [1, 2, 3, 8, 10, 13, 19, 20] - 41, [1, 2, 3, 8, 9, 16, 12, 19, 20] - 42, [1, 2, 4, 10, 12, 19, 20] - 42, [1, 6, 7, 8, 9, 13, 15, 20] - 42, [1, 6, 7, 9, 16, 12, 13, 15, 20] - 43, [1, 3, 6, 8, 9, 16, 12, 19, 20] - 43, [1, 6, 8, 3, 5, 10, 14, 13, 19, 20] - 44, [1, 2, 3, 6, 8, 9, 13, 15, 20] - 44, [1, 2, 3, 5, 10, 12, 19, 20] - 45, [1, 2, 5, 12, 16, 17, 19, 20] - 46, [1, 3, 6, 7, 9, 16, 12, 19, 20] - 48, [1, 6, 7, 8, 3, 5, 10, 13, 15, 20] - 48, [1, 3, 6, 7, 9, 10, 13, 15, 20] - 49, [1, 2, 3, 6, 7, 8, 9, 12, 19, 20] - 49, [1, 3, 5, 2, 4, 11, 10, 14, 13, 19, 20] - 50, [1, 3, 5, 2, 4, 10, 13, 14, 15, 20] - 51, [1, 2, 4, 5, 10, 12, 19, 20] - 51, [1, 3, 5, 8, 9, 10, 12, 19, 20] - 51, [1, 2, 3, 5, 12, 16, 17, 19, 20] - 51, [1, 3, 6, 7, 8, 9, 10, 14, 13, 19, 20] - 52, [1, 2, 5, 8, 10, 13, 14, 15, 20] - 52, [1, 6, 8, 10, 12, 5, 2, 3] - 53, [1, 2, 3, 8, 9, 12, 16, 10, 13, 19, 20] - 53, [1, 2, 5, 10, 12, 16, 17, 19, 20] - 54, [1, 2, 3, 5, 8, 10, 12, 19, 20] - 54, [1, 6, 7, 8, 9, 10, 12, 19, 20] - 54, [1, 2, 5, 12, 16, 17, 18, 13, 19, 20] - 55, [1, 3, 6, 7, 9, 12, 16, 10, 14, 15, 20] - 55]
melhor indivíduo da geração:[1, 3, 5, 10, 14, 15, 20] - 29
geração: 3: 
[[1, 3, 5, 10, 14, 15, 20] - 29, [1, 2, 5, 10, 14, 15, 20] - 29, [1, 3, 5, 12, 19, 20] - 32, [1, 3, 8, 10, 14, 15, 20] - 32, [1, 3, 5, 10, 13, 15, 20] - 33, [1, 3, 8, 9, 10, 14, 15, 20] - 34, [1, 6, 8, 10, 14, 15, 20] - 35, [1, 3, 5, 10, 14, 13, 19, 20] - 35, [1, 2, 3, 8, 10, 14, 15, 20] - 37, [1, 3, 8, 10, 14, 13, 19, 20] - 38, [1, 3, 6, 8, 10, 14, 15, 20] - 38, [1, 3, 5, 10, 12, 19, 20] - 40, [1, 2, 3, 5, 10, 14, 13, 15, 20] - 40, [1, 2, 5, 12, 13, 14, 15, 20] - 40, [1, 3, 6, 8, 9, 16, 12, 13, 19, 20] - 41, [1, 2, 3, 8, 10, 13, 19, 20] - 41, [1, 2, 3, 8, 9, 16, 12, 19, 20] - 42, [1, 2, 4, 10, 12, 19, 20] - 42, [1, 6, 7, 8, 9, 13, 15, 20] - 42, [1, 6, 7, 9, 16, 12, 13, 15, 20] - 43, [1, 3, 6, 8, 9, 16, 12, 19, 20] - 43, [1, 6, 8, 3, 5, 10, 14, 13, 19, 20] - 44, [1, 2, 3, 6, 8, 9, 13, 15, 20] - 44, [1, 2, 3, 5, 10, 12, 19, 20] - 45, [1, 2, 5, 12, 16, 17, 19, 20] - 46, [1, 3, 6, 7, 9, 16, 12, 19, 20] - 48, [1, 6, 7, 8, 3, 5, 10, 13, 15, 20] - 48, [1, 3, 6, 7, 9, 10, 13, 15, 20] - 49, [1, 2, 3, 6, 7, 8, 9, 12, 19, 20] - 49, [1, 3, 5, 2, 4, 11, 10, 14, 13, 19, 20] - 50, [1, 3, 6, 7, 8, 9, 10, 13, 15, 20] - 50]
melhor indivíduo da geração:[1, 3, 5, 10, 14, 15, 20] - 29
geração: 4: 
[[1, 3, 5, 10, 14, 15, 20] - 29, [1, 2, 5, 10, 14, 15, 20] - 29, [1, 3, 5, 12, 19, 20] - 32, [1, 3, 8, 10, 14, 15, 20] - 32, [1, 3, 5, 10, 13, 15, 20] - 33, [1, 3, 8, 9, 10, 14, 15, 20] - 34, [1, 6, 8, 10, 14, 15, 20] - 35, [1, 3, 5, 10, 14, 13, 19, 20] - 35, [1, 2, 3, 8, 10, 14, 15, 20] - 37, [1, 3, 8, 10, 14, 13, 19, 20] - 38, [1, 3, 6, 8, 10, 14, 15, 20] - 38, [1, 3, 5, 10, 12, 19, 20] - 40, [1, 2, 3, 5, 10, 14, 13, 15, 20] - 40, [1, 2, 5, 12, 13, 14, 15, 20] - 40, [1, 3, 6, 8, 9, 16, 12, 13, 19, 20] - 41, [1, 2, 3, 8, 10, 13, 19, 20] - 41, [1, 2, 3, 8, 9, 16, 12, 19, 20] - 42, [1, 2, 4, 10, 12, 19, 20] - 42, [1, 6, 7, 8, 9, 13, 15, 20] - 42, [1, 6, 7, 9, 16, 12, 13, 15, 20] - 43, [1, 3, 6, 8, 9, 16, 12, 19, 20] - 43, [1, 6, 8, 3, 5, 10, 14, 13, 19, 20] - 44, [1, 2, 3, 6, 8, 9, 13, 15, 20] - 44]
melhor indivíduo da geração:[1, 3, 5, 10, 14, 15, 20] - 29
geração: 5: 
[[1, 3, 5, 10, 14, 15, 20] - 29, [1, 2, 5, 10, 14, 15, 20] - 29, [1, 3, 5, 12, 19, 20] - 32, [1, 3, 8, 10, 14, 15, 20] - 32, [1, 3, 5, 10, 13, 15, 20] - 33, [1, 3, 8, 9, 10, 14, 15, 20] - 34, [1, 6, 8, 10, 14, 15, 20] - 35, [1, 3, 5, 10, 14, 13, 19, 20] - 35, [1, 2, 3, 8, 10, 14, 15, 20] - 37, [1, 3, 8, 10, 14, 13, 19, 20] - 38, [1, 3, 6, 8, 10, 14, 15, 20] - 38, [1, 2, 5, 8, 9, 12, 19, 20] - 38, [1, 3, 5, 10, 12, 19, 20] - 40, [1, 2, 3, 5, 10, 14, 13, 15, 20] - 40, [1, 2, 5, 12, 13, 14, 15, 20] - 40, [1, 3, 6, 8, 9, 16, 12, 13, 19, 20] - 41, [1, 2, 3, 8, 10, 13, 19, 20] - 41]
melhor indivíduo da geração:[1, 3, 5, 10, 14, 15, 20] - 29
geração: 6: 
[[1, 3, 5, 10, 14, 15, 20] - 29, [1, 2, 5, 10, 14, 15, 20] - 29, [1, 3, 5, 12, 19, 20] - 32, [1, 3, 8, 10, 14, 15, 20] - 32, [1, 3, 5, 10, 13, 15, 20] - 33, [1, 3, 5, 10, 13, 19, 20] - 33, [1, 3, 8, 9, 13, 15, 20] - 33, [1, 3, 8, 9, 10, 14, 15, 20] - 34, [1, 6, 8, 10, 14, 15, 20] - 35, [1, 3, 5, 10, 14, 13, 19, 20] - 35, [1, 2, 3, 8, 10, 14, 15, 20] - 37, [1, 3, 8, 10, 14, 13, 19, 20] - 38, [1, 3, 6, 8, 10, 14, 15, 20] - 38, [1, 2, 5, 8, 9, 12, 19, 20] - 38, [1, 3, 5, 10, 12, 19, 20] - 40, [1, 2, 3, 5, 10, 14, 13, 15, 20] - 40, [1, 2, 5, 12, 13, 14, 15, 20] - 40]
melhor indivíduo da geração:[1, 3, 5, 10, 14, 15, 20] - 29
geração: 7: 
[[1, 3, 5, 10, 14, 15, 20] - 29, [1, 2, 5, 10, 14, 15, 20] - 29, [1, 3, 5, 12, 13, 15, 20] - 30, [1, 3, 5, 12, 19, 20] - 32, [1, 3, 8, 10, 14, 15, 20] - 32, [1, 3, 5, 10, 13, 15, 20] - 33, [1, 3, 5, 10, 13, 19, 20] - 33, [1, 3, 8, 9, 13, 15, 20] - 33, [1, 3, 8, 9, 10, 14, 15, 20] - 34, [1, 6, 8, 10, 14, 15, 20] - 35, [1, 3, 5, 10, 14, 13, 19, 20] - 35, [1, 2, 3, 8, 10, 14, 15, 20] - 37, [1, 3, 8, 9, 16, 12, 19, 20] - 37, [1, 3, 8, 10, 14, 13, 19, 20] - 38, [1, 3, 6, 8, 10, 14, 15, 20] - 38, [1, 2, 5, 8, 9, 12, 19, 20] - 38, [1, 6, 8, 3, 5, 12, 13, 19, 20] - 39]
melhor indivíduo da geração:[1, 3, 5, 10, 14, 15, 20] - 29
geração: 8: 
[[1, 3, 5, 10, 14, 15, 20] - 29, [1, 2, 5, 10, 14, 15, 20] - 29, [1, 3, 5, 12, 13, 15, 20] - 30, [1, 3, 5, 12, 19, 20] - 32, [1, 3, 8, 10, 14, 15, 20] - 32, [1, 3, 5, 10, 13, 15, 20] - 33, [1, 3, 5, 10, 13, 19, 20] - 33, [1, 3, 8, 9, 13, 15, 20] - 33, [1, 3, 8, 9, 10, 14, 15, 20] - 34, [1, 6, 8, 10, 14, 15, 20] - 35, [1, 3, 5, 10, 14, 13, 19, 20] - 35, [1, 2, 3, 8, 10, 14, 15, 20] - 37, [1, 3, 8, 9, 16, 12, 19, 20] - 37, [1, 3, 8, 10, 14, 13, 19, 20] - 38, [1, 3, 6, 8, 10, 14, 15, 20] - 38, [1, 2, 5, 8, 9, 12, 19, 20] - 38, [1, 6, 8, 3, 5, 12, 13, 19, 20] - 39]
melhor indivíduo da geração:[1, 3, 5, 10, 14, 15, 20] - 29
geração: 9: 
[[1, 3, 5, 10, 14, 15, 20] - 29, [1, 2, 5, 10, 14, 15, 20] - 29, [1, 3, 5, 12, 13, 15, 20] - 30, [1, 3, 5, 12, 19, 20] - 32, [1, 3, 8, 10, 14, 15, 20] - 32, [1, 3, 5, 10, 13, 15, 20] - 33, [1, 3, 5, 10, 13, 19, 20] - 33, [1, 3, 8, 9, 13, 15, 20] - 33, [1, 3, 8, 9, 10, 14, 15, 20] - 34, [1, 6, 8, 10, 14, 15, 20] - 35, [1, 3, 5, 10, 14, 13, 19, 20] - 35, [1, 2, 3, 8, 10, 14, 15, 20] - 37, [1, 3, 8, 9, 16, 12, 19, 20] - 37, [1, 3, 8, 10, 14, 13, 19, 20] - 38, [1, 3, 6, 8, 10, 14, 15, 20] - 38, [1, 2, 5, 8, 9, 12, 19, 20] - 38, [1, 2, 5, 10, 12, 13, 19, 20] - 38, [1, 2, 3, 8, 9, 13, 19, 20] - 38]
melhor indivíduo da geração:[1, 3, 5, 10, 14, 15, 20] - 29
geração: 10: 
[[1, 3, 5, 10, 14, 15, 20] - 29, [1, 2, 5, 10, 14, 15, 20] - 29, [1, 3, 5, 12, 13, 15, 20] - 30, [1, 3, 5, 12, 19, 20] - 32, [1, 3, 8, 10, 14, 15, 20] - 32, [1, 3, 5, 10, 13, 15, 20] - 33, [1, 3, 5, 10, 13, 19, 20] - 33, [1, 3, 8, 9, 13, 15, 20] - 33, [1, 3, 8, 9, 10, 14, 15, 20] - 34, [1, 6, 8, 10, 14, 15, 20] - 35, [1, 3, 5, 10, 14, 13, 19, 20] - 35, [1, 2, 4, 10, 13, 19, 20] - 35, [1, 2, 3, 8, 10, 14, 15, 20] - 37, [1, 3, 8, 9, 16, 12, 19, 20] - 37, [1, 3, 8, 10, 14, 13, 19, 20] - 38, [1, 3, 6, 8, 10, 14, 15, 20] - 38, [1, 2, 5, 8, 9, 12, 19, 20] - 38, [1, 2, 5, 10, 12, 13, 19, 20] - 38, [1, 2, 3, 8, 9, 13, 19, 20] - 38]
melhor indivíduo da geração:[1, 3, 5, 10, 14, 15, 20] - 29
melhor valor é da geração 7!!!!
______________________________________________________________________________________________________________________________
