geração: 1: 
[[1, 3, 6, 8, 9, 16, 17, 18, 13, 19, 20] - 56, [1, 3, 6, 8, 10, 13, 15, 20] - 42, [1, 2, 5, 12, 19, 20] - 32, [1, 3, 6, 7, 8, 10, 14, 13, 19, 20] - 50, [1, 3, 5, 10, 14, 13, 9, 16, 12, 19, 20] - 69, [1, 3, 8, 10, 14, 15, 20] - 32, [1, 6, 7, 8, 9, 16, 10, 14, 15, 20] - 48, [1, 6, 8, 9, 13, 15, 20] - 36, [1, 6, 7, 8, 9, 12, 5, 10, 14, 15, 20] - 58, [1, 2, 3, 5, 12, 16, 17, 19, 20] - 51, [1, 3, 5, 10, 12, 16, 17, 18, 19, 20] - 60, [1, 6, 8, 9, 13, 19, 20] - 36, [1, 2, 3, 8, 10, 12, 16, 17, 19, 20] - 62, [1, 6, 7, 9, 13, 14, 10, 12, 5, 2, 4, 11] - 84, [1, 3, 8, 10, 13, 9, 12, 5, 2, 4, 11, 14, 15, 20] - 93, [1, 2, 5, 12, 16, 10, 14, 13, 19, 20] - 50, [1, 6, 7, 9, 13, 14, 10, 12, 16, 17, 19, 20] - 84, [1, 2, 5, 8, 9, 12, 13, 14, 15, 20] - 46, [1, 3, 6, 7, 9, 12, 19, 20] - 43, [1, 2, 5, 12, 13, 19, 20] - 30]
melhor indivíduo da geração:[1, 2, 5, 12, 13, 19, 20] - 30
geração: 2: 
[[1, 3, 6, 8, 9, 16, 17, 18, 13, 19, 20] - 56, [1, 3, 6, 8, 10, 13, 15, 20] - 42, [1, 2, 5, 12, 19, 20] - 32, [1, 3, 6, 7, 8, 10, 14, 13, 19, 20] - 50, [1, 3, 8, 10, 14, 15, 20] - 32, [1, 6, 7, 8, 9, 16, 10, 14, 15, 20] - 48, [1, 6, 8, 9, 13, 15, 20] - 36, [1, 2, 3, 5, 12, 16, 17, 19, 20] - 51, [1, 6, 8, 9, 13, 19, 20] - 36, [1, 2, 5, 12, 16, 10, 14, 13, 19, 20] - 50, [1, 2, 5, 8, 9, 12, 13, 14, 15, 20] - 46, [1, 3, 6, 7, 9, 12, 19, 20] - 43, [1, 2, 5, 12, 13, 19, 20] - 30, [1, 6, 7, 8, 10, 13, 14, 15, 20] - 55, [1, 2, 4, 11, 10, 13, 15, 20] - 42, [1, 2, 3, 8, 9, 16, 17, 19, 20] - 46, [1, 3, 8, 9, 16, 17, 18, 19, 20] - 47, [1, 2, 4, 11, 10, 14, 13, 15, 20] - 44]
melhor indivíduo da geração:[1, 2, 5, 12, 13, 19, 20] - 30
geração: 3: 
[[1, 3, 6, 8, 10, 13, 15, 20] - 42, [1, 2, 5, 12, 19, 20] - 32, [1, 3, 8, 10, 14, 15, 20] - 32, [1, 6, 8, 9, 13, 15, 20] - 36, [1, 6, 8, 9, 13, 19, 20] - 36, [1, 2, 5, 8, 9, 12, 13, 14, 15, 20] - 46, [1, 3, 6, 7, 9, 12, 19, 20] - 43, [1, 2, 5, 12, 13, 19, 20] - 30, [1, 2, 4, 11, 10, 13, 15, 20] - 42, [1, 2, 3, 8, 9, 16, 17, 19, 20] - 46, [1, 2, 4, 11, 10, 14, 13, 15, 20] - 44, [1, 3, 5, 12, 16, 10, 14, 15, 20] - 44, [1, 2, 4, 10, 13, 19, 20] - 35, [1, 3, 5, 12, 16, 17, 19, 20] - 46]
melhor indivíduo da geração:[1, 2, 5, 12, 13, 19, 20] - 30
geração: 4: 
[[1, 3, 6, 8, 10, 13, 15, 20] - 42, [1, 2, 5, 12, 19, 20] - 32, [1, 3, 8, 10, 14, 15, 20] - 32, [1, 6, 8, 9, 13, 15, 20] - 36, [1, 6, 8, 9, 13, 19, 20] - 36, [1, 3, 6, 7, 9, 12, 19, 20] - 43, [1, 2, 5, 12, 13, 19, 20] - 30, [1, 2, 4, 11, 10, 13, 15, 20] - 42, [1, 2, 4, 10, 13, 19, 20] - 35, [1, 3, 8, 10, 14, 13, 19, 20] - 38, [1, 3, 6, 7, 9, 12, 13, 19, 20] - 41]
melhor indivíduo da geração:[1, 2, 5, 12, 13, 19, 20] - 30
______________________________________________________________________________________________________________________________
