gera????o: 1: 
[[1, 3, 23, 33, 41, 45, 57, 70] - 3628, [1, 2, 9, 13, 23, 31, 32, 40, 41, 45, 57, 70] - 4019, [1, 3, 5, 6, 17, 24, 36, 49, 55, 58, 62, 70] - 4345, [1, 3, 23, 31, 41, 46, 49, 58, 62, 70] - 4437, [1, 2, 9, 13, 21, 23, 25, 26, 33, 47, 55, 56, 63, 70] - 4489, [1, 3, 5, 6, 12, 22, 33, 40, 41, 44, 56, 61, 63, 70] - 4531, [1, 2, 9, 11, 20, 31, 41, 47, 49, 58, 62, 70] - 4697, [1, 2, 9, 13, 14, 17, 26, 34, 41, 45, 47, 55, 57, 70] - 4761, [1, 4, 10, 20, 21, 23, 25, 33, 34, 46, 47, 55, 58, 62, 70] - 4939, [1, 4, 11, 20, 39, 56, 61, 68, 70] - 4977, [1, 4, 11, 21, 22, 24, 36, 49, 55, 57, 70] - 4989, [1, 4, 11, 21, 23, 25, 26, 34, 41, 45, 47, 56, 63, 70] - 5036, [1, 3, 12, 14, 22, 25, 26, 31, 40, 41, 44, 45, 56, 57, 70] - 5266, [1, 3, 13, 31, 33, 40, 41, 44, 45, 47, 56, 57, 70] - 5290, [1, 3, 9, 13, 21, 23, 31, 40, 41, 46, 47, 55, 56, 57, 70] - 5475, [1, 4, 11, 21, 22, 23, 33, 40, 41, 46, 47, 56, 61, 63, 70] - 5620, [1, 4, 10, 11, 21, 23, 33, 39, 42, 43, 52, 53, 54, 56, 63, 70] - 5638, [1, 2, 4, 11, 20, 29, 37, 42, 52, 60, 61, 65, 68, 70] - 5686, [1, 2, 3, 13, 40, 41, 47, 56, 61, 65, 66, 67, 68, 70] - 6441, [1, 3, 23, 25, 33, 39, 42, 52, 53, 60, 61, 65, 67, 69, 70] - 6871]
melhor indiv??duo da gera????o:[1, 3, 23, 33, 41, 45, 57, 70] - 3628
gera????o: 2: 
[[1, 3, 23, 33, 41, 45, 57, 70] - 3628, [1, 2, 9, 13, 23, 31, 32, 40, 41, 45, 57, 70] - 4019, [1, 3, 5, 6, 17, 24, 36, 49, 55, 58, 62, 70] - 4345, [1, 3, 23, 31, 41, 46, 49, 58, 62, 70] - 4437, [1, 2, 9, 13, 21, 23, 25, 26, 33, 47, 55, 56, 63, 70] - 4489, [1, 4, 10, 11, 20, 39, 44, 55, 57, 70] - 4606, [1, 4, 10, 11, 21, 22, 24, 26, 33, 49, 58, 62, 70] - 4668, [1, 4, 11, 20, 32, 39, 40, 41, 45, 57, 70] - 4685, [1, 3, 13, 22, 33, 41, 46, 47, 56, 63, 70] - 4728, [1, 3, 13, 21, 31, 32, 39, 44, 56, 61, 68, 70] - 4778, [1, 4, 10, 20, 21, 23, 25, 33, 34, 46, 47, 55, 58, 62, 70] - 4939, [1, 4, 11, 21, 22, 24, 36, 49, 55, 57, 70] - 4989, [1, 2, 9, 21, 22, 24, 26, 34, 46, 47, 49, 55, 58, 62, 70] - 5006, [1, 3, 5, 6, 14, 24, 34, 41, 46, 49, 58, 62, 70] - 5107, [1, 3, 12, 14, 22, 25, 26, 31, 40, 41, 44, 45, 56, 57, 70] - 5266, [1, 3, 13, 31, 33, 40, 41, 44, 45, 47, 56, 57, 70] - 5290, [1, 3, 23, 25, 26, 33, 41, 47, 49, 55, 56, 61, 68, 70] - 5583, [1, 4, 10, 11, 21, 23, 33, 39, 42, 43, 52, 53, 54, 56, 63, 70] - 5638, [1, 2, 3, 13, 40, 41, 47, 56, 61, 65, 66, 67, 68, 70] - 6441, [1, 3, 13, 40, 44, 54, 56, 60, 61, 65, 66, 67, 69, 70] - 6524, [1, 3, 23, 25, 33, 39, 42, 52, 53, 60, 61, 65, 67, 69, 70] - 6871]
melhor indiv??duo da gera????o:[1, 3, 23, 33, 41, 45, 57, 70] - 3628
gera????o: 3: 
[[1, 3, 13, 23, 33, 47, 55, 58, 62, 70] - 3664, [1, 3, 12, 22, 25, 26, 34, 35, 49, 58, 62, 70] - 4005, [1, 4, 11, 21, 31, 41, 44, 54, 61, 63, 70] - 4266, [1, 4, 11, 21, 22, 25, 33, 46, 47, 55, 57, 70] - 4335, [1, 3, 23, 31, 41, 46, 49, 58, 62, 70] - 4437, [1, 3, 12, 22, 24, 36, 49, 58, 62, 70] - 4501, [1, 4, 10, 11, 21, 22, 24, 26, 33, 49, 58, 62, 70] - 4668, [1, 3, 13, 22, 33, 41, 46, 47, 56, 63, 70] - 4728, [1, 2, 4, 11, 21, 31, 32, 40, 44, 54, 61, 65, 68, 70] - 4851, [1, 4, 10, 20, 21, 23, 25, 33, 34, 46, 47, 55, 58, 62, 70] - 4939, [1, 4, 11, 21, 22, 24, 36, 49, 55, 57, 70] - 4989, [1, 3, 5, 6, 14, 24, 34, 41, 46, 49, 58, 62, 70] - 5107, [1, 3, 12, 14, 22, 25, 26, 31, 40, 41, 44, 45, 56, 57, 70] - 5266, [1, 3, 23, 25, 26, 33, 41, 47, 49, 55, 56, 61, 68, 70] - 5583, [1, 2, 3, 13, 40, 41, 47, 56, 61, 65, 66, 67, 68, 70] - 6441, [1, 3, 23, 25, 33, 39, 42, 52, 53, 60, 61, 65, 67, 69, 70] - 6871]
melhor indiv??duo da gera????o:[1, 3, 13, 23, 33, 47, 55, 58, 62, 70] - 3664
gera????o: 4: 
[[1, 3, 13, 23, 33, 47, 55, 58, 62, 70] - 3664, [1, 3, 12, 22, 25, 26, 34, 35, 49, 58, 62, 70] - 4005, [1, 3, 5, 12, 13, 31, 41, 44, 56, 57, 70] - 4256, [1, 3, 23, 31, 32, 39, 50, 53, 61, 63, 70] - 4289, [1, 3, 23, 31, 41, 46, 49, 58, 62, 70] - 4437, [1, 2, 9, 21, 22, 33, 40, 41, 44, 45, 57, 70] - 4510, [1, 4, 10, 11, 21, 22, 24, 26, 33, 49, 58, 62, 70] - 4668, [1, 3, 13, 22, 33, 41, 46, 47, 56, 63, 70] - 4728, [1, 3, 23, 25, 26, 34, 41, 47, 49, 55, 58, 62, 70] - 4834, [1, 3, 13, 40, 44, 56, 60, 61, 63, 70] - 4898, [1, 4, 10, 20, 21, 23, 25, 33, 34, 46, 47, 55, 58, 62, 70] - 4939, [1, 3, 5, 6, 14, 24, 34, 41, 46, 49, 58, 62, 70] - 5107, [1, 3, 12, 14, 22, 25, 26, 31, 40, 41, 44, 45, 56, 57, 70] - 5266, [1, 2, 4, 11, 20, 32, 39, 53, 61, 65, 67, 69, 70] - 6065, [1, 2, 9, 13, 14, 22, 24, 28, 34, 41, 44, 54, 56, 60, 61, 63, 70] - 6280, [1, 2, 4, 11, 20, 32, 40, 44, 50, 53, 60, 64, 65, 67, 69, 70] - 6445, [1, 3, 23, 25, 33, 39, 42, 52, 53, 60, 61, 65, 67, 69, 70] - 6871]
melhor indiv??duo da gera????o:[1, 3, 13, 23, 33, 47, 55, 58, 62, 70] - 3664
gera????o: 5: 
[[1, 3, 12, 22, 25, 26, 34, 35, 49, 58, 62, 70] - 4005, [1, 3, 5, 12, 13, 31, 41, 44, 56, 57, 70] - 4256, [1, 4, 11, 21, 23, 25, 33, 46, 49, 58, 62, 70] - 4376, [1, 3, 9, 21, 31, 41, 46, 49, 58, 62, 70] - 4454, [1, 4, 10, 11, 21, 22, 24, 26, 33, 49, 58, 62, 70] - 4668, [1, 2, 4, 11, 21, 22, 23, 25, 26, 34, 41, 45, 57, 70] - 4713, [1, 2, 3, 5, 12, 13, 40, 41, 45, 47, 56, 57, 70] - 4742, [1, 2, 3, 12, 22, 23, 25, 26, 33, 34, 46, 49, 55, 58, 62, 70] - 4806, [1, 3, 13, 40, 44, 56, 60, 61, 63, 70] - 4898, [1, 3, 5, 12, 22, 24, 27, 35, 36, 48, 58, 62, 70] - 4975, [1, 3, 5, 6, 14, 24, 34, 41, 46, 49, 58, 62, 70] - 5107, [1, 3, 12, 14, 22, 25, 26, 31, 40, 41, 44, 45, 56, 57, 70] - 5266, [1, 3, 13, 40, 41, 45, 56, 61, 65, 66, 67, 69, 70] - 5655, [1, 4, 11, 21, 22, 23, 31, 41, 44, 50, 53, 60, 64, 65, 68, 70] - 5917, [1, 2, 4, 11, 20, 32, 39, 53, 61, 65, 67, 69, 70] - 6065, [1, 4, 10, 20, 29, 38, 43, 51, 59, 64, 65, 67, 69, 70] - 6070, [1, 2, 4, 11, 20, 32, 40, 44, 50, 53, 60, 64, 65, 67, 69, 70] - 6445, [1, 2, 4, 10, 11, 20, 21, 23, 31, 32, 39, 56, 60, 64, 66, 67, 69, 70] - 7009]
melhor indiv??duo da gera????o:[1, 3, 12, 22, 25, 26, 34, 35, 49, 58, 62, 70] - 4005
gera????o: 6: 
[[1, 3, 5, 12, 22, 25, 26, 34, 46, 47, 55, 57, 70] - 3822, [1, 3, 12, 13, 31, 40, 44, 56, 57, 70] - 3978, [1, 3, 13, 22, 25, 33, 46, 49, 58, 62, 70] - 4055, [1, 3, 5, 12, 13, 31, 41, 44, 56, 57, 70] - 4256, [1, 4, 11, 21, 23, 25, 33, 46, 49, 58, 62, 70] - 4376, [1, 2, 3, 23, 25, 26, 28, 36, 49, 58, 62, 70] - 4489, [1, 4, 10, 11, 21, 22, 24, 26, 33, 49, 58, 62, 70] - 4668, [1, 2, 3, 5, 12, 13, 40, 41, 45, 47, 56, 57, 70] - 4742, [1, 3, 12, 14, 22, 25, 26, 33, 39, 56, 63, 70] - 4875, [1, 3, 5, 12, 22, 24, 27, 35, 36, 48, 58, 62, 70] - 4975, [1, 3, 12, 22, 24, 27, 35, 36, 48, 49, 58, 62, 70] - 5044, [1, 2, 4, 11, 21, 22, 24, 36, 48, 49, 58, 62, 70] - 5113, [1, 2, 4, 11, 21, 23, 33, 41, 46, 47, 55, 56, 57, 70] - 5288, [1, 3, 12, 14, 24, 34, 35, 36, 48, 49, 55, 56, 61, 63, 70] - 5694, [1, 3, 13, 23, 31, 40, 44, 53, 54, 61, 65, 67, 68, 70] - 5898, [1, 2, 9, 21, 31, 40, 44, 56, 60, 65, 66, 67, 69, 70] - 5968, [1, 4, 10, 20, 29, 38, 43, 51, 59, 64, 65, 67, 69, 70] - 6070, [1, 2, 4, 11, 20, 32, 40, 44, 50, 53, 60, 64, 65, 67, 69, 70] - 6445]
melhor indiv??duo da gera????o:[1, 3, 5, 12, 22, 25, 26, 34, 46, 47, 55, 57, 70] - 3822
gera????o: 7: 
[[1, 2, 3, 12, 13, 40, 41, 45, 57, 70] - 3941, [1, 3, 13, 22, 25, 33, 46, 49, 58, 62, 70] - 4055, [1, 2, 9, 11, 21, 22, 23, 33, 40, 44, 54, 61, 63, 70] - 4221, [1, 4, 11, 21, 23, 25, 33, 46, 49, 58, 62, 70] - 4376, [1, 2, 3, 23, 25, 26, 28, 36, 49, 58, 62, 70] - 4489, [1, 4, 10, 11, 21, 22, 24, 26, 33, 49, 58, 62, 70] - 4668, [1, 2, 3, 5, 12, 13, 40, 41, 45, 47, 56, 57, 70] - 4742, [1, 2, 3, 12, 22, 25, 26, 28, 34, 41, 45, 56, 57, 70] - 4785, [1, 3, 12, 13, 14, 25, 26, 34, 41, 47, 56, 63, 70] - 4948, [1, 4, 10, 20, 21, 23, 31, 32, 39, 53, 61, 63, 70] - 4978, [1, 2, 9, 11, 20, 37, 42, 43, 51, 59, 60, 65, 68, 70] - 5080, [1, 3, 9, 21, 23, 33, 39, 42, 50, 53, 61, 63, 70] - 5219, [1, 2, 4, 11, 21, 23, 33, 41, 46, 47, 55, 56, 57, 70] - 5288, [1, 2, 3, 9, 13, 14, 17, 24, 26, 33, 34, 35, 49, 58, 62, 70] - 5411, [1, 3, 9, 13, 31, 41, 44, 50, 53, 54, 56, 60, 61, 63, 70] - 5674, [1, 4, 11, 21, 31, 32, 37, 42, 51, 59, 66, 67, 69, 70] - 5859, [1, 2, 9, 21, 31, 40, 44, 56, 60, 65, 66, 67, 69, 70] - 5968, [1, 2, 4, 11, 20, 32, 40, 44, 50, 53, 60, 64, 65, 67, 69, 70] - 6445]
melhor indiv??duo da gera????o:[1, 2, 3, 12, 13, 40, 41, 45, 57, 70] - 3941
gera????o: 8: 
[[1, 2, 3, 12, 13, 40, 41, 45, 57, 70] - 3941, [1, 2, 9, 13, 40, 41, 45, 47, 55, 58, 62, 70] - 4017, [1, 2, 9, 11, 21, 22, 23, 33, 40, 44, 54, 61, 63, 70] - 4221, [1, 2, 9, 13, 40, 41, 46, 49, 55, 57, 70] - 4400, [1, 2, 3, 23, 25, 26, 28, 36, 49, 58, 62, 70] - 4489, [1, 4, 10, 20, 31, 32, 39, 56, 61, 63, 70] - 4675, [1, 2, 3, 5, 12, 13, 40, 41, 45, 47, 56, 57, 70] - 4742, [1, 2, 9, 11, 21, 22, 24, 36, 48, 49, 58, 62, 70] - 4793, [1, 4, 10, 11, 21, 22, 23, 33, 34, 46, 49, 55, 56, 63, 70] - 4896, [1, 3, 12, 13, 14, 25, 26, 34, 41, 47, 56, 63, 70] - 4948, [1, 2, 9, 11, 20, 37, 42, 43, 51, 59, 60, 65, 68, 70] - 5080, [1, 3, 9, 21, 23, 33, 39, 42, 50, 53, 61, 63, 70] - 5219, [1, 4, 11, 20, 30, 31, 32, 40, 41, 47, 55, 56, 63, 70] - 5295, [1, 3, 9, 13, 31, 41, 44, 50, 53, 54, 56, 60, 61, 63, 70] - 5674, [1, 4, 11, 21, 31, 32, 37, 42, 51, 59, 66, 67, 69, 70] - 5859, [1, 2, 4, 11, 20, 32, 37, 42, 43, 51, 59, 60, 61, 68, 70] - 5961, [1, 3, 13, 22, 24, 26, 31, 32, 40, 41, 45, 47, 56, 57, 70] - 6006, [1, 2, 4, 10, 20, 39, 44, 53, 54, 56, 60, 64, 65, 68, 70] - 6366]
melhor indiv??duo da gera????o:[1, 2, 3, 12, 13, 40, 41, 45, 57, 70] - 3941
gera????o: 9: 
[[1, 2, 9, 13, 40, 41, 45, 47, 55, 58, 62, 70] - 4017, [1, 3, 23, 25, 33, 47, 55, 56, 57, 70] - 4289, [1, 2, 9, 11, 21, 22, 24, 34, 46, 47, 55, 57, 70] - 4458, [1, 4, 10, 11, 20, 30, 32, 40, 41, 47, 55, 57, 70] - 4567, [1, 4, 11, 21, 22, 23, 31, 40, 41, 45, 56, 57, 70] - 4668, [1, 3, 12, 13, 14, 25, 26, 34, 41, 47, 55, 58, 62, 70] - 4695, [1, 2, 3, 5, 12, 13, 40, 41, 45, 47, 56, 57, 70] - 4742, [1, 2, 9, 11, 21, 22, 24, 36, 48, 49, 58, 62, 70] - 4793, [1, 3, 12, 13, 14, 25, 26, 34, 41, 47, 56, 63, 70] - 4948, [1, 2, 9, 11, 20, 37, 42, 43, 51, 59, 60, 65, 68, 70] - 5080, [1, 3, 9, 21, 23, 33, 39, 42, 50, 53, 61, 63, 70] - 5219, [1, 3, 12, 13, 23, 25, 33, 39, 44, 55, 56, 63, 70] - 5357, [1, 3, 9, 13, 31, 41, 44, 50, 53, 54, 56, 60, 61, 63, 70] - 5674, [1, 4, 10, 11, 21, 31, 32, 39, 42, 43, 51, 59, 64, 67, 69, 70] - 5815, [1, 2, 4, 11, 20, 37, 38, 43, 51, 59, 64, 66, 67, 69, 70] - 5901, [1, 3, 13, 22, 24, 26, 31, 32, 40, 41, 45, 47, 56, 57, 70] - 6006, [1, 2, 4, 11, 20, 29, 37, 38, 43, 51, 59, 64, 66, 67, 68, 70] - 6294, [1, 2, 9, 21, 22, 25, 33, 41, 47, 56, 60, 64, 65, 67, 68, 70] - 6841]
melhor indiv??duo da gera????o:[1, 2, 9, 13, 40, 41, 45, 47, 55, 58, 62, 70] - 4017
gera????o: 10: 
[[1, 3, 23, 33, 40, 44, 45, 56, 63, 70] - 4100, [1, 3, 9, 21, 23, 25, 33, 47, 55, 56, 63, 70] - 4277, [1, 3, 13, 22, 23, 25, 26, 34, 41, 45, 57, 70] - 4328, [1, 4, 10, 11, 20, 30, 32, 40, 41, 47, 55, 57, 70] - 4567, [1, 3, 12, 13, 14, 25, 26, 34, 41, 47, 55, 58, 62, 70] - 4695, [1, 2, 3, 5, 12, 13, 40, 41, 45, 47, 56, 57, 70] - 4742, [1, 3, 9, 13, 14, 24, 34, 35, 49, 58, 62, 70] - 4791, [1, 3, 13, 23, 25, 33, 34, 41, 47, 49, 58, 62, 70] - 4915, [1, 4, 10, 20, 21, 23, 25, 33, 40, 41, 47, 55, 57, 70] - 5005, [1, 2, 9, 11, 20, 39, 44, 50, 53, 54, 56, 61, 68, 70] - 5215, [1, 3, 9, 21, 23, 33, 39, 42, 50, 53, 61, 63, 70] - 5219, [1, 4, 11, 20, 21, 22, 23, 31, 41, 45, 56, 57, 70] - 5326, [1, 3, 9, 13, 31, 41, 44, 50, 53, 54, 56, 60, 61, 63, 70] - 5674, [1, 4, 10, 11, 21, 31, 32, 39, 42, 43, 51, 59, 64, 67, 69, 70] - 5815, [1, 2, 4, 11, 20, 37, 38, 43, 51, 59, 64, 66, 67, 69, 70] - 5901, [1, 3, 13, 22, 24, 26, 31, 32, 40, 41, 45, 47, 56, 57, 70] - 6006, [1, 2, 4, 11, 20, 29, 37, 38, 43, 51, 59, 64, 66, 67, 68, 70] - 6294, [1, 2, 9, 21, 22, 25, 33, 41, 47, 56, 60, 64, 65, 67, 68, 70] - 6841]
melhor indiv??duo da gera????o:[1, 3, 23, 33, 40, 44, 45, 56, 63, 70] - 4100
melhor valor ?? da gera????o 3!!!!
______________________________________________________________________________________________________________________________
