gera????o: 1: 
[[1, 3, 12, 14, 26, 28, 35, 49, 55, 56, 61, 65, 66, 67, 69, 70] - 6369, [1, 2, 3, 13, 14, 22, 25, 33, 34, 46, 49, 55, 56, 63, 70] - 5086, [1, 3, 5, 6, 8, 15, 16, 17, 18, 24, 34, 41, 45, 47, 55, 56, 61, 65, 66, 67, 68, 70] - 7900, [1, 2, 9, 21, 22, 25, 26, 34, 35, 49, 55, 56, 57, 70] - 4932, [1, 3, 5, 12, 13, 21, 22, 24, 36, 48, 58, 62, 70] - 4891, [1, 2, 9, 11, 20, 31, 33, 47, 49, 58, 62, 70] - 4402, [1, 2, 3, 5, 6, 12, 22, 33, 34, 46, 49, 58, 62, 70] - 4212, [1, 3, 23, 33, 47, 56, 63, 70] - 3824, [1, 2, 9, 21, 23, 33, 40, 44, 54, 56, 63, 70] - 4051, [1, 3, 9, 11, 20, 39, 53, 54, 56, 60, 65, 67, 69, 70] - 6449, [1, 3, 12, 14, 26, 33, 46, 47, 49, 58, 62, 70] - 4483, [1, 3, 5, 12, 14, 25, 26, 34, 41, 45, 47, 49, 55, 57, 70] - 4728, [1, 3, 9, 11, 20, 29, 38, 43, 52, 60, 61, 65, 66, 67, 69, 70] - 6824, [1, 3, 23, 31, 32, 40, 44, 56, 61, 63, 70] - 4135, [1, 4, 11, 20, 31, 32, 40, 41, 46, 49, 55, 58, 62, 70] - 5454, [1, 2, 9, 11, 20, 30, 32, 40, 44, 50, 53, 60, 65, 67, 68, 70] - 6124, [1, 4, 10, 20, 32, 39, 56, 63, 70] - 4243, [1, 3, 5, 12, 22, 23, 33, 34, 35, 36, 48, 49, 58, 62, 70] - 4675, [1, 2, 9, 11, 21, 31, 40, 41, 47, 55, 56, 57, 70] - 4615, [1, 2, 4, 10, 11, 21, 22, 23, 31, 40, 44, 53, 61, 65, 68, 70] - 5478]
melhor indiv??duo da gera????o:[1, 3, 23, 33, 47, 56, 63, 70] - 3824
gera????o: 2: 
[[1, 2, 3, 13, 14, 22, 25, 33, 34, 46, 49, 55, 56, 63, 70] - 5086, [1, 2, 9, 21, 22, 25, 26, 34, 35, 49, 55, 56, 57, 70] - 4932, [1, 2, 9, 11, 20, 31, 33, 47, 49, 58, 62, 70] - 4402, [1, 3, 23, 33, 47, 56, 63, 70] - 3824, [1, 3, 9, 11, 20, 39, 53, 54, 56, 60, 65, 67, 69, 70] - 6449, [1, 3, 5, 12, 14, 25, 26, 34, 41, 45, 47, 49, 55, 57, 70] - 4728, [1, 3, 23, 31, 32, 40, 44, 56, 61, 63, 70] - 4135, [1, 2, 9, 11, 20, 30, 32, 40, 44, 50, 53, 60, 65, 67, 68, 70] - 6124, [1, 3, 5, 12, 22, 23, 33, 34, 35, 36, 48, 49, 58, 62, 70] - 4675, [1, 2, 4, 10, 11, 21, 22, 23, 31, 40, 44, 53, 61, 65, 68, 70] - 5478, [1, 2, 3, 23, 31, 32, 37, 42, 52, 53, 60, 64, 65, 67, 68, 70] - 6522, [1, 3, 9, 13, 23, 25, 33, 49, 55, 56, 60, 65, 66, 67, 68, 70] - 6813, [1, 2, 9, 21, 22, 25, 26, 28, 36, 49, 55, 56, 60, 64, 65, 67, 69, 70] - 7223, [1, 4, 11, 20, 29, 37, 38, 43, 52, 53, 61, 68, 70] - 5657, [1, 3, 13, 22, 24, 27, 35, 36, 49, 58, 62, 70] - 5009, [1, 3, 12, 13, 40, 44, 50, 53, 61, 68, 70] - 4549, [1, 4, 10, 20, 37, 39, 44, 53, 61, 65, 68, 70] - 5307, [1, 2, 3, 23, 25, 26, 33, 39, 56, 57, 70] - 5173]
melhor indiv??duo da gera????o:[1, 3, 23, 33, 47, 56, 63, 70] - 3824
gera????o: 3: 
[[1, 2, 9, 21, 22, 25, 26, 34, 35, 49, 55, 56, 57, 70] - 4932, [1, 3, 23, 33, 47, 56, 63, 70] - 3824, [1, 3, 5, 12, 14, 25, 26, 34, 41, 45, 47, 49, 55, 57, 70] - 4728, [1, 2, 9, 11, 20, 30, 32, 40, 44, 50, 53, 60, 65, 67, 68, 70] - 6124, [1, 2, 4, 10, 11, 21, 22, 23, 31, 40, 44, 53, 61, 65, 68, 70] - 5478, [1, 3, 9, 13, 23, 25, 33, 49, 55, 56, 60, 65, 66, 67, 68, 70] - 6813, [1, 4, 11, 20, 29, 37, 38, 43, 52, 53, 61, 68, 70] - 5657, [1, 3, 12, 13, 40, 44, 50, 53, 61, 68, 70] - 4549, [1, 2, 3, 23, 25, 26, 33, 39, 56, 57, 70] - 5173, [1, 4, 10, 11, 20, 39, 44, 56, 61, 65, 67, 69, 70] - 5889, [1, 4, 10, 11, 21, 31, 32, 40, 41, 46, 47, 55, 57, 70] - 4596, [1, 2, 9, 13, 14, 25, 33, 41, 46, 47, 56, 60, 65, 67, 68, 70] - 7092, [1, 3, 13, 40, 44, 45, 56, 63, 70] - 3913, [1, 4, 10, 20, 29, 38, 43, 51, 59, 60, 65, 67, 68, 70] - 5971, [1, 2, 3, 9, 13, 23, 33, 47, 56, 63, 70] - 4133, [1, 4, 11, 20, 30, 31, 32, 37, 39, 42, 51, 59, 60, 65, 68, 70] - 6337]
melhor indiv??duo da gera????o:[1, 3, 23, 33, 47, 56, 63, 70] - 3824
gera????o: 4: 
[[1, 3, 23, 33, 47, 56, 63, 70] - 3824, [1, 2, 9, 11, 20, 30, 32, 40, 44, 50, 53, 60, 65, 67, 68, 70] - 6124, [1, 3, 9, 13, 23, 25, 33, 49, 55, 56, 60, 65, 66, 67, 68, 70] - 6813, [1, 3, 12, 13, 40, 44, 50, 53, 61, 68, 70] - 4549, [1, 4, 10, 11, 20, 39, 44, 56, 61, 65, 67, 69, 70] - 5889, [1, 2, 9, 13, 14, 25, 33, 41, 46, 47, 56, 60, 65, 67, 68, 70] - 7092, [1, 4, 10, 20, 29, 38, 43, 51, 59, 60, 65, 67, 68, 70] - 5971, [1, 4, 11, 20, 30, 31, 32, 37, 39, 42, 51, 59, 60, 65, 68, 70] - 6337, [1, 2, 4, 10, 20, 31, 40, 44, 53, 54, 61, 68, 70] - 5081, [1, 2, 3, 9, 21, 22, 24, 28, 36, 48, 58, 62, 70] - 4939, [1, 4, 10, 11, 20, 37, 39, 50, 53, 54, 61, 68, 70] - 4774, [1, 4, 11, 21, 23, 31, 41, 44, 55, 57, 70] - 4608, [1, 3, 12, 14, 26, 33, 46, 47, 56, 60, 61, 65, 68, 70] - 6407, [1, 3, 13, 21, 23, 31, 40, 44, 45, 57, 70] - 4172, [1, 2, 4, 11, 20, 29, 38, 43, 51, 59, 60, 65, 66, 67, 68, 70] - 6650]
melhor indiv??duo da gera????o:[1, 3, 23, 33, 47, 56, 63, 70] - 3824
gera????o: 5: 
[[1, 2, 9, 11, 20, 30, 32, 40, 44, 50, 53, 60, 65, 67, 68, 70] - 6124, [1, 3, 12, 13, 40, 44, 50, 53, 61, 68, 70] - 4549, [1, 2, 9, 13, 14, 25, 33, 41, 46, 47, 56, 60, 65, 67, 68, 70] - 7092, [1, 4, 11, 20, 30, 31, 32, 37, 39, 42, 51, 59, 60, 65, 68, 70] - 6337, [1, 2, 3, 9, 21, 22, 24, 28, 36, 48, 58, 62, 70] - 4939, [1, 4, 11, 21, 23, 31, 41, 44, 55, 57, 70] - 4608, [1, 3, 13, 21, 23, 31, 40, 44, 45, 57, 70] - 4172, [1, 3, 12, 22, 24, 36, 48, 58, 62, 70] - 4537, [1, 3, 12, 22, 33, 39, 56, 60, 65, 66, 67, 69, 70] - 6727, [1, 4, 10, 11, 20, 30, 31, 33, 39, 40, 44, 55, 58, 62, 70] - 5670, [1, 4, 11, 20, 31, 40, 41, 45, 57, 70] - 4535, [1, 3, 23, 33, 41, 45, 56, 61, 68, 70] - 4254, [1, 4, 11, 21, 23, 31, 41, 46, 49, 58, 62, 70] - 4767, [1, 2, 3, 23, 31, 32, 40, 44, 50, 53, 54, 56, 61, 65, 68, 70] - 5353]
melhor indiv??duo da gera????o:[1, 3, 13, 21, 23, 31, 40, 44, 45, 57, 70] - 4172
gera????o: 6: 
[[1, 3, 12, 13, 40, 44, 50, 53, 61, 68, 70] - 4549, [1, 4, 11, 20, 30, 31, 32, 37, 39, 42, 51, 59, 60, 65, 68, 70] - 6337, [1, 4, 11, 21, 23, 31, 41, 44, 55, 57, 70] - 4608, [1, 3, 12, 22, 24, 36, 48, 58, 62, 70] - 4537, [1, 4, 10, 11, 20, 30, 31, 33, 39, 40, 44, 55, 58, 62, 70] - 5670, [1, 3, 23, 33, 41, 45, 56, 61, 68, 70] - 4254, [1, 2, 3, 23, 31, 32, 40, 44, 50, 53, 54, 56, 61, 65, 68, 70] - 5353, [1, 3, 5, 6, 22, 33, 47, 55, 56, 61, 68, 70] - 4552, [1, 3, 9, 21, 31, 40, 41, 46, 47, 55, 57, 70] - 4460, [1, 4, 11, 20, 37, 42, 52, 60, 65, 66, 67, 68, 70] - 6055, [1, 2, 3, 5, 6, 12, 22, 23, 31, 41, 45, 56, 63, 70] - 4187, [1, 3, 13, 31, 41, 46, 49, 55, 56, 60, 65, 66, 67, 68, 70] - 7378, [1, 3, 12, 13, 23, 25, 33, 34, 46, 47, 49, 55, 56, 63, 70] - 5025]
melhor indiv??duo da gera????o:[1, 2, 3, 5, 6, 12, 22, 23, 31, 41, 45, 56, 63, 70] - 4187
gera????o: 7: 
[[1, 4, 11, 20, 30, 31, 32, 37, 39, 42, 51, 59, 60, 65, 68, 70] - 6337, [1, 3, 12, 22, 24, 36, 48, 58, 62, 70] - 4537, [1, 3, 23, 33, 41, 45, 56, 61, 68, 70] - 4254, [1, 3, 5, 6, 22, 33, 47, 55, 56, 61, 68, 70] - 4552, [1, 4, 11, 20, 37, 42, 52, 60, 65, 66, 67, 68, 70] - 6055, [1, 3, 13, 31, 41, 46, 49, 55, 56, 60, 65, 66, 67, 68, 70] - 7378, [1, 3, 9, 21, 31, 32, 39, 42, 51, 59, 66, 67, 68, 70] - 6011, [1, 4, 10, 20, 37, 39, 50, 53, 60, 64, 65, 67, 68, 70] - 5938, [1, 4, 11, 21, 22, 33, 46, 49, 58, 62, 70] - 4342, [1, 3, 23, 33, 49, 58, 62, 70] - 3457, [1, 2, 4, 10, 20, 21, 22, 24, 36, 48, 58, 62, 70] - 5388, [1, 3, 12, 22, 24, 34, 46, 49, 55, 56, 63, 70] - 4869]
melhor indiv??duo da gera????o:[1, 3, 23, 33, 49, 58, 62, 70] - 3457
gera????o: 8: 
[[1, 3, 12, 22, 24, 36, 48, 58, 62, 70] - 4537, [1, 3, 5, 6, 22, 33, 47, 55, 56, 61, 68, 70] - 4552, [1, 3, 13, 31, 41, 46, 49, 55, 56, 60, 65, 66, 67, 68, 70] - 7378, [1, 4, 10, 20, 37, 39, 50, 53, 60, 64, 65, 67, 68, 70] - 5938, [1, 3, 23, 33, 49, 58, 62, 70] - 3457, [1, 3, 12, 22, 24, 34, 46, 49, 55, 56, 63, 70] - 4869, [1, 3, 13, 23, 25, 33, 46, 49, 58, 62, 70] - 4139, [1, 4, 10, 11, 20, 30, 31, 40, 41, 47, 56, 57, 70] - 5280, [1, 3, 5, 6, 12, 22, 23, 25, 33, 39, 40, 41, 45, 57, 70] - 4788, [1, 4, 11, 21, 22, 23, 25, 33, 40, 41, 46, 47, 49, 58, 62, 70] - 5464, [1, 3, 12, 22, 23, 31, 33, 47, 56, 60, 64, 65, 68, 70] - 5799]
melhor indiv??duo da gera????o:[1, 3, 23, 33, 49, 58, 62, 70] - 3457
gera????o: 9: 
[[1, 3, 5, 6, 22, 33, 47, 55, 56, 61, 68, 70] - 4552, [1, 4, 10, 20, 37, 39, 50, 53, 60, 64, 65, 67, 68, 70] - 5938, [1, 3, 12, 22, 24, 34, 46, 49, 55, 56, 63, 70] - 4869, [1, 4, 10, 11, 20, 30, 31, 40, 41, 47, 56, 57, 70] - 5280, [1, 4, 11, 21, 22, 23, 25, 33, 40, 41, 46, 47, 49, 58, 62, 70] - 5464, [1, 3, 5, 6, 12, 22, 33, 49, 58, 62, 70] - 3573, [1, 2, 3, 5, 6, 14, 22, 33, 46, 47, 49, 58, 62, 70] - 4441, [1, 3, 12, 13, 31, 32, 40, 44, 55, 58, 62, 70] - 4204, [1, 3, 5, 6, 14, 25, 26, 34, 41, 44, 45, 56, 61, 68, 70] - 5083, [1, 4, 10, 20, 32, 40, 41, 45, 57, 70] - 4102]
melhor indiv??duo da gera????o:[1, 3, 5, 6, 12, 22, 33, 49, 58, 62, 70] - 3573
gera????o: 10: 
[[1, 4, 10, 20, 37, 39, 50, 53, 60, 64, 65, 67, 68, 70] - 5938, [1, 4, 10, 11, 20, 30, 31, 40, 41, 47, 56, 57, 70] - 5280, [1, 3, 5, 6, 12, 22, 33, 49, 58, 62, 70] - 3573, [1, 3, 12, 13, 31, 32, 40, 44, 55, 58, 62, 70] - 4204, [1, 4, 10, 20, 32, 40, 41, 45, 57, 70] - 4102, [1, 3, 12, 14, 24, 28, 36, 48, 49, 55, 57, 70] - 4676, [1, 3, 5, 12, 14, 25, 33, 34, 35, 36, 49, 58, 62, 70] - 4662, [1, 4, 10, 20, 31, 41, 45, 56, 63, 70] - 4254, [1, 4, 10, 11, 20, 37, 38, 43, 52, 60, 61, 68, 70] - 5458]
melhor indiv??duo da gera????o:[1, 3, 5, 6, 12, 22, 33, 49, 58, 62, 70] - 3573
gera????o: 11: 
[[1, 4, 10, 11, 20, 30, 31, 40, 41, 47, 56, 57, 70] - 5280, [1, 3, 12, 13, 31, 32, 40, 44, 55, 58, 62, 70] - 4204, [1, 3, 12, 14, 24, 28, 36, 48, 49, 55, 57, 70] - 4676, [1, 4, 10, 20, 31, 41, 45, 56, 63, 70] - 4254, [1, 2, 3, 12, 22, 25, 26, 33, 41, 45, 57, 70] - 4095, [1, 3, 23, 31, 32, 40, 44, 45, 57, 70] - 4031, [1, 3, 12, 22, 33, 49, 58, 62, 70] - 3511, [1, 2, 9, 21, 22, 25, 33, 34, 46, 49, 55, 57, 70] - 4267, [1, 2, 3, 5, 6, 17, 24, 34, 46, 47, 56, 61, 68, 70] - 4994]
melhor indiv??duo da gera????o:[1, 3, 12, 22, 33, 49, 58, 62, 70] - 3511
gera????o: 12: 
[[1, 3, 12, 13, 31, 32, 40, 44, 55, 58, 62, 70] - 4204, [1, 4, 10, 20, 31, 41, 45, 56, 63, 70] - 4254, [1, 3, 23, 31, 32, 40, 44, 45, 57, 70] - 4031, [1, 2, 9, 21, 22, 25, 33, 34, 46, 49, 55, 57, 70] - 4267, [1, 4, 11, 20, 21, 23, 33, 47, 49, 55, 57, 70] - 4823, [1, 3, 9, 13, 22, 25, 33, 47, 49, 58, 62, 70] - 3971, [1, 2, 9, 21, 23, 31, 33, 34, 35, 36, 49, 55, 57, 70] - 4891, [1, 3, 5, 12, 13, 23, 31, 32, 37, 38, 43, 52, 53, 60, 65, 67, 69, 70] - 6524, [1, 2, 9, 21, 31, 41, 47, 55, 57, 70] - 3867]
melhor indiv??duo da gera????o:[1, 2, 9, 21, 31, 41, 47, 55, 57, 70] - 3867
gera????o: 13: 
[[1, 4, 10, 20, 31, 41, 45, 56, 63, 70] - 4254, [1, 2, 9, 21, 22, 25, 33, 34, 46, 49, 55, 57, 70] - 4267, [1, 3, 9, 13, 22, 25, 33, 47, 49, 58, 62, 70] - 3971, [1, 3, 5, 12, 13, 23, 31, 32, 37, 38, 43, 52, 53, 60, 65, 67, 69, 70] - 6524, [1, 4, 10, 11, 21, 31, 33, 41, 47, 56, 60, 64, 66, 67, 69, 70] - 6347, [1, 2, 9, 13, 23, 33, 47, 56, 57, 70] - 4083, [1, 4, 11, 20, 31, 33, 47, 49, 55, 57, 70] - 4729, [1, 4, 10, 11, 20, 32, 40, 44, 53, 61, 63, 70] - 4820, [1, 3, 23, 25, 33, 40, 44, 45, 56, 61, 63, 70] - 4473]
melhor indiv??duo da gera????o:[1, 3, 9, 13, 22, 25, 33, 47, 49, 58, 62, 70] - 3971
gera????o: 14: 
[[1, 2, 9, 21, 22, 25, 33, 34, 46, 49, 55, 57, 70] - 4267, [1, 3, 5, 12, 13, 23, 31, 32, 37, 38, 43, 52, 53, 60, 65, 67, 69, 70] - 6524, [1, 2, 9, 13, 23, 33, 47, 56, 57, 70] - 4083, [1, 4, 10, 11, 20, 32, 40, 44, 53, 61, 63, 70] - 4820, [1, 3, 12, 22, 25, 26, 31, 40, 44, 50, 53, 54, 61, 63, 70] - 4852, [1, 3, 13, 21, 23, 25, 33, 47, 49, 55, 56, 60, 65, 68, 70] - 6052, [1, 2, 9, 21, 23, 25, 33, 47, 49, 55, 58, 62, 70] - 4176, [1, 4, 10, 20, 32, 37, 39, 44, 45, 47, 56, 61, 65, 68, 70] - 6046, [1, 4, 10, 20, 21, 31, 32, 37, 42, 52, 53, 54, 61, 68, 70] - 5472]
melhor indiv??duo da gera????o:[1, 2, 9, 13, 23, 33, 47, 56, 57, 70] - 4083
gera????o: 15: 
[[1, 3, 5, 12, 13, 23, 31, 32, 37, 38, 43, 52, 53, 60, 65, 67, 69, 70] - 6524, [1, 4, 10, 11, 20, 32, 40, 44, 53, 61, 63, 70] - 4820, [1, 3, 13, 21, 23, 25, 33, 47, 49, 55, 56, 60, 65, 68, 70] - 6052, [1, 4, 10, 20, 32, 37, 39, 44, 45, 47, 56, 61, 65, 68, 70] - 6046, [1, 3, 12, 13, 31, 40, 41, 44, 50, 53, 61, 63, 70] - 4501, [1, 4, 11, 20, 32, 40, 41, 44, 54, 56, 63, 70] - 4698, [1, 4, 11, 21, 31, 32, 39, 44, 55, 56, 63, 70] - 4978, [1, 2, 3, 9, 13, 22, 24, 26, 33, 40, 44, 54, 56, 57, 70] - 5415, [1, 3, 23, 31, 32, 40, 44, 56, 60, 65, 67, 68, 70] - 6118]
melhor indiv??duo da gera????o:[1, 3, 12, 13, 31, 40, 41, 44, 50, 53, 61, 63, 70] - 4501
gera????o: 16: 
[[1, 4, 10, 11, 20, 32, 40, 44, 53, 61, 63, 70] - 4820, [1, 4, 10, 20, 32, 37, 39, 44, 45, 47, 56, 61, 65, 68, 70] - 6046, [1, 4, 11, 20, 32, 40, 41, 44, 54, 56, 63, 70] - 4698, [1, 2, 3, 9, 13, 22, 24, 26, 33, 40, 44, 54, 56, 57, 70] - 5415, [1, 3, 23, 31, 40, 44, 56, 60, 64, 66, 67, 69, 70] - 5663, [1, 2, 3, 9, 21, 23, 25, 33, 47, 49, 58, 62, 70] - 4238, [1, 4, 11, 20, 32, 37, 38, 43, 52, 59, 64, 66, 67, 69, 70] - 6742, [1, 4, 10, 11, 21, 22, 24, 34, 46, 47, 56, 63, 70] - 5018, [1, 2, 9, 11, 20, 39, 50, 53, 61, 65, 67, 68, 70] - 5799]
melhor indiv??duo da gera????o:[1, 2, 3, 9, 21, 23, 25, 33, 47, 49, 58, 62, 70] - 4238
gera????o: 17: 
[[1, 4, 10, 20, 32, 37, 39, 44, 45, 47, 56, 61, 65, 68, 70] - 6046, [1, 2, 3, 9, 13, 22, 24, 26, 33, 40, 44, 54, 56, 57, 70] - 5415, [1, 2, 3, 9, 21, 23, 25, 33, 47, 49, 58, 62, 70] - 4238, [1, 4, 10, 11, 21, 22, 24, 34, 46, 47, 56, 63, 70] - 5018, [1, 3, 13, 21, 23, 33, 49, 58, 62, 70] - 3708, [1, 3, 23, 25, 33, 40, 41, 44, 50, 53, 60, 61, 63, 70] - 5286, [1, 3, 23, 31, 41, 44, 55, 57, 70] - 4278, [1, 4, 11, 20, 37, 42, 50, 53, 54, 61, 65, 67, 69, 70] - 5932, [1, 4, 11, 20, 21, 22, 25, 33, 46, 49, 58, 62, 70] - 5055]
melhor indiv??duo da gera????o:[1, 3, 13, 21, 23, 33, 49, 58, 62, 70] - 3708
gera????o: 18: 
[[1, 2, 3, 9, 13, 22, 24, 26, 33, 40, 44, 54, 56, 57, 70] - 5415, [1, 4, 10, 11, 21, 22, 24, 34, 46, 47, 56, 63, 70] - 5018, [1, 3, 23, 25, 33, 40, 41, 44, 50, 53, 60, 61, 63, 70] - 5286, [1, 4, 11, 20, 37, 42, 50, 53, 54, 61, 65, 67, 69, 70] - 5932, [1, 4, 10, 11, 20, 30, 31, 41, 45, 47, 56, 63, 70] - 4999, [1, 3, 5, 12, 13, 22, 24, 36, 48, 49, 55, 58, 62, 70] - 4983, [1, 4, 11, 20, 32, 39, 53, 61, 68, 70] - 5044, [1, 4, 10, 11, 20, 29, 38, 43, 52, 53, 54, 61, 63, 70] - 5157, [1, 2, 9, 21, 23, 25, 33, 40, 44, 45, 47, 49, 58, 62, 70] - 4688]
melhor indiv??duo da gera????o:[1, 2, 9, 21, 23, 25, 33, 40, 44, 45, 47, 49, 58, 62, 70] - 4688
gera????o: 19: 
[[1, 4, 10, 11, 21, 22, 24, 34, 46, 47, 56, 63, 70] - 5018, [1, 4, 11, 20, 37, 42, 50, 53, 54, 61, 65, 67, 69, 70] - 5932, [1, 3, 5, 12, 13, 22, 24, 36, 48, 49, 55, 58, 62, 70] - 4983, [1, 4, 10, 11, 20, 29, 38, 43, 52, 53, 54, 61, 63, 70] - 5157, [1, 2, 4, 11, 21, 22, 23, 25, 26, 31, 33, 47, 49, 58, 62, 70] - 5215, [1, 4, 11, 20, 31, 41, 45, 56, 57, 70] - 4814, [1, 2, 9, 11, 21, 23, 25, 26, 28, 36, 49, 55, 56, 57, 70] - 5225, [1, 2, 3, 13, 23, 33, 34, 46, 49, 58, 62, 70] - 4189, [1, 2, 9, 11, 20, 32, 40, 41, 47, 49, 55, 56, 63, 70] - 5164]
melhor indiv??duo da gera????o:[1, 2, 3, 13, 23, 33, 34, 46, 49, 58, 62, 70] - 4189
gera????o: 20: 
[[1, 4, 11, 20, 37, 42, 50, 53, 54, 61, 65, 67, 69, 70] - 5932, [1, 4, 10, 11, 20, 29, 38, 43, 52, 53, 54, 61, 63, 70] - 5157, [1, 4, 11, 20, 31, 41, 45, 56, 57, 70] - 4814, [1, 2, 3, 13, 23, 33, 34, 46, 49, 58, 62, 70] - 4189, [1, 2, 3, 5, 12, 13, 21, 22, 23, 25, 33, 41, 46, 49, 55, 56, 61, 63, 70] - 5678, [1, 4, 10, 11, 21, 22, 24, 28, 36, 49, 58, 62, 70] - 4796, [1, 4, 10, 20, 39, 56, 61, 63, 70] - 4315, [1, 2, 4, 10, 11, 21, 22, 24, 26, 31, 33, 46, 47, 55, 56, 61, 68, 70] - 6688, [1, 2, 3, 13, 40, 41, 44, 50, 53, 54, 56, 60, 65, 66, 67, 68, 70] - 7059]
melhor indiv??duo da gera????o:[1, 2, 3, 13, 23, 33, 34, 46, 49, 58, 62, 70] - 4189
melhor valor ?? da gera????o 11!!!!
______________________________________________________________________________________________________________________________
