gera????o: 1: 
[[1, 3, 5, 12, 13, 31, 33, 49, 58, 62, 70] - 3690, [1, 3, 12, 22, 33, 41, 45, 47, 55, 57, 70] - 3824, [1, 2, 9, 13, 23, 31, 41, 45, 57, 70] - 3875, [1, 3, 5, 12, 13, 22, 25, 26, 34, 46, 49, 55, 57, 70] - 4033, [1, 3, 23, 25, 33, 46, 49, 58, 62, 70] - 4046, [1, 2, 3, 12, 13, 40, 44, 55, 57, 70] - 4079, [1, 3, 13, 31, 32, 40, 41, 47, 49, 58, 62, 70] - 4360, [1, 4, 10, 20, 31, 32, 40, 44, 55, 58, 62, 70] - 4603, [1, 2, 9, 21, 23, 31, 41, 46, 47, 55, 58, 62, 70] - 4622, [1, 3, 9, 13, 31, 40, 41, 44, 53, 54, 61, 63, 70] - 4631, [1, 3, 13, 40, 41, 46, 47, 49, 58, 62, 70] - 4648, [1, 2, 3, 12, 14, 17, 26, 33, 47, 56, 63, 70] - 4689, [1, 3, 9, 13, 21, 23, 31, 41, 46, 49, 55, 58, 62, 70] - 4997, [1, 3, 13, 31, 41, 47, 49, 55, 56, 57, 70] - 4998, [1, 3, 12, 14, 24, 36, 49, 55, 56, 63, 70] - 5036, [1, 3, 13, 21, 23, 31, 33, 34, 46, 47, 55, 56, 57, 70] - 5165, [1, 3, 13, 14, 26, 28, 34, 46, 49, 55, 56, 61, 68, 70] - 5392, [1, 2, 4, 10, 11, 21, 31, 33, 34, 35, 46, 47, 49, 55, 56, 63, 70] - 5551, [1, 3, 5, 12, 13, 23, 31, 32, 37, 42, 50, 53, 60, 61, 68, 70] - 5584, [1, 3, 9, 21, 23, 31, 40, 41, 44, 56, 60, 61, 65, 66, 67, 69, 70] - 7057]
melhor indiv??duo da gera????o:[1, 3, 5, 12, 13, 31, 33, 49, 58, 62, 70] - 3690
gera????o: 2: 
[[1, 3, 5, 12, 13, 31, 33, 49, 58, 62, 70] - 3690, [1, 2, 9, 13, 23, 31, 41, 45, 57, 70] - 3875, [1, 3, 23, 25, 33, 46, 49, 58, 62, 70] - 4046, [1, 3, 23, 33, 40, 44, 45, 56, 63, 70] - 4100, [1, 4, 11, 21, 31, 40, 44, 54, 61, 68, 70] - 4354, [1, 4, 11, 20, 30, 32, 40, 44, 56, 63, 70] - 4420, [1, 4, 11, 21, 22, 33, 40, 44, 45, 56, 63, 70] - 4558, [1, 2, 9, 21, 23, 31, 41, 46, 47, 55, 58, 62, 70] - 4622, [1, 3, 13, 40, 41, 45, 47, 55, 56, 57, 70] - 4645, [1, 2, 3, 12, 14, 17, 26, 33, 47, 56, 63, 70] - 4689, [1, 4, 10, 11, 20, 31, 33, 46, 49, 58, 62, 70] - 4734, [1, 2, 4, 11, 21, 23, 31, 33, 49, 55, 56, 57, 70] - 4927, [1, 3, 9, 13, 21, 23, 31, 41, 46, 49, 55, 58, 62, 70] - 4997, [1, 3, 12, 14, 24, 36, 49, 55, 56, 63, 70] - 5036, [1, 3, 13, 14, 26, 28, 34, 46, 49, 55, 56, 61, 68, 70] - 5392, [1, 2, 4, 10, 11, 21, 31, 33, 34, 35, 46, 47, 49, 55, 56, 63, 70] - 5551, [1, 4, 11, 20, 39, 53, 60, 64, 66, 67, 68, 70] - 5874, [1, 2, 9, 11, 20, 30, 32, 37, 38, 43, 52, 60, 64, 65, 66, 67, 68, 70] - 7015]
melhor indiv??duo da gera????o:[1, 3, 5, 12, 13, 31, 33, 49, 58, 62, 70] - 3690
gera????o: 3: 
[[1, 2, 3, 23, 25, 33, 49, 58, 62, 70] - 3752, [1, 2, 9, 13, 23, 31, 41, 45, 57, 70] - 3875, [1, 3, 23, 33, 40, 44, 45, 56, 63, 70] - 4100, [1, 4, 11, 21, 31, 40, 44, 54, 61, 68, 70] - 4354, [1, 3, 13, 40, 41, 46, 49, 58, 62, 70] - 4388, [1, 2, 4, 10, 20, 31, 40, 44, 55, 57, 70] - 4428, [1, 4, 11, 21, 22, 33, 40, 44, 45, 56, 63, 70] - 4558, [1, 3, 13, 40, 41, 45, 47, 55, 56, 57, 70] - 4645, [1, 4, 10, 11, 20, 31, 33, 46, 49, 58, 62, 70] - 4734, [1, 2, 3, 13, 21, 31, 33, 34, 35, 36, 49, 58, 62, 70] - 4911, [1, 3, 9, 13, 21, 23, 31, 41, 46, 49, 55, 58, 62, 70] - 4997, [1, 4, 11, 20, 31, 41, 45, 56, 61, 68, 70] - 5127, [1, 3, 13, 14, 26, 28, 34, 46, 49, 55, 56, 61, 68, 70] - 5392, [1, 4, 11, 20, 39, 53, 60, 64, 66, 67, 68, 70] - 5874, [1, 4, 11, 20, 30, 32, 39, 50, 53, 54, 56, 60, 65, 67, 68, 70] - 6939, [1, 3, 12, 14, 26, 31, 40, 41, 45, 56, 60, 65, 66, 67, 68, 70] - 7028]
melhor indiv??duo da gera????o:[1, 2, 3, 23, 25, 33, 49, 58, 62, 70] - 3752
gera????o: 4: 
[[1, 2, 9, 13, 23, 31, 41, 45, 57, 70] - 3875, [1, 3, 23, 33, 40, 44, 45, 56, 63, 70] - 4100, [1, 4, 11, 21, 31, 40, 44, 54, 61, 68, 70] - 4354, [1, 2, 4, 10, 20, 31, 40, 44, 55, 57, 70] - 4428, [1, 4, 11, 21, 22, 33, 40, 44, 45, 56, 63, 70] - 4558, [1, 3, 13, 40, 41, 45, 47, 55, 56, 57, 70] - 4645, [1, 3, 23, 25, 26, 31, 40, 44, 56, 57, 70] - 4725, [1, 3, 5, 6, 7, 18, 19, 24, 28, 35, 46, 47, 55, 58, 62, 70] - 4751, [1, 3, 9, 13, 21, 23, 31, 41, 46, 49, 55, 58, 62, 70] - 4997, [1, 3, 13, 14, 26, 28, 34, 46, 49, 55, 56, 61, 68, 70] - 5392, [1, 4, 10, 11, 20, 21, 31, 32, 37, 39, 44, 50, 53, 61, 63, 70] - 5647, [1, 2, 4, 11, 20, 29, 38, 43, 52, 53, 60, 65, 68, 70] - 5991, [1, 4, 10, 20, 32, 37, 39, 56, 61, 65, 67, 68, 70] - 6172, [1, 4, 11, 20, 30, 32, 39, 50, 53, 54, 56, 60, 65, 67, 68, 70] - 6939, [1, 3, 5, 6, 8, 15, 16, 17, 26, 31, 41, 45, 56, 60, 65, 66, 67, 68, 70] - 7579]
melhor indiv??duo da gera????o:[1, 2, 9, 13, 23, 31, 41, 45, 57, 70] - 3875
gera????o: 5: 
[[1, 2, 9, 13, 23, 31, 41, 45, 57, 70] - 3875, [1, 4, 11, 21, 31, 40, 44, 54, 61, 68, 70] - 4354, [1, 4, 11, 21, 22, 33, 40, 44, 45, 56, 63, 70] - 4558, [1, 3, 13, 40, 41, 45, 47, 55, 56, 57, 70] - 4645, [1, 2, 4, 11, 21, 23, 25, 33, 46, 47, 49, 58, 62, 70] - 4713, [1, 3, 5, 6, 7, 18, 19, 24, 28, 35, 46, 47, 55, 58, 62, 70] - 4751, [1, 3, 9, 13, 21, 23, 31, 41, 46, 49, 55, 58, 62, 70] - 4997, [1, 2, 3, 23, 31, 40, 41, 47, 55, 56, 61, 68, 70] - 5183, [1, 2, 9, 11, 20, 21, 23, 25, 26, 28, 34, 46, 47, 56, 63, 70] - 5314, [1, 4, 10, 20, 21, 22, 24, 36, 48, 49, 58, 62, 70] - 5406, [1, 2, 4, 11, 21, 23, 31, 40, 44, 53, 60, 64, 65, 68, 70] - 5678, [1, 2, 4, 11, 20, 29, 38, 43, 52, 53, 60, 65, 68, 70] - 5991, [1, 4, 10, 20, 32, 37, 39, 56, 61, 65, 67, 68, 70] - 6172, [1, 4, 11, 20, 30, 32, 39, 50, 53, 54, 56, 60, 65, 67, 68, 70] - 6939]
melhor indiv??duo da gera????o:[1, 2, 9, 13, 23, 31, 41, 45, 57, 70] - 3875
gera????o: 6: 
[[1, 2, 9, 11, 20, 39, 53, 61, 63, 70] - 4322, [1, 4, 11, 21, 31, 40, 44, 54, 61, 68, 70] - 4354, [1, 4, 11, 21, 22, 33, 40, 44, 45, 56, 63, 70] - 4558, [1, 3, 13, 40, 41, 45, 47, 55, 56, 57, 70] - 4645, [1, 2, 4, 11, 21, 23, 25, 33, 46, 47, 49, 58, 62, 70] - 4713, [1, 2, 4, 10, 20, 30, 31, 41, 47, 49, 55, 57, 70] - 4818, [1, 3, 9, 11, 21, 31, 41, 44, 53, 54, 61, 68, 70] - 4964, [1, 2, 3, 23, 31, 40, 41, 47, 55, 56, 61, 68, 70] - 5183, [1, 4, 10, 20, 21, 22, 24, 36, 48, 49, 58, 62, 70] - 5406, [1, 4, 10, 11, 20, 29, 38, 43, 51, 59, 60, 64, 67, 68, 70] - 5922, [1, 4, 10, 20, 32, 37, 39, 56, 61, 65, 67, 68, 70] - 6172, [1, 4, 11, 20, 30, 32, 39, 50, 53, 54, 56, 60, 65, 67, 68, 70] - 6939, [1, 4, 10, 20, 21, 23, 25, 26, 28, 34, 41, 44, 50, 53, 54, 56, 60, 64, 65, 66, 67, 68, 70] - 8500]
melhor indiv??duo da gera????o:[1, 2, 9, 11, 20, 39, 53, 61, 63, 70] - 4322
gera????o: 7: 
[[1, 3, 13, 40, 41, 47, 49, 58, 62, 70] - 4244, [1, 4, 11, 21, 31, 40, 44, 54, 61, 68, 70] - 4354, [1, 4, 11, 21, 22, 33, 40, 44, 45, 56, 63, 70] - 4558, [1, 2, 9, 11, 20, 37, 39, 56, 61, 68, 70] - 4693, [1, 4, 11, 20, 32, 40, 41, 47, 55, 58, 62, 70] - 4717, [1, 3, 9, 11, 21, 31, 41, 44, 53, 54, 61, 68, 70] - 4964, [1, 2, 3, 23, 31, 40, 41, 47, 55, 56, 61, 68, 70] - 5183, [1, 4, 10, 20, 21, 23, 25, 26, 34, 35, 36, 48, 49, 58, 62, 70] - 5234, [1, 2, 4, 10, 20, 37, 38, 43, 51, 59, 64, 67, 68, 70] - 5631, [1, 4, 10, 11, 20, 29, 38, 43, 51, 59, 60, 64, 67, 68, 70] - 5922, [1, 4, 10, 20, 32, 37, 39, 56, 61, 65, 67, 68, 70] - 6172, [1, 4, 11, 20, 30, 32, 39, 50, 53, 54, 56, 60, 65, 67, 68, 70] - 6939]
melhor indiv??duo da gera????o:[1, 3, 13, 40, 41, 47, 49, 58, 62, 70] - 4244
gera????o: 8: 
[[1, 3, 13, 40, 44, 55, 58, 62, 70] - 4085, [1, 4, 11, 21, 31, 40, 44, 54, 61, 68, 70] - 4354, [1, 4, 11, 21, 22, 33, 40, 44, 45, 56, 63, 70] - 4558, [1, 4, 11, 20, 32, 40, 41, 47, 55, 58, 62, 70] - 4717, [1, 3, 9, 11, 21, 31, 33, 34, 35, 36, 48, 58, 62, 70] - 4805, [1, 3, 9, 11, 21, 31, 41, 44, 53, 54, 61, 68, 70] - 4964, [1, 2, 3, 23, 31, 40, 41, 47, 55, 56, 61, 68, 70] - 5183, [1, 2, 4, 10, 20, 37, 38, 43, 51, 59, 64, 67, 68, 70] - 5631, [1, 4, 10, 11, 20, 29, 38, 43, 51, 59, 60, 64, 67, 68, 70] - 5922, [1, 2, 4, 11, 20, 29, 38, 43, 52, 59, 60, 65, 68, 70] - 6040, [1, 3, 12, 22, 24, 26, 31, 41, 46, 49, 55, 56, 57, 70] - 6356]
melhor indiv??duo da gera????o:[1, 3, 13, 40, 44, 55, 58, 62, 70] - 4085
gera????o: 9: 
[[1, 3, 13, 40, 44, 55, 58, 62, 70] - 4085, [1, 4, 11, 21, 31, 40, 44, 54, 61, 68, 70] - 4354, [1, 4, 11, 21, 22, 33, 40, 44, 45, 56, 63, 70] - 4558, [1, 4, 11, 20, 32, 40, 41, 47, 55, 58, 62, 70] - 4717, [1, 3, 9, 11, 21, 31, 41, 44, 53, 54, 61, 68, 70] - 4964, [1, 2, 3, 9, 11, 20, 21, 31, 32, 40, 44, 50, 53, 61, 68, 70] - 5597, [1, 2, 4, 10, 20, 37, 38, 43, 51, 59, 64, 67, 68, 70] - 5631, [1, 4, 11, 20, 31, 32, 39, 44, 53, 61, 65, 68, 70] - 6030, [1, 3, 12, 22, 24, 26, 31, 41, 46, 49, 55, 56, 57, 70] - 6356, [1, 3, 12, 13, 14, 17, 26, 33, 40, 44, 56, 61, 65, 66, 67, 68, 70] - 6821]
melhor indiv??duo da gera????o:[1, 3, 13, 40, 44, 55, 58, 62, 70] - 4085
gera????o: 10: 
[[1, 4, 11, 21, 31, 40, 44, 54, 61, 68, 70] - 4354, [1, 3, 13, 14, 22, 25, 33, 41, 44, 55, 57, 70] - 4498, [1, 2, 3, 9, 13, 23, 31, 41, 44, 55, 57, 70] - 4587, [1, 4, 11, 20, 32, 40, 41, 47, 55, 58, 62, 70] - 4717, [1, 4, 11, 20, 32, 40, 41, 47, 49, 58, 62, 70] - 4863, [1, 4, 11, 20, 31, 41, 46, 47, 55, 57, 70] - 5056, [1, 2, 3, 9, 11, 20, 21, 31, 32, 40, 44, 50, 53, 61, 68, 70] - 5597, [1, 4, 11, 20, 31, 32, 39, 44, 53, 61, 65, 68, 70] - 6030, [1, 4, 11, 20, 32, 40, 44, 53, 60, 65, 66, 67, 68, 70] - 6650]
melhor indiv??duo da gera????o:[1, 4, 11, 21, 31, 40, 44, 54, 61, 68, 70] - 4354
melhor valor ?? da gera????o 0!!!!
______________________________________________________________________________________________________________________________
