gera????o: 1: 
[[1, 3, 12, 13, 40, 41, 44, 56, 61, 68, 70] - 4571, [1, 4, 10, 11, 20, 30, 31, 40, 41, 47, 49, 58, 62, 70] - 4935, [1, 4, 10, 20, 39, 44, 55, 57, 70] - 4362, [1, 4, 10, 11, 20, 31, 32, 37, 39, 50, 53, 54, 56, 57, 70] - 5308, [1, 3, 5, 6, 12, 22, 25, 26, 31, 41, 47, 56, 57, 70] - 5286, [1, 3, 13, 22, 23, 25, 33, 39, 50, 53, 61, 65, 68, 70] - 5502, [1, 2, 9, 13, 31, 40, 41, 45, 47, 56, 61, 63, 70] - 4487, [1, 2, 4, 11, 20, 21, 23, 31, 33, 39, 42, 52, 53, 61, 68, 70] - 6700, [1, 4, 10, 11, 20, 37, 42, 51, 59, 60, 64, 65, 68, 70] - 5494, [1, 4, 11, 21, 22, 24, 28, 36, 48, 49, 58, 62, 70] - 5005, [1, 3, 5, 6, 22, 25, 33, 39, 44, 55, 57, 70] - 4772, [1, 3, 13, 14, 22, 33, 40, 44, 45, 57, 70] - 4450, [1, 4, 11, 20, 32, 39, 53, 54, 61, 63, 70] - 4681, [1, 4, 11, 21, 31, 40, 44, 45, 57, 70] - 4042, [1, 4, 11, 20, 32, 39, 50, 53, 54, 56, 57, 70] - 4913, [1, 2, 9, 21, 23, 33, 49, 58, 62, 70] - 3528, [1, 3, 23, 31, 41, 45, 57, 70] - 3854, [1, 2, 3, 23, 25, 33, 40, 41, 46, 49, 58, 62, 70] - 4870, [1, 3, 5, 6, 14, 26, 28, 35, 36, 48, 58, 62, 70] - 4347, [1, 3, 9, 11, 20, 39, 40, 44, 56, 61, 63, 70] - 4595]
melhor indiv??duo da gera????o:[1, 2, 9, 21, 23, 33, 49, 58, 62, 70] - 3528
gera????o: 2: 
[[1, 4, 10, 11, 20, 30, 31, 40, 41, 47, 49, 58, 62, 70] - 4935, [1, 4, 10, 11, 20, 31, 32, 37, 39, 50, 53, 54, 56, 57, 70] - 5308, [1, 3, 13, 22, 23, 25, 33, 39, 50, 53, 61, 65, 68, 70] - 5502, [1, 2, 4, 11, 20, 21, 23, 31, 33, 39, 42, 52, 53, 61, 68, 70] - 6700, [1, 4, 11, 21, 22, 24, 28, 36, 48, 49, 58, 62, 70] - 5005, [1, 3, 13, 14, 22, 33, 40, 44, 45, 57, 70] - 4450, [1, 4, 11, 21, 31, 40, 44, 45, 57, 70] - 4042, [1, 2, 9, 21, 23, 33, 49, 58, 62, 70] - 3528, [1, 2, 3, 23, 25, 33, 40, 41, 46, 49, 58, 62, 70] - 4870, [1, 3, 9, 11, 20, 39, 40, 44, 56, 61, 63, 70] - 4595, [1, 3, 23, 31, 41, 45, 57, 70] - 3854, [1, 4, 11, 20, 32, 39, 50, 53, 54, 56, 57, 70] - 4913, [1, 3, 23, 31, 41, 45, 57, 70] - 3854, [1, 2, 9, 21, 23, 33, 49, 58, 62, 70] - 3528, [1, 2, 9, 21, 23, 33, 49, 58, 62, 70] - 3528, [1, 4, 11, 20, 32, 39, 53, 54, 61, 63, 70] - 4681, [1, 4, 10, 11, 20, 30, 31, 40, 41, 47, 49, 58, 62, 70] - 4935, [1, 4, 10, 11, 20, 37, 42, 51, 59, 60, 64, 65, 68, 70] - 5494]
melhor indiv??duo da gera????o:[1, 2, 9, 21, 23, 33, 49, 58, 62, 70] - 3528
gera????o: 3: 
[[1, 4, 10, 11, 20, 31, 32, 37, 39, 50, 53, 54, 56, 57, 70] - 5308, [1, 2, 4, 11, 20, 21, 23, 31, 33, 39, 42, 52, 53, 61, 68, 70] - 6700, [1, 3, 13, 14, 22, 33, 40, 44, 45, 57, 70] - 4450, [1, 2, 9, 21, 23, 33, 49, 58, 62, 70] - 3528, [1, 3, 9, 11, 20, 39, 40, 44, 56, 61, 63, 70] - 4595, [1, 4, 11, 20, 32, 39, 50, 53, 54, 56, 57, 70] - 4913, [1, 2, 9, 21, 23, 33, 49, 58, 62, 70] - 3528, [1, 4, 11, 20, 32, 39, 53, 54, 61, 63, 70] - 4681, [1, 4, 10, 11, 20, 37, 42, 51, 59, 60, 64, 65, 68, 70] - 5494, [1, 3, 23, 31, 41, 45, 57, 70] - 3854, [1, 3, 23, 31, 41, 45, 57, 70] - 3854, [1, 3, 9, 11, 20, 39, 40, 44, 56, 61, 63, 70] - 4595, [1, 4, 11, 21, 31, 40, 44, 45, 57, 70] - 4042, [1, 3, 23, 31, 41, 45, 57, 70] - 3854, [1, 4, 11, 20, 32, 39, 53, 54, 61, 63, 70] - 4681, [1, 2, 9, 21, 23, 33, 49, 58, 62, 70] - 3528]
melhor indiv??duo da gera????o:[1, 2, 9, 21, 23, 33, 49, 58, 62, 70] - 3528
gera????o: 4: 
[[1, 2, 4, 11, 20, 21, 23, 31, 33, 39, 42, 52, 53, 61, 68, 70] - 6700, [1, 2, 9, 21, 23, 33, 49, 58, 62, 70] - 3528, [1, 4, 11, 20, 32, 39, 50, 53, 54, 56, 57, 70] - 4913, [1, 4, 11, 20, 32, 39, 53, 54, 61, 63, 70] - 4681, [1, 3, 23, 31, 41, 45, 57, 70] - 3854, [1, 3, 9, 11, 20, 39, 40, 44, 56, 61, 63, 70] - 4595, [1, 3, 23, 31, 41, 45, 57, 70] - 3854, [1, 2, 9, 21, 23, 33, 49, 58, 62, 70] - 3528, [1, 2, 9, 21, 23, 33, 49, 58, 62, 70] - 3528, [1, 2, 9, 21, 23, 33, 49, 58, 62, 70] - 3528, [1, 3, 9, 11, 20, 39, 40, 44, 56, 61, 63, 70] - 4595, [1, 4, 10, 11, 20, 31, 32, 37, 39, 50, 53, 54, 56, 57, 70] - 5308, [1, 2, 9, 21, 23, 33, 49, 58, 62, 70] - 3528, [1, 2, 9, 21, 23, 33, 49, 58, 62, 70] - 3528, [1, 3, 23, 31, 41, 45, 57, 70] - 3854]
melhor indiv??duo da gera????o:[1, 2, 9, 21, 23, 33, 49, 58, 62, 70] - 3528
gera????o: 5: 
[[1, 2, 9, 21, 23, 33, 49, 58, 62, 70] - 3528, [1, 4, 11, 20, 32, 39, 53, 54, 61, 63, 70] - 4681, [1, 3, 9, 11, 20, 39, 40, 44, 56, 61, 63, 70] - 4595, [1, 2, 9, 21, 23, 33, 49, 58, 62, 70] - 3528, [1, 2, 9, 21, 23, 33, 49, 58, 62, 70] - 3528, [1, 4, 10, 11, 20, 31, 32, 37, 39, 50, 53, 54, 56, 57, 70] - 5308, [1, 2, 9, 21, 23, 33, 49, 58, 62, 70] - 3528, [1, 2, 9, 21, 23, 33, 49, 58, 62, 70] - 3528, [1, 2, 9, 21, 23, 33, 49, 58, 62, 70] - 3528, [1, 2, 9, 21, 23, 33, 49, 58, 62, 70] - 3528, [1, 2, 9, 21, 23, 33, 49, 58, 62, 70] - 3528, [1, 2, 9, 21, 23, 33, 49, 58, 62, 70] - 3528, [1, 2, 9, 21, 23, 33, 49, 58, 62, 70] - 3528, [1, 2, 9, 21, 23, 33, 49, 58, 62, 70] - 3528]
melhor indiv??duo da gera????o:[1, 2, 9, 21, 23, 33, 49, 58, 62, 70] - 3528
gera????o: 6: 
[[1, 4, 11, 20, 32, 39, 53, 54, 61, 63, 70] - 4681, [1, 2, 9, 21, 23, 33, 49, 58, 62, 70] - 3528, [1, 4, 10, 11, 20, 31, 32, 37, 39, 50, 53, 54, 56, 57, 70] - 5308, [1, 2, 9, 21, 23, 33, 49, 58, 62, 70] - 3528, [1, 2, 9, 21, 23, 33, 49, 58, 62, 70] - 3528, [1, 2, 9, 21, 23, 33, 49, 58, 62, 70] - 3528, [1, 2, 9, 21, 23, 33, 49, 58, 62, 70] - 3528, [1, 2, 9, 21, 23, 33, 49, 58, 62, 70] - 3528, [1, 4, 10, 11, 20, 31, 32, 37, 39, 50, 53, 54, 56, 57, 70] - 5308, [1, 4, 10, 11, 20, 31, 32, 37, 39, 50, 53, 54, 56, 57, 70] - 5308, [1, 2, 9, 21, 23, 33, 49, 58, 62, 70] - 3528, [1, 2, 9, 21, 23, 33, 49, 58, 62, 70] - 3528, [1, 2, 9, 21, 23, 33, 49, 58, 62, 70] - 3528]
melhor indiv??duo da gera????o:[1, 2, 9, 21, 23, 33, 49, 58, 62, 70] - 3528
gera????o: 7: 
[[1, 2, 9, 21, 23, 33, 49, 58, 62, 70] - 3528, [1, 2, 9, 21, 23, 33, 49, 58, 62, 70] - 3528, [1, 2, 9, 21, 23, 33, 49, 58, 62, 70] - 3528, [1, 2, 9, 21, 23, 33, 49, 58, 62, 70] - 3528, [1, 4, 10, 11, 20, 31, 32, 37, 39, 50, 53, 54, 56, 57, 70] - 5308, [1, 2, 9, 21, 23, 33, 49, 58, 62, 70] - 3528, [1, 4, 11, 20, 32, 39, 53, 54, 61, 63, 70] - 4681, [1, 4, 11, 20, 32, 39, 53, 54, 61, 63, 70] - 4681, [1, 2, 9, 21, 23, 33, 49, 58, 62, 70] - 3528, [1, 4, 10, 11, 20, 31, 32, 37, 39, 50, 53, 54, 56, 57, 70] - 5308, [1, 2, 9, 21, 23, 33, 49, 58, 62, 70] - 3528, [1, 2, 9, 21, 23, 33, 49, 58, 62, 70] - 3528]
melhor indiv??duo da gera????o:[1, 2, 9, 21, 23, 33, 49, 58, 62, 70] - 3528
gera????o: 8: 
[[1, 2, 9, 21, 23, 33, 49, 58, 62, 70] - 3528, [1, 2, 9, 21, 23, 33, 49, 58, 62, 70] - 3528, [1, 2, 9, 21, 23, 33, 49, 58, 62, 70] - 3528, [1, 4, 11, 20, 32, 39, 53, 54, 61, 63, 70] - 4681, [1, 4, 10, 11, 20, 31, 32, 37, 39, 50, 53, 54, 56, 57, 70] - 5308, [1, 2, 9, 21, 23, 33, 49, 58, 62, 70] - 3528, [1, 4, 11, 20, 32, 39, 53, 54, 61, 63, 70] - 4681, [1, 2, 9, 21, 23, 33, 49, 58, 62, 70] - 3528, [1, 2, 9, 21, 23, 33, 49, 58, 62, 70] - 3528, [1, 4, 10, 11, 20, 31, 32, 37, 39, 50, 53, 54, 56, 57, 70] - 5308, [1, 2, 9, 21, 23, 33, 49, 58, 62, 70] - 3528]
melhor indiv??duo da gera????o:[1, 2, 9, 21, 23, 33, 49, 58, 62, 70] - 3528
______________________________________________________________________________________________________________________________
