gera????o: 1: 
[[1, 3, 9, 11, 21, 22, 25, 33, 46, 47, 55, 56, 61, 65, 67, 68, 70] - 6384, [1, 3, 12, 13, 21, 23, 33, 40, 44, 45, 57, 70] - 4279, [1, 4, 11, 21, 22, 25, 26, 33, 41, 44, 50, 53, 61, 65, 68, 70] - 5703, [1, 4, 10, 20, 32, 40, 41, 45, 57, 70] - 4102, [1, 4, 11, 20, 29, 37, 39, 44, 50, 53, 60, 64, 67, 68, 70] - 6296, [1, 2, 3, 23, 33, 41, 45, 57, 70] - 3761, [1, 4, 10, 11, 21, 22, 33, 49, 55, 56, 57, 70] - 4619, [1, 3, 12, 14, 24, 34, 46, 49, 55, 56, 61, 63, 70] - 5071, [1, 3, 12, 22, 25, 33, 34, 46, 49, 55, 56, 61, 63, 70] - 4793, [1, 2, 4, 11, 21, 31, 40, 44, 55, 57, 70] - 4224, [1, 3, 9, 13, 40, 44, 53, 60, 64, 67, 68, 70] - 5541, [1, 3, 5, 12, 22, 23, 33, 34, 46, 47, 55, 58, 62, 70] - 4166, [1, 4, 10, 20, 37, 42, 52, 60, 65, 68, 70] - 4637, [1, 2, 3, 12, 22, 25, 26, 34, 41, 44, 45, 56, 61, 63, 70] - 4820, [1, 2, 3, 23, 31, 33, 46, 49, 58, 62, 70] - 4298, [1, 2, 9, 13, 23, 31, 33, 49, 58, 62, 70] - 3759, [1, 3, 13, 31, 32, 39, 40, 41, 47, 49, 55, 58, 62, 70] - 4847, [1, 2, 3, 9, 21, 31, 40, 44, 53, 54, 61, 63, 70] - 4489, [1, 2, 9, 13, 22, 33, 40, 41, 46, 49, 55, 57, 70] - 4737, [1, 2, 9, 11, 21, 31, 40, 41, 46, 49, 55, 57, 70] - 4433]
melhor indiv??duo da gera????o:[1, 2, 9, 13, 23, 31, 33, 49, 58, 62, 70] - 3759
gera????o: 2: 
[[1, 3, 12, 13, 21, 23, 33, 40, 44, 45, 57, 70] - 4279, [1, 4, 10, 20, 32, 40, 41, 45, 57, 70] - 4102, [1, 2, 3, 23, 33, 41, 45, 57, 70] - 3761, [1, 3, 12, 14, 24, 34, 46, 49, 55, 56, 61, 63, 70] - 5071, [1, 2, 4, 11, 21, 31, 40, 44, 55, 57, 70] - 4224, [1, 3, 5, 12, 22, 23, 33, 34, 46, 47, 55, 58, 62, 70] - 4166, [1, 2, 3, 12, 22, 25, 26, 34, 41, 44, 45, 56, 61, 63, 70] - 4820, [1, 2, 9, 13, 23, 31, 33, 49, 58, 62, 70] - 3759, [1, 2, 3, 9, 21, 31, 40, 44, 53, 54, 61, 63, 70] - 4489, [1, 2, 9, 11, 21, 31, 40, 41, 46, 49, 55, 57, 70] - 4433, [1, 4, 11, 20, 39, 50, 53, 60, 61, 68, 70] - 5361, [1, 3, 12, 13, 22, 24, 28, 36, 48, 49, 55, 58, 62, 70] - 4926, [1, 4, 10, 20, 21, 31, 32, 40, 41, 46, 49, 55, 57, 70] - 5156, [1, 2, 9, 21, 22, 25, 26, 33, 39, 53, 60, 61, 65, 66, 67, 68, 70] - 7190, [1, 2, 4, 11, 21, 22, 33, 39, 53, 60, 61, 68, 70] - 5840, [1, 3, 9, 21, 22, 23, 31, 32, 39, 42, 52, 53, 60, 64, 67, 69, 70] - 6098, [1, 3, 13, 14, 24, 26, 34, 41, 45, 57, 70] - 4835, [1, 3, 9, 13, 14, 24, 28, 34, 35, 36, 48, 49, 58, 62, 70] - 5190]
melhor indiv??duo da gera????o:[1, 2, 9, 13, 23, 31, 33, 49, 58, 62, 70] - 3759
gera????o: 3: 
[[1, 4, 10, 20, 32, 40, 41, 45, 57, 70] - 4102, [1, 3, 12, 14, 24, 34, 46, 49, 55, 56, 61, 63, 70] - 5071, [1, 3, 5, 12, 22, 23, 33, 34, 46, 47, 55, 58, 62, 70] - 4166, [1, 2, 9, 13, 23, 31, 33, 49, 58, 62, 70] - 3759, [1, 2, 9, 11, 21, 31, 40, 41, 46, 49, 55, 57, 70] - 4433, [1, 3, 12, 13, 22, 24, 28, 36, 48, 49, 55, 58, 62, 70] - 4926, [1, 2, 9, 21, 22, 25, 26, 33, 39, 53, 60, 61, 65, 66, 67, 68, 70] - 7190, [1, 3, 9, 21, 22, 23, 31, 32, 39, 42, 52, 53, 60, 64, 67, 69, 70] - 6098, [1, 3, 9, 13, 14, 24, 28, 34, 35, 36, 48, 49, 58, 62, 70] - 5190, [1, 4, 10, 20, 32, 39, 56, 57, 70] - 4481, [1, 2, 4, 10, 11, 20, 37, 39, 44, 55, 58, 62, 70] - 4784, [1, 2, 9, 13, 23, 31, 40, 44, 45, 47, 49, 58, 62, 70] - 4372, [1, 3, 23, 31, 41, 44, 45, 47, 55, 58, 62, 70] - 4457, [1, 2, 9, 11, 20, 37, 38, 43, 52, 53, 60, 65, 68, 70] - 5519, [1, 4, 11, 20, 30, 32, 40, 44, 53, 54, 56, 57, 70] - 5166, [1, 2, 4, 10, 20, 37, 39, 56, 63, 70] - 4140]
melhor indiv??duo da gera????o:[1, 2, 9, 13, 23, 31, 33, 49, 58, 62, 70] - 3759
gera????o: 4: 
[[1, 3, 12, 14, 24, 34, 46, 49, 55, 56, 61, 63, 70] - 5071, [1, 2, 9, 13, 23, 31, 33, 49, 58, 62, 70] - 3759, [1, 3, 12, 13, 22, 24, 28, 36, 48, 49, 55, 58, 62, 70] - 4926, [1, 3, 9, 21, 22, 23, 31, 32, 39, 42, 52, 53, 60, 64, 67, 69, 70] - 6098, [1, 4, 10, 20, 32, 39, 56, 57, 70] - 4481, [1, 2, 9, 13, 23, 31, 40, 44, 45, 47, 49, 58, 62, 70] - 4372, [1, 2, 9, 11, 20, 37, 38, 43, 52, 53, 60, 65, 68, 70] - 5519, [1, 2, 4, 10, 20, 37, 39, 56, 63, 70] - 4140, [1, 2, 3, 5, 6, 8, 17, 24, 26, 33, 34, 41, 45, 56, 63, 70] - 5116, [1, 3, 5, 12, 14, 22, 25, 26, 31, 32, 37, 38, 43, 52, 53, 61, 68, 70] - 6224, [1, 4, 10, 20, 39, 50, 53, 60, 61, 68, 70] - 5039, [1, 3, 12, 14, 17, 26, 28, 35, 49, 58, 62, 70] - 4443, [1, 4, 11, 20, 21, 31, 41, 47, 56, 57, 70] - 5451, [1, 2, 9, 21, 31, 33, 47, 56, 60, 64, 65, 67, 69, 70] - 6232, [1, 4, 11, 20, 30, 31, 40, 44, 54, 56, 60, 64, 67, 68, 70] - 6463]
melhor indiv??duo da gera????o:[1, 2, 9, 13, 23, 31, 33, 49, 58, 62, 70] - 3759
gera????o: 5: 
[[1, 2, 9, 13, 23, 31, 33, 49, 58, 62, 70] - 3759, [1, 3, 9, 21, 22, 23, 31, 32, 39, 42, 52, 53, 60, 64, 67, 69, 70] - 6098, [1, 2, 9, 13, 23, 31, 40, 44, 45, 47, 49, 58, 62, 70] - 4372, [1, 2, 4, 10, 20, 37, 39, 56, 63, 70] - 4140, [1, 3, 5, 12, 14, 22, 25, 26, 31, 32, 37, 38, 43, 52, 53, 61, 68, 70] - 6224, [1, 3, 12, 14, 17, 26, 28, 35, 49, 58, 62, 70] - 4443, [1, 2, 9, 21, 31, 33, 47, 56, 60, 64, 65, 67, 69, 70] - 6232, [1, 3, 23, 25, 26, 28, 35, 46, 47, 56, 57, 70] - 4939, [1, 2, 3, 13, 21, 31, 32, 39, 44, 45, 56, 61, 68, 70] - 5093, [1, 3, 13, 14, 17, 18, 19, 27, 35, 46, 49, 55, 56, 57, 70] - 5819, [1, 2, 4, 10, 11, 20, 37, 38, 43, 51, 59, 64, 66, 67, 69, 70] - 5823, [1, 3, 12, 14, 26, 34, 35, 46, 49, 58, 62, 70] - 4212, [1, 2, 9, 21, 31, 41, 44, 50, 53, 54, 56, 61, 68, 70] - 4914, [1, 3, 23, 33, 40, 41, 47, 55, 58, 62, 70] - 4285]
melhor indiv??duo da gera????o:[1, 2, 9, 13, 23, 31, 33, 49, 58, 62, 70] - 3759
gera????o: 6: 
[[1, 3, 9, 21, 22, 23, 31, 32, 39, 42, 52, 53, 60, 64, 67, 69, 70] - 6098, [1, 2, 4, 10, 20, 37, 39, 56, 63, 70] - 4140, [1, 3, 12, 14, 17, 26, 28, 35, 49, 58, 62, 70] - 4443, [1, 3, 23, 25, 26, 28, 35, 46, 47, 56, 57, 70] - 4939, [1, 3, 13, 14, 17, 18, 19, 27, 35, 46, 49, 55, 56, 57, 70] - 5819, [1, 3, 12, 14, 26, 34, 35, 46, 49, 58, 62, 70] - 4212, [1, 3, 23, 33, 40, 41, 47, 55, 58, 62, 70] - 4285, [1, 3, 5, 6, 14, 25, 26, 34, 35, 46, 47, 56, 57, 70] - 4868, [1, 2, 9, 13, 31, 32, 39, 44, 54, 56, 63, 70] - 4098, [1, 2, 4, 10, 20, 30, 32, 39, 40, 41, 46, 47, 55, 57, 70] - 5065, [1, 2, 9, 11, 20, 39, 53, 54, 61, 68, 70] - 4639, [1, 3, 23, 25, 26, 33, 47, 56, 60, 61, 68, 70] - 5752, [1, 2, 4, 11, 21, 22, 25, 26, 33, 46, 47, 55, 57, 70] - 4671]
melhor indiv??duo da gera????o:[1, 2, 9, 13, 31, 32, 39, 44, 54, 56, 63, 70] - 4098
gera????o: 7: 
[[1, 2, 4, 10, 20, 37, 39, 56, 63, 70] - 4140, [1, 3, 23, 25, 26, 28, 35, 46, 47, 56, 57, 70] - 4939, [1, 3, 12, 14, 26, 34, 35, 46, 49, 58, 62, 70] - 4212, [1, 3, 5, 6, 14, 25, 26, 34, 35, 46, 47, 56, 57, 70] - 4868, [1, 2, 4, 10, 20, 30, 32, 39, 40, 41, 46, 47, 55, 57, 70] - 5065, [1, 3, 23, 25, 26, 33, 47, 56, 60, 61, 68, 70] - 5752, [1, 2, 9, 11, 21, 22, 23, 33, 34, 41, 44, 50, 53, 61, 63, 70] - 5132, [1, 4, 11, 21, 22, 24, 36, 48, 58, 62, 70] - 4941, [1, 4, 10, 11, 20, 31, 40, 44, 45, 47, 56, 57, 70] - 5265, [1, 2, 9, 13, 40, 41, 44, 45, 56, 57, 70] - 4365, [1, 4, 11, 21, 23, 31, 32, 39, 40, 44, 50, 53, 54, 61, 65, 66, 67, 68, 70] - 6713, [1, 4, 11, 20, 32, 37, 39, 53, 61, 68, 70] - 5296]
melhor indiv??duo da gera????o:[1, 2, 4, 10, 20, 37, 39, 56, 63, 70] - 4140
gera????o: 8: 
[[1, 3, 23, 25, 26, 28, 35, 46, 47, 56, 57, 70] - 4939, [1, 3, 5, 6, 14, 25, 26, 34, 35, 46, 47, 56, 57, 70] - 4868, [1, 3, 23, 25, 26, 33, 47, 56, 60, 61, 68, 70] - 5752, [1, 4, 11, 21, 22, 24, 36, 48, 58, 62, 70] - 4941, [1, 2, 9, 13, 40, 41, 44, 45, 56, 57, 70] - 4365, [1, 4, 11, 20, 32, 37, 39, 53, 61, 68, 70] - 5296, [1, 4, 11, 21, 31, 40, 41, 47, 56, 61, 68, 70] - 5106, [1, 4, 10, 20, 39, 56, 63, 70] - 4104, [1, 3, 9, 13, 22, 25, 33, 41, 47, 56, 61, 63, 70] - 4639, [1, 2, 3, 23, 33, 34, 35, 49, 55, 57, 70] - 4361, [1, 2, 9, 11, 20, 39, 56, 63, 70] - 4183]
melhor indiv??duo da gera????o:[1, 4, 10, 20, 39, 56, 63, 70] - 4104
gera????o: 9: 
[[1, 3, 5, 6, 14, 25, 26, 34, 35, 46, 47, 56, 57, 70] - 4868, [1, 4, 11, 21, 22, 24, 36, 48, 58, 62, 70] - 4941, [1, 4, 11, 20, 32, 37, 39, 53, 61, 68, 70] - 5296, [1, 4, 10, 20, 39, 56, 63, 70] - 4104, [1, 2, 3, 23, 33, 34, 35, 49, 55, 57, 70] - 4361, [1, 4, 10, 11, 21, 22, 25, 26, 28, 35, 46, 47, 56, 60, 61, 68, 70] - 6447, [1, 4, 10, 20, 21, 31, 40, 44, 45, 47, 49, 58, 62, 70] - 4842, [1, 4, 10, 20, 30, 32, 39, 44, 56, 63, 70] - 4359, [1, 4, 10, 20, 29, 37, 39, 53, 61, 68, 70] - 4753, [1, 3, 23, 25, 33, 39, 40, 44, 54, 56, 60, 61, 65, 66, 67, 69, 70] - 7382]
melhor indiv??duo da gera????o:[1, 4, 10, 20, 39, 56, 63, 70] - 4104
gera????o: 10: 
[[1, 4, 11, 21, 22, 24, 36, 48, 58, 62, 70] - 4941, [1, 4, 10, 20, 39, 56, 63, 70] - 4104, [1, 4, 10, 11, 21, 22, 25, 26, 28, 35, 46, 47, 56, 60, 61, 68, 70] - 6447, [1, 4, 10, 20, 30, 32, 39, 44, 56, 63, 70] - 4359, [1, 3, 23, 25, 33, 39, 40, 44, 54, 56, 60, 61, 65, 66, 67, 69, 70] - 7382, [1, 3, 13, 40, 41, 47, 55, 58, 62, 70] - 4098, [1, 2, 4, 10, 20, 31, 41, 45, 56, 57, 70] - 4569, [1, 3, 5, 12, 13, 31, 32, 37, 42, 50, 53, 54, 56, 63, 70] - 4589, [1, 3, 13, 21, 23, 25, 33, 41, 45, 56, 61, 65, 68, 70] - 4977]
melhor indiv??duo da gera????o:[1, 3, 13, 40, 41, 47, 55, 58, 62, 70] - 4098
gera????o: 11: 
[[1, 4, 10, 20, 39, 56, 63, 70] - 4104, [1, 4, 10, 20, 30, 32, 39, 44, 56, 63, 70] - 4359, [1, 3, 13, 40, 41, 47, 55, 58, 62, 70] - 4098, [1, 3, 5, 12, 13, 31, 32, 37, 42, 50, 53, 54, 56, 63, 70] - 4589, [1, 4, 11, 20, 32, 40, 41, 44, 53, 61, 63, 70] - 5184, [1, 4, 11, 20, 29, 38, 43, 51, 59, 64, 67, 69, 70] - 5846, [1, 3, 13, 40, 41, 46, 47, 49, 58, 62, 70] - 4648, [1, 3, 5, 12, 13, 23, 31, 41, 44, 56, 57, 70] - 4426, [1, 2, 3, 23, 33, 47, 55, 56, 60, 65, 68, 70] - 5400]
melhor indiv??duo da gera????o:[1, 3, 13, 40, 41, 47, 55, 58, 62, 70] - 4098
gera????o: 12: 
[[1, 4, 10, 20, 30, 32, 39, 44, 56, 63, 70] - 4359, [1, 3, 5, 12, 13, 31, 32, 37, 42, 50, 53, 54, 56, 63, 70] - 4589, [1, 4, 11, 20, 29, 38, 43, 51, 59, 64, 67, 69, 70] - 5846, [1, 3, 5, 12, 13, 23, 31, 41, 44, 56, 57, 70] - 4426, [1, 2, 4, 10, 11, 21, 22, 25, 26, 28, 34, 46, 47, 56, 63, 70] - 4851, [1, 4, 10, 11, 20, 29, 37, 38, 43, 52, 59, 60, 65, 67, 68, 70] - 6760, [1, 2, 9, 13, 22, 24, 34, 46, 49, 58, 62, 70] - 4349, [1, 3, 23, 33, 46, 49, 58, 62, 70] - 3884, [1, 4, 10, 11, 20, 31, 41, 46, 47, 56, 63, 70] - 5373]
melhor indiv??duo da gera????o:[1, 3, 23, 33, 46, 49, 58, 62, 70] - 3884
gera????o: 13: 
[[1, 3, 5, 12, 13, 31, 32, 37, 42, 50, 53, 54, 56, 63, 70] - 4589, [1, 3, 5, 12, 13, 23, 31, 41, 44, 56, 57, 70] - 4426, [1, 4, 10, 11, 20, 29, 37, 38, 43, 52, 59, 60, 65, 67, 68, 70] - 6760, [1, 3, 23, 33, 46, 49, 58, 62, 70] - 3884, [1, 3, 13, 40, 44, 53, 54, 61, 65, 67, 68, 70] - 5722, [1, 2, 4, 10, 20, 37, 38, 43, 52, 60, 61, 68, 70] - 5291, [1, 2, 9, 21, 31, 33, 40, 41, 45, 56, 57, 70] - 4448, [1, 3, 23, 33, 49, 55, 56, 61, 68, 70] - 4552, [1, 3, 5, 6, 8, 17, 26, 28, 34, 46, 47, 55, 58, 62, 70] - 4440]
melhor indiv??duo da gera????o:[1, 3, 23, 33, 46, 49, 58, 62, 70] - 3884
gera????o: 14: 
[[1, 3, 5, 12, 13, 23, 31, 41, 44, 56, 57, 70] - 4426, [1, 3, 23, 33, 46, 49, 58, 62, 70] - 3884, [1, 2, 4, 10, 20, 37, 38, 43, 52, 60, 61, 68, 70] - 5291, [1, 3, 23, 33, 49, 55, 56, 61, 68, 70] - 4552, [1, 3, 12, 22, 33, 34, 46, 49, 58, 62, 70] - 4017, [1, 3, 12, 22, 24, 34, 35, 46, 49, 55, 57, 70] - 4792, [1, 4, 10, 11, 20, 37, 42, 50, 53, 54, 56, 63, 70] - 4553, [1, 4, 11, 21, 22, 23, 25, 26, 33, 47, 49, 58, 62, 70] - 4605, [1, 2, 4, 11, 20, 39, 44, 54, 61, 68, 70] - 4968]
melhor indiv??duo da gera????o:[1, 3, 23, 33, 46, 49, 58, 62, 70] - 3884
gera????o: 15: 
[[1, 3, 23, 33, 46, 49, 58, 62, 70] - 3884, [1, 3, 23, 33, 49, 55, 56, 61, 68, 70] - 4552, [1, 3, 12, 22, 24, 34, 35, 46, 49, 55, 57, 70] - 4792, [1, 4, 11, 21, 22, 23, 25, 26, 33, 47, 49, 58, 62, 70] - 4605, [1, 4, 11, 20, 21, 23, 25, 33, 49, 55, 58, 62, 70] - 4867, [1, 2, 9, 11, 21, 22, 24, 36, 48, 58, 62, 70] - 4698, [1, 4, 10, 11, 21, 22, 23, 25, 33, 46, 49, 55, 56, 61, 68, 70] - 5530, [1, 3, 5, 6, 12, 14, 24, 36, 48, 49, 58, 62, 70] - 4685, [1, 2, 3, 9, 11, 21, 23, 31, 33, 41, 46, 49, 55, 56, 61, 68, 70] - 5962]
melhor indiv??duo da gera????o:[1, 3, 23, 33, 46, 49, 58, 62, 70] - 3884
gera????o: 16: 
[[1, 3, 23, 33, 49, 55, 56, 61, 68, 70] - 4552, [1, 4, 11, 21, 22, 23, 25, 26, 33, 47, 49, 58, 62, 70] - 4605, [1, 2, 9, 11, 21, 22, 24, 36, 48, 58, 62, 70] - 4698, [1, 3, 5, 6, 12, 14, 24, 36, 48, 49, 58, 62, 70] - 4685, [1, 4, 11, 21, 22, 33, 49, 58, 62, 70] - 3915, [1, 2, 4, 11, 20, 29, 37, 39, 40, 44, 56, 60, 65, 67, 68, 70] - 6913, [1, 3, 9, 21, 31, 40, 44, 50, 53, 54, 56, 61, 68, 70] - 4817, [1, 4, 10, 11, 20, 30, 32, 37, 38, 43, 52, 60, 61, 63, 70] - 5620, [1, 3, 13, 22, 24, 34, 46, 49, 55, 57, 70] - 4505]
melhor indiv??duo da gera????o:[1, 4, 11, 21, 22, 33, 49, 58, 62, 70] - 3915
gera????o: 17: 
[[1, 4, 11, 21, 22, 23, 25, 26, 33, 47, 49, 58, 62, 70] - 4605, [1, 3, 5, 6, 12, 14, 24, 36, 48, 49, 58, 62, 70] - 4685, [1, 2, 4, 11, 20, 29, 37, 39, 40, 44, 56, 60, 65, 67, 68, 70] - 6913, [1, 4, 10, 11, 20, 30, 32, 37, 38, 43, 52, 60, 61, 63, 70] - 5620, [1, 3, 9, 11, 21, 31, 41, 46, 47, 49, 55, 57, 70] - 4814, [1, 2, 3, 5, 12, 13, 31, 33, 40, 44, 54, 56, 57, 70] - 4584, [1, 2, 9, 13, 40, 41, 44, 56, 61, 63, 70] - 4156, [1, 4, 11, 21, 31, 32, 40, 41, 47, 55, 58, 62, 70] - 4412, [1, 4, 10, 11, 20, 21, 31, 32, 37, 38, 43, 51, 59, 64, 67, 68, 70] - 6617]
melhor indiv??duo da gera????o:[1, 2, 9, 13, 40, 41, 44, 56, 61, 63, 70] - 4156
gera????o: 18: 
[[1, 3, 5, 6, 12, 14, 24, 36, 48, 49, 58, 62, 70] - 4685, [1, 4, 10, 11, 20, 30, 32, 37, 38, 43, 52, 60, 61, 63, 70] - 5620, [1, 2, 3, 5, 12, 13, 31, 33, 40, 44, 54, 56, 57, 70] - 4584, [1, 4, 11, 21, 31, 32, 40, 41, 47, 55, 58, 62, 70] - 4412, [1, 3, 23, 25, 26, 28, 36, 49, 58, 62, 70] - 4356, [1, 2, 9, 11, 21, 31, 41, 45, 56, 60, 61, 65, 68, 70] - 5624, [1, 2, 9, 11, 21, 23, 25, 26, 33, 49, 58, 62, 70] - 3965, [1, 3, 13, 21, 31, 40, 44, 56, 57, 70] - 4094, [1, 2, 4, 11, 20, 31, 33, 49, 55, 57, 70] - 4546]
melhor indiv??duo da gera????o:[1, 2, 9, 11, 21, 23, 25, 26, 33, 49, 58, 62, 70] - 3965
gera????o: 19: 
[[1, 4, 10, 11, 20, 30, 32, 37, 38, 43, 52, 60, 61, 63, 70] - 5620, [1, 4, 11, 21, 31, 32, 40, 41, 47, 55, 58, 62, 70] - 4412, [1, 2, 9, 11, 21, 31, 41, 45, 56, 60, 61, 65, 68, 70] - 5624, [1, 3, 13, 21, 31, 40, 44, 56, 57, 70] - 4094, [1, 4, 10, 11, 20, 29, 37, 39, 44, 50, 53, 60, 64, 66, 67, 68, 70] - 6348, [1, 4, 11, 20, 32, 39, 50, 53, 61, 63, 70] - 4715, [1, 4, 10, 20, 37, 42, 50, 53, 54, 56, 57, 70] - 4547, [1, 3, 23, 25, 26, 31, 41, 46, 49, 55, 58, 62, 70] - 5336, [1, 3, 13, 14, 25, 26, 31, 41, 46, 47, 55, 56, 60, 64, 67, 69, 70] - 7491]
melhor indiv??duo da gera????o:[1, 3, 13, 21, 31, 40, 44, 56, 57, 70] - 4094
gera????o: 20: 
[[1, 4, 11, 21, 31, 32, 40, 41, 47, 55, 58, 62, 70] - 4412, [1, 3, 13, 21, 31, 40, 44, 56, 57, 70] - 4094, [1, 4, 11, 20, 32, 39, 50, 53, 61, 63, 70] - 4715, [1, 3, 23, 25, 26, 31, 41, 46, 49, 55, 58, 62, 70] - 5336, [1, 3, 13, 23, 33, 46, 47, 49, 55, 56, 61, 63, 70] - 4992, [1, 4, 10, 11, 21, 23, 31, 41, 45, 57, 70] - 4106, [1, 4, 11, 20, 21, 31, 33, 47, 56, 63, 70] - 4918, [1, 4, 11, 21, 22, 25, 33, 49, 58, 62, 70] - 3936, [1, 4, 10, 11, 21, 22, 33, 46, 49, 55, 58, 62, 70] - 4490]
melhor indiv??duo da gera????o:[1, 4, 11, 21, 22, 25, 33, 49, 58, 62, 70] - 3936
gera????o: 21: 
[[1, 3, 13, 21, 31, 40, 44, 56, 57, 70] - 4094, [1, 3, 23, 25, 26, 31, 41, 46, 49, 55, 58, 62, 70] - 5336, [1, 4, 10, 11, 21, 23, 31, 41, 45, 57, 70] - 4106, [1, 4, 11, 21, 22, 25, 33, 49, 58, 62, 70] - 3936, [1, 3, 5, 12, 14, 25, 33, 47, 55, 57, 70] - 3636, [1, 4, 10, 11, 20, 32, 39, 50, 53, 54, 61, 65, 68, 70] - 5264, [1, 2, 9, 21, 22, 24, 26, 33, 46, 49, 58, 62, 70] - 4914, [1, 2, 4, 10, 11, 20, 30, 32, 39, 56, 61, 68, 70] - 5185, [1, 4, 11, 21, 31, 41, 45, 56, 61, 63, 70] - 4261]
melhor indiv??duo da gera????o:[1, 3, 5, 12, 14, 25, 33, 47, 55, 57, 70] - 3636
gera????o: 22: 
[[1, 3, 23, 25, 26, 31, 41, 46, 49, 55, 58, 62, 70] - 5336, [1, 4, 11, 21, 22, 25, 33, 49, 58, 62, 70] - 3936, [1, 4, 10, 11, 20, 32, 39, 50, 53, 54, 61, 65, 68, 70] - 5264, [1, 2, 4, 10, 11, 20, 30, 32, 39, 56, 61, 68, 70] - 5185, [1, 3, 5, 6, 22, 23, 31, 41, 45, 57, 70] - 3975, [1, 3, 12, 13, 23, 25, 26, 28, 35, 36, 49, 58, 62, 70] - 4539, [1, 3, 12, 22, 25, 26, 31, 40, 41, 47, 55, 58, 62, 70] - 4767, [1, 4, 11, 21, 31, 33, 49, 55, 57, 70] - 3943, [1, 3, 9, 13, 21, 22, 23, 31, 40, 41, 47, 49, 55, 56, 57, 70] - 5580]
melhor indiv??duo da gera????o:[1, 4, 11, 21, 22, 25, 33, 49, 58, 62, 70] - 3936
gera????o: 23: 
[[1, 4, 11, 21, 22, 25, 33, 49, 58, 62, 70] - 3936, [1, 2, 4, 10, 11, 20, 30, 32, 39, 56, 61, 68, 70] - 5185, [1, 3, 12, 13, 23, 25, 26, 28, 35, 36, 49, 58, 62, 70] - 4539, [1, 4, 11, 21, 31, 33, 49, 55, 57, 70] - 3943, [1, 3, 23, 31, 33, 46, 47, 49, 55, 56, 63, 70] - 4969, [1, 3, 23, 33, 40, 41, 47, 56, 57, 70] - 4776, [1, 3, 9, 13, 22, 24, 26, 33, 49, 55, 57, 70] - 4605, [1, 3, 5, 6, 26, 33, 46, 47, 49, 55, 56, 57, 70] - 5219, [1, 3, 12, 13, 40, 41, 47, 49, 55, 57, 70] - 4331]
melhor indiv??duo da gera????o:[1, 4, 11, 21, 22, 25, 33, 49, 58, 62, 70] - 3936
gera????o: 24: 
[[1, 2, 4, 10, 11, 20, 30, 32, 39, 56, 61, 68, 70] - 5185, [1, 4, 11, 21, 31, 33, 49, 55, 57, 70] - 3943, [1, 3, 23, 33, 40, 41, 47, 56, 57, 70] - 4776, [1, 3, 5, 6, 26, 33, 46, 47, 49, 55, 56, 57, 70] - 5219, [1, 3, 12, 13, 14, 26, 33, 49, 55, 58, 62, 70] - 4236, [1, 3, 9, 21, 22, 25, 33, 46, 47, 49, 55, 56, 60, 64, 66, 67, 69, 70] - 6912, [1, 4, 11, 20, 32, 37, 38, 43, 51, 59, 66, 67, 69, 70] - 6170, [1, 3, 9, 21, 23, 31, 40, 44, 53, 54, 61, 65, 66, 67, 68, 70] - 6311, [1, 2, 3, 5, 12, 22, 25, 33, 49, 58, 62, 70] - 3691]
melhor indiv??duo da gera????o:[1, 2, 3, 5, 12, 22, 25, 33, 49, 58, 62, 70] - 3691
gera????o: 25: 
[[1, 4, 11, 21, 31, 33, 49, 55, 57, 70] - 3943, [1, 3, 5, 6, 26, 33, 46, 47, 49, 55, 56, 57, 70] - 5219, [1, 3, 9, 21, 22, 25, 33, 46, 47, 49, 55, 56, 60, 64, 66, 67, 69, 70] - 6912, [1, 3, 9, 21, 23, 31, 40, 44, 53, 54, 61, 65, 66, 67, 68, 70] - 6311, [1, 4, 10, 11, 21, 22, 24, 34, 41, 45, 47, 56, 57, 70] - 5684, [1, 4, 11, 21, 22, 25, 26, 28, 35, 46, 49, 55, 56, 57, 70] - 5433, [1, 4, 10, 20, 39, 44, 55, 56, 61, 65, 66, 67, 69, 70] - 6597, [1, 2, 3, 23, 33, 41, 45, 47, 55, 58, 62, 70] - 4045, [1, 3, 13, 40, 44, 56, 57, 70] - 3969]
melhor indiv??duo da gera????o:[1, 4, 11, 21, 31, 33, 49, 55, 57, 70] - 3943
gera????o: 26: 
[[1, 3, 5, 6, 26, 33, 46, 47, 49, 55, 56, 57, 70] - 5219, [1, 3, 9, 21, 23, 31, 40, 44, 53, 54, 61, 65, 66, 67, 68, 70] - 6311, [1, 4, 11, 21, 22, 25, 26, 28, 35, 46, 49, 55, 56, 57, 70] - 5433, [1, 2, 3, 23, 33, 41, 45, 47, 55, 58, 62, 70] - 4045, [1, 4, 11, 21, 31, 40, 44, 56, 63, 70] - 3935, [1, 3, 23, 31, 32, 37, 38, 43, 52, 53, 54, 61, 65, 68, 70] - 5739, [1, 3, 13, 21, 31, 41, 47, 49, 58, 62, 70] - 4335, [1, 2, 9, 21, 31, 33, 49, 58, 62, 70] - 3600, [1, 4, 11, 21, 31, 41, 46, 47, 56, 60, 64, 66, 67, 69, 70] - 6774]
melhor indiv??duo da gera????o:[1, 2, 9, 21, 31, 33, 49, 58, 62, 70] - 3600
gera????o: 27: 
[[1, 3, 9, 21, 23, 31, 40, 44, 53, 54, 61, 65, 66, 67, 68, 70] - 6311, [1, 2, 3, 23, 33, 41, 45, 47, 55, 58, 62, 70] - 4045, [1, 3, 23, 31, 32, 37, 38, 43, 52, 53, 54, 61, 65, 68, 70] - 5739, [1, 2, 9, 21, 31, 33, 49, 58, 62, 70] - 3600, [1, 4, 10, 11, 21, 31, 41, 44, 50, 53, 54, 56, 63, 70] - 4544, [1, 2, 3, 13, 22, 25, 33, 34, 46, 47, 56, 57, 70] - 4872, [1, 3, 23, 33, 34, 35, 46, 49, 55, 56, 61, 68, 70] - 5441, [1, 4, 11, 21, 23, 33, 40, 44, 50, 53, 61, 63, 70] - 4723, [1, 4, 10, 20, 31, 40, 44, 50, 53, 60, 65, 68, 70] - 5270]
melhor indiv??duo da gera????o:[1, 2, 9, 21, 31, 33, 49, 58, 62, 70] - 3600
gera????o: 28: 
[[1, 2, 3, 23, 33, 41, 45, 47, 55, 58, 62, 70] - 4045, [1, 2, 9, 21, 31, 33, 49, 58, 62, 70] - 3600, [1, 2, 3, 13, 22, 25, 33, 34, 46, 47, 56, 57, 70] - 4872, [1, 4, 11, 21, 23, 33, 40, 44, 50, 53, 61, 63, 70] - 4723, [1, 4, 11, 20, 29, 38, 43, 52, 60, 64, 66, 67, 69, 70] - 6030, [1, 3, 23, 33, 41, 46, 49, 55, 58, 62, 70] - 4437, [1, 2, 4, 10, 20, 32, 37, 42, 52, 53, 60, 61, 63, 70] - 5290, [1, 4, 11, 21, 22, 23, 33, 34, 35, 46, 47, 56, 61, 68, 70] - 5731, [1, 3, 13, 40, 41, 47, 49, 55, 58, 62, 70] - 4470]
melhor indiv??duo da gera????o:[1, 2, 9, 21, 31, 33, 49, 58, 62, 70] - 3600
gera????o: 29: 
[[1, 2, 9, 21, 31, 33, 49, 58, 62, 70] - 3600, [1, 4, 11, 21, 23, 33, 40, 44, 50, 53, 61, 63, 70] - 4723, [1, 3, 23, 33, 41, 46, 49, 55, 58, 62, 70] - 4437, [1, 4, 11, 21, 22, 23, 33, 34, 35, 46, 47, 56, 61, 68, 70] - 5731, [1, 4, 10, 20, 39, 56, 60, 64, 65, 68, 70] - 5735, [1, 2, 4, 10, 11, 20, 39, 40, 41, 46, 49, 58, 62, 70] - 5128, [1, 2, 3, 5, 12, 13, 23, 33, 34, 35, 46, 47, 55, 57, 70] - 4573, [1, 3, 5, 6, 26, 28, 35, 46, 47, 55, 58, 62, 70] - 4320, [1, 2, 9, 21, 23, 25, 26, 28, 36, 49, 58, 62, 70] - 4427]
melhor indiv??duo da gera????o:[1, 2, 9, 21, 31, 33, 49, 58, 62, 70] - 3600
gera????o: 30: 
[[1, 4, 11, 21, 23, 33, 40, 44, 50, 53, 61, 63, 70] - 4723, [1, 4, 11, 21, 22, 23, 33, 34, 35, 46, 47, 56, 61, 68, 70] - 5731, [1, 2, 4, 10, 11, 20, 39, 40, 41, 46, 49, 58, 62, 70] - 5128, [1, 3, 5, 6, 26, 28, 35, 46, 47, 55, 58, 62, 70] - 4320, [1, 4, 10, 20, 29, 37, 42, 51, 59, 66, 67, 68, 70] - 5803, [1, 2, 4, 11, 21, 22, 25, 26, 34, 41, 44, 55, 57, 70] - 4987, [1, 2, 3, 13, 14, 25, 26, 34, 46, 47, 49, 58, 62, 70] - 4534, [1, 2, 4, 10, 20, 31, 41, 46, 47, 56, 61, 68, 70] - 5757, [1, 2, 3, 9, 13, 31, 32, 39, 53, 54, 61, 68, 70] - 4734]
melhor indiv??duo da gera????o:[1, 3, 5, 6, 26, 28, 35, 46, 47, 55, 58, 62, 70] - 4320
gera????o: 31: 
[[1, 4, 11, 21, 22, 23, 33, 34, 35, 46, 47, 56, 61, 68, 70] - 5731, [1, 3, 5, 6, 26, 28, 35, 46, 47, 55, 58, 62, 70] - 4320, [1, 2, 4, 11, 21, 22, 25, 26, 34, 41, 44, 55, 57, 70] - 4987, [1, 2, 4, 10, 20, 31, 41, 46, 47, 56, 61, 68, 70] - 5757, [1, 4, 10, 20, 31, 32, 37, 42, 51, 59, 60, 65, 68, 70] - 5650, [1, 2, 4, 11, 21, 23, 25, 26, 31, 33, 39, 42, 50, 53, 54, 56, 61, 65, 68, 70] - 7175, [1, 4, 10, 11, 21, 22, 33, 40, 41, 44, 54, 56, 60, 64, 66, 67, 68, 70] - 6677, [1, 2, 3, 23, 31, 32, 39, 44, 50, 53, 61, 68, 70] - 5133, [1, 4, 10, 20, 29, 38, 43, 51, 59, 64, 65, 68, 70] - 5436]
melhor indiv??duo da gera????o:[1, 3, 5, 6, 26, 28, 35, 46, 47, 55, 58, 62, 70] - 4320
gera????o: 32: 
[[1, 3, 5, 6, 26, 28, 35, 46, 47, 55, 58, 62, 70] - 4320, [1, 2, 4, 10, 20, 31, 41, 46, 47, 56, 61, 68, 70] - 5757, [1, 2, 4, 11, 21, 23, 25, 26, 31, 33, 39, 42, 50, 53, 54, 56, 61, 65, 68, 70] - 7175, [1, 2, 3, 23, 31, 32, 39, 44, 50, 53, 61, 68, 70] - 5133, [1, 3, 12, 14, 17, 24, 27, 35, 46, 49, 55, 57, 70] - 4843, [1, 2, 9, 13, 23, 25, 26, 28, 34, 46, 49, 55, 56, 60, 65, 68, 70] - 6111, [1, 3, 13, 14, 24, 36, 49, 58, 62, 70] - 4703, [1, 3, 5, 12, 13, 31, 32, 39, 42, 43, 51, 59, 60, 64, 67, 69, 70] - 5696, [1, 4, 11, 21, 23, 25, 33, 49, 55, 56, 63, 70] - 4493]
melhor indiv??duo da gera????o:[1, 3, 5, 6, 26, 28, 35, 46, 47, 55, 58, 62, 70] - 4320
gera????o: 33: 
[[1, 2, 4, 10, 20, 31, 41, 46, 47, 56, 61, 68, 70] - 5757, [1, 2, 3, 23, 31, 32, 39, 44, 50, 53, 61, 68, 70] - 5133, [1, 2, 9, 13, 23, 25, 26, 28, 34, 46, 49, 55, 56, 60, 65, 68, 70] - 6111, [1, 3, 5, 12, 13, 31, 32, 39, 42, 43, 51, 59, 60, 64, 67, 69, 70] - 5696, [1, 2, 4, 10, 11, 21, 23, 31, 40, 41, 47, 49, 58, 62, 70] - 4656, [1, 4, 11, 20, 29, 38, 43, 52, 53, 61, 65, 66, 67, 69, 70] - 6822, [1, 3, 23, 25, 33, 40, 44, 54, 61, 63, 70] - 4159, [1, 3, 13, 40, 44, 54, 61, 63, 70] - 3810, [1, 4, 11, 20, 32, 40, 44, 45, 57, 70] - 4457]
melhor indiv??duo da gera????o:[1, 3, 13, 40, 44, 54, 61, 63, 70] - 3810
gera????o: 34: 
[[1, 2, 3, 23, 31, 32, 39, 44, 50, 53, 61, 68, 70] - 5133, [1, 3, 5, 12, 13, 31, 32, 39, 42, 43, 51, 59, 60, 64, 67, 69, 70] - 5696, [1, 4, 11, 20, 29, 38, 43, 52, 53, 61, 65, 66, 67, 69, 70] - 6822, [1, 3, 13, 40, 44, 54, 61, 63, 70] - 3810, [1, 4, 11, 21, 31, 40, 41, 45, 47, 55, 58, 62, 70] - 4293, [1, 4, 11, 20, 30, 31, 33, 34, 35, 36, 49, 55, 58, 62, 70] - 5648, [1, 2, 9, 13, 31, 40, 41, 46, 47, 49, 58, 62, 70] - 4582, [1, 4, 10, 11, 21, 31, 41, 45, 56, 57, 70] - 4210, [1, 4, 10, 20, 21, 23, 33, 46, 47, 56, 60, 61, 63, 70] - 6118]
melhor indiv??duo da gera????o:[1, 3, 13, 40, 44, 54, 61, 63, 70] - 3810
gera????o: 35: 
[[1, 3, 5, 12, 13, 31, 32, 39, 42, 43, 51, 59, 60, 64, 67, 69, 70] - 5696, [1, 3, 13, 40, 44, 54, 61, 63, 70] - 3810, [1, 4, 11, 20, 30, 31, 33, 34, 35, 36, 49, 55, 58, 62, 70] - 5648, [1, 4, 10, 11, 21, 31, 41, 45, 56, 57, 70] - 4210, [1, 2, 3, 12, 14, 17, 18, 24, 27, 28, 34, 46, 47, 56, 63, 70] - 5855, [1, 2, 4, 11, 20, 21, 31, 41, 44, 50, 53, 60, 64, 65, 68, 70] - 6340, [1, 4, 10, 20, 31, 32, 39, 42, 50, 53, 60, 65, 66, 67, 69, 70] - 6646, [1, 4, 10, 11, 20, 31, 40, 41, 47, 55, 58, 62, 70] - 4750, [1, 3, 12, 22, 23, 25, 26, 33, 34, 35, 46, 49, 55, 58, 62, 70] - 5056]
melhor indiv??duo da gera????o:[1, 3, 13, 40, 44, 54, 61, 63, 70] - 3810
gera????o: 36: 
[[1, 3, 13, 40, 44, 54, 61, 63, 70] - 3810, [1, 4, 10, 11, 21, 31, 41, 45, 56, 57, 70] - 4210, [1, 2, 4, 11, 20, 21, 31, 41, 44, 50, 53, 60, 64, 65, 68, 70] - 6340, [1, 4, 10, 11, 20, 31, 40, 41, 47, 55, 58, 62, 70] - 4750, [1, 4, 11, 20, 37, 38, 43, 51, 59, 64, 66, 67, 68, 70] - 6006, [1, 4, 10, 11, 20, 30, 32, 39, 42, 43, 52, 53, 61, 68, 70] - 5942, [1, 2, 9, 13, 31, 32, 40, 41, 44, 53, 60, 61, 65, 66, 67, 68, 70] - 6800, [1, 4, 11, 21, 22, 33, 39, 56, 61, 65, 66, 67, 69, 70] - 6614, [1, 4, 11, 21, 23, 31, 32, 37, 39, 42, 50, 53, 61, 68, 70] - 5673]
melhor indiv??duo da gera????o:[1, 3, 13, 40, 44, 54, 61, 63, 70] - 3810
gera????o: 37: 
[[1, 4, 10, 11, 21, 31, 41, 45, 56, 57, 70] - 4210, [1, 4, 10, 11, 20, 31, 40, 41, 47, 55, 58, 62, 70] - 4750, [1, 4, 10, 11, 20, 30, 32, 39, 42, 43, 52, 53, 61, 68, 70] - 5942, [1, 4, 11, 21, 22, 33, 39, 56, 61, 65, 66, 67, 69, 70] - 6614, [1, 2, 9, 21, 23, 33, 49, 55, 58, 62, 70] - 3754, [1, 2, 9, 13, 14, 24, 36, 49, 55, 58, 62, 70] - 4857, [1, 3, 13, 21, 31, 41, 45, 57, 70] - 3896, [1, 2, 9, 21, 31, 33, 46, 49, 55, 57, 70] - 4111, [1, 3, 5, 12, 14, 24, 28, 34, 41, 45, 56, 57, 70] - 4870]
melhor indiv??duo da gera????o:[1, 2, 9, 21, 23, 33, 49, 55, 58, 62, 70] - 3754
gera????o: 38: 
[[1, 4, 10, 11, 20, 31, 40, 41, 47, 55, 58, 62, 70] - 4750, [1, 4, 11, 21, 22, 33, 39, 56, 61, 65, 66, 67, 69, 70] - 6614, [1, 2, 9, 13, 14, 24, 36, 49, 55, 58, 62, 70] - 4857, [1, 2, 9, 21, 31, 33, 46, 49, 55, 57, 70] - 4111, [1, 4, 10, 20, 31, 40, 41, 44, 53, 60, 65, 66, 67, 68, 70] - 6725, [1, 3, 9, 13, 23, 31, 32, 40, 44, 56, 61, 68, 70] - 4651, [1, 3, 23, 31, 33, 41, 47, 49, 58, 62, 70] - 4348, [1, 4, 10, 11, 20, 32, 37, 39, 42, 43, 52, 53, 54, 61, 65, 68, 70] - 6411, [1, 3, 13, 21, 31, 33, 34, 35, 49, 58, 62, 70] - 4467]
melhor indiv??duo da gera????o:[1, 2, 9, 21, 31, 33, 46, 49, 55, 57, 70] - 4111
gera????o: 39: 
[[1, 4, 11, 21, 22, 33, 39, 56, 61, 65, 66, 67, 69, 70] - 6614, [1, 2, 9, 21, 31, 33, 46, 49, 55, 57, 70] - 4111, [1, 3, 9, 13, 23, 31, 32, 40, 44, 56, 61, 68, 70] - 4651, [1, 4, 10, 11, 20, 32, 37, 39, 42, 43, 52, 53, 54, 61, 65, 68, 70] - 6411, [1, 3, 9, 21, 22, 33, 46, 47, 49, 58, 62, 70] - 4498, [1, 2, 4, 11, 20, 21, 22, 33, 40, 44, 53, 61, 65, 66, 67, 69, 70] - 7257, [1, 3, 9, 13, 14, 22, 24, 26, 28, 36, 48, 49, 58, 62, 70] - 5405, [1, 3, 5, 6, 8, 17, 26, 28, 35, 46, 47, 56, 60, 65, 66, 67, 68, 70] - 7333, [1, 3, 23, 25, 33, 47, 55, 58, 62, 70] - 3733]
melhor indiv??duo da gera????o:[1, 3, 23, 25, 33, 47, 55, 58, 62, 70] - 3733
gera????o: 40: 
[[1, 2, 9, 21, 31, 33, 46, 49, 55, 57, 70] - 4111, [1, 4, 10, 11, 20, 32, 37, 39, 42, 43, 52, 53, 54, 61, 65, 68, 70] - 6411, [1, 2, 4, 11, 20, 21, 22, 33, 40, 44, 53, 61, 65, 66, 67, 69, 70] - 7257, [1, 3, 5, 6, 8, 17, 26, 28, 35, 46, 47, 56, 60, 65, 66, 67, 68, 70] - 7333, [1, 3, 5, 6, 17, 24, 34, 35, 36, 48, 49, 58, 62, 70] - 4566, [1, 2, 3, 9, 11, 20, 21, 22, 25, 26, 31, 40, 44, 53, 60, 64, 65, 68, 70] - 6998, [1, 2, 4, 11, 20, 32, 39, 50, 53, 54, 56, 61, 63, 70] - 4963, [1, 4, 11, 21, 23, 31, 32, 39, 42, 52, 53, 61, 68, 70] - 5408, [1, 3, 5, 6, 17, 24, 34, 41, 46, 47, 55, 56, 57, 70] - 5454]
melhor indiv??duo da gera????o:[1, 2, 9, 21, 31, 33, 46, 49, 55, 57, 70] - 4111
gera????o: 41: 
[[1, 4, 10, 11, 20, 32, 37, 39, 42, 43, 52, 53, 54, 61, 65, 68, 70] - 6411, [1, 3, 5, 6, 8, 17, 26, 28, 35, 46, 47, 56, 60, 65, 66, 67, 68, 70] - 7333, [1, 2, 3, 9, 11, 20, 21, 22, 25, 26, 31, 40, 44, 53, 60, 64, 65, 68, 70] - 6998, [1, 4, 11, 21, 23, 31, 32, 39, 42, 52, 53, 61, 68, 70] - 5408, [1, 3, 23, 33, 47, 55, 58, 62, 70] - 3571, [1, 4, 10, 20, 31, 32, 37, 38, 43, 52, 59, 60, 65, 67, 68, 70] - 6958, [1, 4, 11, 21, 22, 25, 33, 39, 50, 53, 60, 65, 68, 70] - 5666, [1, 3, 13, 21, 31, 32, 39, 40, 41, 45, 57, 70] - 4301, [1, 4, 10, 11, 21, 22, 33, 40, 44, 45, 57, 70] - 4405]
melhor indiv??duo da gera????o:[1, 3, 23, 33, 47, 55, 58, 62, 70] - 3571
gera????o: 42: 
[[1, 3, 5, 6, 8, 17, 26, 28, 35, 46, 47, 56, 60, 65, 66, 67, 68, 70] - 7333, [1, 4, 11, 21, 23, 31, 32, 39, 42, 52, 53, 61, 68, 70] - 5408, [1, 4, 10, 20, 31, 32, 37, 38, 43, 52, 59, 60, 65, 67, 68, 70] - 6958, [1, 3, 13, 21, 31, 32, 39, 40, 41, 45, 57, 70] - 4301, [1, 2, 9, 11, 21, 31, 41, 45, 57, 70] - 3732, [1, 3, 12, 22, 33, 41, 45, 56, 57, 70] - 3995, [1, 4, 10, 20, 31, 33, 39, 42, 51, 59, 64, 66, 67, 69, 70] - 6746, [1, 3, 9, 11, 20, 37, 38, 43, 52, 53, 54, 56, 57, 70] - 5216, [1, 4, 11, 20, 32, 39, 50, 53, 54, 56, 63, 70] - 4675]
melhor indiv??duo da gera????o:[1, 2, 9, 11, 21, 31, 41, 45, 57, 70] - 3732
gera????o: 43: 
[[1, 4, 11, 21, 23, 31, 32, 39, 42, 52, 53, 61, 68, 70] - 5408, [1, 3, 13, 21, 31, 32, 39, 40, 41, 45, 57, 70] - 4301, [1, 3, 12, 22, 33, 41, 45, 56, 57, 70] - 3995, [1, 3, 9, 11, 20, 37, 38, 43, 52, 53, 54, 56, 57, 70] - 5216, [1, 2, 9, 13, 31, 33, 41, 47, 55, 56, 61, 65, 68, 70] - 5232, [1, 4, 10, 20, 21, 31, 33, 34, 41, 44, 45, 56, 63, 70] - 5387, [1, 2, 4, 11, 20, 30, 32, 40, 44, 45, 57, 70] - 4604, [1, 3, 5, 6, 12, 22, 24, 27, 28, 36, 49, 55, 58, 62, 70] - 5265, [1, 2, 4, 11, 21, 31, 32, 37, 39, 53, 54, 61, 68, 70] - 5045]
melhor indiv??duo da gera????o:[1, 3, 12, 22, 33, 41, 45, 56, 57, 70] - 3995
gera????o: 44: 
[[1, 3, 13, 21, 31, 32, 39, 40, 41, 45, 57, 70] - 4301, [1, 3, 9, 11, 20, 37, 38, 43, 52, 53, 54, 56, 57, 70] - 5216, [1, 4, 10, 20, 21, 31, 33, 34, 41, 44, 45, 56, 63, 70] - 5387, [1, 3, 5, 6, 12, 22, 24, 27, 28, 36, 49, 55, 58, 62, 70] - 5265, [1, 2, 3, 9, 11, 20, 21, 22, 23, 33, 41, 44, 50, 53, 60, 61, 68, 70] - 6304, [1, 3, 9, 11, 21, 23, 25, 33, 49, 58, 62, 70] - 3861, [1, 4, 11, 20, 21, 31, 41, 47, 49, 58, 62, 70] - 5106, [1, 3, 9, 13, 40, 44, 45, 57, 70] - 3921, [1, 2, 4, 10, 20, 32, 39, 42, 52, 53, 60, 61, 68, 70] - 5704]
melhor indiv??duo da gera????o:[1, 3, 9, 11, 21, 23, 25, 33, 49, 58, 62, 70] - 3861
gera????o: 45: 
[[1, 3, 9, 11, 20, 37, 38, 43, 52, 53, 54, 56, 57, 70] - 5216, [1, 3, 5, 6, 12, 22, 24, 27, 28, 36, 49, 55, 58, 62, 70] - 5265, [1, 3, 9, 11, 21, 23, 25, 33, 49, 58, 62, 70] - 3861, [1, 3, 9, 13, 40, 44, 45, 57, 70] - 3921, [1, 4, 11, 21, 22, 23, 33, 46, 47, 56, 60, 64, 66, 67, 69, 70] - 6567, [1, 4, 10, 20, 32, 40, 41, 46, 49, 55, 58, 62, 70] - 4911, [1, 3, 12, 13, 22, 23, 31, 41, 45, 57, 70] - 4016, [1, 2, 4, 10, 11, 21, 22, 25, 33, 47, 49, 58, 62, 70] - 4195, [1, 4, 11, 20, 31, 32, 39, 44, 54, 61, 68, 70] - 5251]
melhor indiv??duo da gera????o:[1, 3, 9, 11, 21, 23, 25, 33, 49, 58, 62, 70] - 3861
gera????o: 46: 
[[1, 3, 5, 6, 12, 22, 24, 27, 28, 36, 49, 55, 58, 62, 70] - 5265, [1, 3, 9, 13, 40, 44, 45, 57, 70] - 3921, [1, 4, 10, 20, 32, 40, 41, 46, 49, 55, 58, 62, 70] - 4911, [1, 2, 4, 10, 11, 21, 22, 25, 33, 47, 49, 58, 62, 70] - 4195, [1, 3, 12, 14, 25, 33, 46, 49, 55, 56, 63, 70] - 4609, [1, 4, 10, 20, 37, 39, 42, 51, 59, 64, 67, 69, 70] - 5692, [1, 2, 4, 10, 20, 31, 33, 34, 35, 46, 49, 55, 56, 63, 70] - 5573, [1, 3, 12, 14, 26, 28, 36, 49, 58, 62, 70] - 4274, [1, 2, 9, 11, 21, 23, 33, 34, 35, 36, 48, 49, 58, 62, 70] - 4673]
melhor indiv??duo da gera????o:[1, 3, 9, 13, 40, 44, 45, 57, 70] - 3921
gera????o: 47: 
[[1, 3, 9, 13, 40, 44, 45, 57, 70] - 3921, [1, 2, 4, 10, 11, 21, 22, 25, 33, 47, 49, 58, 62, 70] - 4195, [1, 4, 10, 20, 37, 39, 42, 51, 59, 64, 67, 69, 70] - 5692, [1, 3, 12, 14, 26, 28, 36, 49, 58, 62, 70] - 4274, [1, 2, 4, 11, 21, 31, 40, 44, 45, 57, 70] - 4119, [1, 3, 13, 22, 33, 41, 44, 45, 57, 70] - 4097, [1, 2, 4, 11, 21, 22, 23, 31, 33, 34, 46, 47, 56, 63, 70] - 5155, [1, 3, 9, 11, 20, 30, 31, 40, 44, 53, 54, 56, 61, 63, 70] - 5131, [1, 4, 11, 21, 22, 23, 31, 41, 46, 47, 55, 56, 63, 70] - 5336]
melhor indiv??duo da gera????o:[1, 3, 9, 13, 40, 44, 45, 57, 70] - 3921
gera????o: 48: 
[[1, 2, 4, 10, 11, 21, 22, 25, 33, 47, 49, 58, 62, 70] - 4195, [1, 3, 12, 14, 26, 28, 36, 49, 58, 62, 70] - 4274, [1, 3, 13, 22, 33, 41, 44, 45, 57, 70] - 4097, [1, 3, 9, 11, 20, 30, 31, 40, 44, 53, 54, 56, 61, 63, 70] - 5131, [1, 4, 10, 20, 39, 53, 54, 56, 61, 68, 70] - 4754, [1, 3, 23, 33, 46, 49, 55, 56, 61, 68, 70] - 4979, [1, 4, 11, 21, 31, 40, 41, 44, 55, 58, 62, 70] - 4575, [1, 4, 11, 21, 23, 25, 33, 46, 47, 56, 63, 70] - 4743, [1, 3, 9, 21, 22, 33, 41, 47, 49, 55, 57, 70] - 4505]
melhor indiv??duo da gera????o:[1, 3, 13, 22, 33, 41, 44, 45, 57, 70] - 4097
gera????o: 49: 
[[1, 3, 12, 14, 26, 28, 36, 49, 58, 62, 70] - 4274, [1, 3, 9, 11, 20, 30, 31, 40, 44, 53, 54, 56, 61, 63, 70] - 5131, [1, 3, 23, 33, 46, 49, 55, 56, 61, 68, 70] - 4979, [1, 4, 11, 21, 23, 25, 33, 46, 47, 56, 63, 70] - 4743, [1, 4, 10, 20, 29, 37, 42, 43, 51, 59, 64, 65, 68, 70] - 5493, [1, 4, 10, 20, 21, 31, 32, 40, 44, 55, 56, 57, 70] - 5325, [1, 4, 10, 20, 21, 23, 33, 46, 49, 55, 58, 62, 70] - 4810, [1, 2, 3, 9, 13, 14, 24, 28, 35, 36, 48, 49, 55, 57, 70] - 5190, [1, 2, 4, 10, 11, 20, 21, 31, 40, 41, 44, 45, 47, 56, 63, 70] - 5556]
melhor indiv??duo da gera????o:[1, 3, 12, 14, 26, 28, 36, 49, 58, 62, 70] - 4274
gera????o: 50: 
[[1, 3, 9, 11, 20, 30, 31, 40, 44, 53, 54, 56, 61, 63, 70] - 5131, [1, 4, 11, 21, 23, 25, 33, 46, 47, 56, 63, 70] - 4743, [1, 4, 10, 20, 21, 31, 32, 40, 44, 55, 56, 57, 70] - 5325, [1, 2, 3, 9, 13, 14, 24, 28, 35, 36, 48, 49, 55, 57, 70] - 5190, [1, 3, 5, 12, 14, 26, 28, 36, 49, 58, 62, 70] - 4300, [1, 3, 13, 14, 26, 31, 33, 39, 50, 53, 60, 65, 66, 67, 69, 70] - 7184, [1, 4, 11, 21, 31, 40, 44, 50, 53, 61, 68, 70] - 4750, [1, 2, 4, 10, 20, 21, 31, 33, 39, 56, 61, 65, 67, 68, 70] - 6907, [1, 4, 10, 11, 21, 23, 33, 40, 44, 53, 54, 61, 63, 70] - 4695]
melhor indiv??duo da gera????o:[1, 3, 5, 12, 14, 26, 28, 36, 49, 58, 62, 70] - 4300
gera????o: 51: 
[[1, 4, 11, 21, 23, 25, 33, 46, 47, 56, 63, 70] - 4743, [1, 2, 3, 9, 13, 14, 24, 28, 35, 36, 48, 49, 55, 57, 70] - 5190, [1, 3, 13, 14, 26, 31, 33, 39, 50, 53, 60, 65, 66, 67, 69, 70] - 7184, [1, 2, 4, 10, 20, 21, 31, 33, 39, 56, 61, 65, 67, 68, 70] - 6907, [1, 2, 4, 10, 11, 21, 23, 31, 41, 44, 45, 57, 70] - 4502, [1, 2, 9, 11, 20, 39, 42, 43, 51, 59, 66, 67, 68, 70] - 6042, [1, 3, 5, 12, 13, 31, 32, 39, 40, 44, 55, 58, 62, 70] - 4491, [1, 2, 3, 13, 40, 41, 47, 49, 58, 62, 70] - 4377, [1, 2, 9, 21, 22, 33, 47, 56, 61, 65, 67, 68, 70] - 5700]
melhor indiv??duo da gera????o:[1, 2, 3, 13, 40, 41, 47, 49, 58, 62, 70] - 4377
gera????o: 52: 
[[1, 2, 3, 9, 13, 14, 24, 28, 35, 36, 48, 49, 55, 57, 70] - 5190, [1, 2, 4, 10, 20, 21, 31, 33, 39, 56, 61, 65, 67, 68, 70] - 6907, [1, 2, 9, 11, 20, 39, 42, 43, 51, 59, 66, 67, 68, 70] - 6042, [1, 2, 3, 13, 40, 41, 47, 49, 58, 62, 70] - 4377, [1, 2, 9, 13, 14, 26, 33, 39, 42, 52, 59, 66, 67, 69, 70] - 6576, [1, 3, 9, 21, 22, 33, 49, 58, 62, 70] - 3811, [1, 2, 3, 23, 31, 40, 41, 44, 50, 53, 61, 68, 70] - 5048, [1, 3, 13, 22, 25, 26, 34, 35, 46, 47, 56, 57, 70] - 4908, [1, 2, 9, 11, 20, 30, 32, 40, 44, 56, 63, 70] - 4177]
melhor indiv??duo da gera????o:[1, 3, 9, 21, 22, 33, 49, 58, 62, 70] - 3811
gera????o: 53: 
[[1, 2, 4, 10, 20, 21, 31, 33, 39, 56, 61, 65, 67, 68, 70] - 6907, [1, 2, 3, 13, 40, 41, 47, 49, 58, 62, 70] - 4377, [1, 3, 9, 21, 22, 33, 49, 58, 62, 70] - 3811, [1, 3, 13, 22, 25, 26, 34, 35, 46, 47, 56, 57, 70] - 4908, [1, 2, 3, 23, 31, 32, 40, 44, 50, 53, 54, 56, 63, 70] - 4492, [1, 4, 10, 20, 21, 22, 24, 26, 33, 49, 58, 62, 70] - 5116, [1, 3, 9, 21, 22, 23, 31, 33, 34, 41, 44, 53, 61, 65, 68, 70] - 6275, [1, 3, 9, 21, 31, 33, 46, 49, 58, 62, 70] - 4182, [1, 2, 3, 5, 6, 17, 24, 34, 35, 36, 48, 58, 62, 70] - 4604]
melhor indiv??duo da gera????o:[1, 3, 9, 21, 22, 33, 49, 58, 62, 70] - 3811
gera????o: 54: 
[[1, 2, 3, 13, 40, 41, 47, 49, 58, 62, 70] - 4377, [1, 3, 13, 22, 25, 26, 34, 35, 46, 47, 56, 57, 70] - 4908, [1, 4, 10, 20, 21, 22, 24, 26, 33, 49, 58, 62, 70] - 5116, [1, 3, 9, 21, 31, 33, 46, 49, 58, 62, 70] - 4182, [1, 2, 3, 12, 22, 23, 33, 39, 42, 52, 60, 61, 63, 70] - 5266, [1, 2, 3, 23, 33, 39, 53, 61, 68, 70] - 4993, [1, 4, 11, 21, 22, 23, 31, 40, 44, 50, 53, 60, 61, 68, 70] - 5541, [1, 3, 5, 6, 22, 23, 31, 32, 37, 38, 43, 51, 59, 60, 65, 68, 70] - 5452, [1, 2, 3, 12, 13, 40, 41, 47, 55, 57, 70] - 4092]
melhor indiv??duo da gera????o:[1, 2, 3, 12, 13, 40, 41, 47, 55, 57, 70] - 4092
gera????o: 55: 
[[1, 3, 13, 22, 25, 26, 34, 35, 46, 47, 56, 57, 70] - 4908, [1, 3, 9, 21, 31, 33, 46, 49, 58, 62, 70] - 4182, [1, 2, 3, 23, 33, 39, 53, 61, 68, 70] - 4993, [1, 3, 5, 6, 22, 23, 31, 32, 37, 38, 43, 51, 59, 60, 65, 68, 70] - 5452, [1, 2, 3, 9, 13, 22, 23, 33, 34, 46, 47, 55, 58, 62, 70] - 4452, [1, 3, 9, 13, 40, 41, 44, 45, 56, 57, 70] - 4520, [1, 4, 11, 20, 39, 56, 61, 63, 70] - 4637, [1, 4, 10, 11, 21, 31, 33, 49, 58, 62, 70] - 3781, [1, 3, 9, 21, 22, 23, 31, 40, 44, 50, 53, 60, 65, 68, 70] - 5308]
melhor indiv??duo da gera????o:[1, 4, 10, 11, 21, 31, 33, 49, 58, 62, 70] - 3781
gera????o: 56: 
[[1, 3, 9, 21, 31, 33, 46, 49, 58, 62, 70] - 4182, [1, 3, 5, 6, 22, 23, 31, 32, 37, 38, 43, 51, 59, 60, 65, 68, 70] - 5452, [1, 3, 9, 13, 40, 41, 44, 45, 56, 57, 70] - 4520, [1, 4, 10, 11, 21, 31, 33, 49, 58, 62, 70] - 3781, [1, 4, 11, 20, 37, 42, 51, 59, 64, 65, 67, 68, 70] - 6416, [1, 4, 11, 20, 37, 38, 43, 51, 59, 60, 61, 63, 70] - 5114, [1, 4, 11, 20, 21, 31, 40, 41, 45, 56, 60, 65, 67, 68, 70] - 6970, [1, 2, 4, 11, 21, 23, 33, 40, 41, 45, 56, 57, 70] - 4712, [1, 3, 13, 21, 22, 33, 41, 45, 57, 70] - 4007]
melhor indiv??duo da gera????o:[1, 4, 10, 11, 21, 31, 33, 49, 58, 62, 70] - 3781
gera????o: 57: 
[[1, 3, 5, 6, 22, 23, 31, 32, 37, 38, 43, 51, 59, 60, 65, 68, 70] - 5452, [1, 4, 10, 11, 21, 31, 33, 49, 58, 62, 70] - 3781, [1, 4, 11, 20, 37, 38, 43, 51, 59, 60, 61, 63, 70] - 5114, [1, 2, 4, 11, 21, 23, 33, 40, 41, 45, 56, 57, 70] - 4712, [1, 3, 5, 6, 7, 14, 24, 36, 49, 55, 58, 62, 70] - 4737, [1, 4, 10, 20, 31, 40, 44, 53, 60, 65, 66, 67, 69, 70] - 6257, [1, 4, 11, 21, 23, 33, 34, 35, 49, 58, 62, 70] - 4474, [1, 3, 12, 22, 24, 34, 46, 49, 58, 62, 70] - 4325, [1, 4, 10, 20, 39, 56, 60, 65, 67, 69, 70] - 6116]
melhor indiv??duo da gera????o:[1, 4, 10, 11, 21, 31, 33, 49, 58, 62, 70] - 3781
gera????o: 58: 
[[1, 4, 10, 11, 21, 31, 33, 49, 58, 62, 70] - 3781, [1, 2, 4, 11, 21, 23, 33, 40, 41, 45, 56, 57, 70] - 4712, [1, 4, 10, 20, 31, 40, 44, 53, 60, 65, 66, 67, 69, 70] - 6257, [1, 3, 12, 22, 24, 34, 46, 49, 58, 62, 70] - 4325, [1, 4, 10, 20, 37, 39, 42, 43, 51, 59, 64, 65, 67, 68, 70] - 6424, [1, 3, 5, 12, 13, 40, 44, 45, 57, 70] - 3867, [1, 4, 10, 20, 39, 44, 55, 56, 63, 70] - 4822, [1, 4, 11, 21, 22, 25, 33, 49, 58, 62, 70] - 3936, [1, 2, 3, 5, 12, 14, 26, 31, 41, 47, 55, 56, 61, 63, 70] - 5426]
melhor indiv??duo da gera????o:[1, 4, 10, 11, 21, 31, 33, 49, 58, 62, 70] - 3781
gera????o: 59: 
[[1, 2, 4, 11, 21, 23, 33, 40, 41, 45, 56, 57, 70] - 4712, [1, 3, 12, 22, 24, 34, 46, 49, 58, 62, 70] - 4325, [1, 3, 5, 12, 13, 40, 44, 45, 57, 70] - 3867, [1, 4, 11, 21, 22, 25, 33, 49, 58, 62, 70] - 3936, [1, 3, 23, 33, 41, 45, 47, 49, 58, 62, 70] - 4058, [1, 3, 9, 21, 23, 33, 39, 42, 51, 59, 64, 65, 66, 67, 69, 70] - 7062, [1, 3, 12, 14, 26, 33, 39, 44, 45, 56, 61, 65, 67, 69, 70] - 6443, [1, 2, 4, 10, 20, 31, 32, 39, 44, 56, 60, 65, 68, 70] - 5965, [1, 4, 10, 11, 20, 29, 37, 42, 50, 53, 61, 63, 70] - 4804]
melhor indiv??duo da gera????o:[1, 3, 5, 12, 13, 40, 44, 45, 57, 70] - 3867
gera????o: 60: 
[[1, 3, 12, 22, 24, 34, 46, 49, 58, 62, 70] - 4325, [1, 4, 11, 21, 22, 25, 33, 49, 58, 62, 70] - 3936, [1, 3, 9, 21, 23, 33, 39, 42, 51, 59, 64, 65, 66, 67, 69, 70] - 7062, [1, 2, 4, 10, 20, 31, 32, 39, 44, 56, 60, 65, 68, 70] - 5965, [1, 4, 10, 20, 30, 31, 32, 40, 41, 45, 57, 70] - 4362, [1, 3, 13, 21, 23, 25, 26, 28, 35, 36, 49, 58, 62, 70] - 4694, [1, 4, 10, 20, 31, 32, 39, 53, 61, 65, 67, 69, 70] - 5887, [1, 4, 11, 21, 23, 31, 41, 47, 49, 55, 58, 62, 70] - 4849, [1, 4, 11, 21, 31, 41, 45, 56, 63, 70] - 4050]
melhor indiv??duo da gera????o:[1, 4, 11, 21, 22, 25, 33, 49, 58, 62, 70] - 3936
gera????o: 61: 
[[1, 4, 11, 21, 22, 25, 33, 49, 58, 62, 70] - 3936, [1, 2, 4, 10, 20, 31, 32, 39, 44, 56, 60, 65, 68, 70] - 5965, [1, 3, 13, 21, 23, 25, 26, 28, 35, 36, 49, 58, 62, 70] - 4694, [1, 4, 11, 21, 23, 31, 41, 47, 49, 55, 58, 62, 70] - 4849, [1, 2, 4, 11, 21, 22, 25, 26, 31, 40, 44, 56, 57, 70] - 5119, [1, 2, 4, 10, 11, 21, 22, 25, 26, 31, 33, 47, 56, 60, 65, 66, 67, 68, 70] - 7568, [1, 2, 9, 21, 23, 25, 26, 28, 34, 41, 47, 56, 57, 70] - 5281, [1, 4, 11, 20, 31, 33, 40, 44, 56, 57, 70] - 5084, [1, 2, 4, 11, 21, 22, 25, 26, 28, 35, 36, 48, 58, 62, 70] - 4873]
melhor indiv??duo da gera????o:[1, 4, 11, 21, 22, 25, 33, 49, 58, 62, 70] - 3936
gera????o: 62: 
[[1, 2, 4, 10, 20, 31, 32, 39, 44, 56, 60, 65, 68, 70] - 5965, [1, 4, 11, 21, 23, 31, 41, 47, 49, 55, 58, 62, 70] - 4849, [1, 2, 4, 10, 11, 21, 22, 25, 26, 31, 33, 47, 56, 60, 65, 66, 67, 68, 70] - 7568, [1, 4, 11, 20, 31, 33, 40, 44, 56, 57, 70] - 5084, [1, 2, 9, 13, 21, 31, 33, 46, 47, 56, 61, 63, 70] - 4713, [1, 3, 12, 14, 17, 18, 19, 27, 28, 34, 41, 46, 49, 55, 56, 61, 68, 70] - 6747, [1, 3, 23, 25, 26, 28, 34, 35, 49, 55, 58, 62, 70] - 4575, [1, 2, 9, 11, 20, 29, 38, 43, 51, 59, 64, 67, 69, 70] - 5603, [1, 2, 4, 10, 11, 21, 22, 23, 33, 41, 47, 56, 61, 63, 70] - 4851]
melhor indiv??duo da gera????o:[1, 3, 23, 25, 26, 28, 34, 35, 49, 55, 58, 62, 70] - 4575
gera????o: 63: 
[[1, 4, 11, 21, 23, 31, 41, 47, 49, 55, 58, 62, 70] - 4849, [1, 4, 11, 20, 31, 33, 40, 44, 56, 57, 70] - 5084, [1, 3, 12, 14, 17, 18, 19, 27, 28, 34, 41, 46, 49, 55, 56, 61, 68, 70] - 6747, [1, 2, 9, 11, 20, 29, 38, 43, 51, 59, 64, 67, 69, 70] - 5603, [1, 4, 10, 11, 20, 29, 37, 39, 50, 53, 61, 63, 70] - 4668, [1, 3, 12, 22, 23, 25, 33, 39, 40, 41, 44, 53, 60, 64, 66, 67, 69, 70] - 6613, [1, 2, 3, 5, 6, 14, 17, 24, 28, 36, 49, 58, 62, 70] - 4508, [1, 2, 9, 11, 21, 31, 32, 39, 56, 60, 61, 68, 70] - 5524, [1, 2, 4, 11, 20, 29, 37, 39, 42, 52, 60, 64, 67, 69, 70] - 5914]
melhor indiv??duo da gera????o:[1, 2, 3, 5, 6, 14, 17, 24, 28, 36, 49, 58, 62, 70] - 4508
gera????o: 64: 
[[1, 4, 11, 20, 31, 33, 40, 44, 56, 57, 70] - 5084, [1, 2, 9, 11, 20, 29, 38, 43, 51, 59, 64, 67, 69, 70] - 5603, [1, 3, 12, 22, 23, 25, 33, 39, 40, 41, 44, 53, 60, 64, 66, 67, 69, 70] - 6613, [1, 2, 9, 11, 21, 31, 32, 39, 56, 60, 61, 68, 70] - 5524, [1, 2, 4, 11, 21, 22, 25, 33, 49, 55, 58, 62, 70] - 4239, [1, 2, 9, 11, 20, 29, 37, 42, 43, 51, 59, 64, 66, 67, 69, 70] - 5790, [1, 4, 11, 20, 21, 23, 33, 47, 56, 57, 70] - 5084, [1, 3, 23, 31, 41, 46, 47, 55, 57, 70] - 4409, [1, 3, 23, 25, 26, 28, 35, 49, 58, 62, 70] - 4132]
melhor indiv??duo da gera????o:[1, 3, 23, 25, 26, 28, 35, 49, 58, 62, 70] - 4132
gera????o: 65: 
[[1, 2, 9, 11, 20, 29, 38, 43, 51, 59, 64, 67, 69, 70] - 5603, [1, 2, 9, 11, 21, 31, 32, 39, 56, 60, 61, 68, 70] - 5524, [1, 2, 9, 11, 20, 29, 37, 42, 43, 51, 59, 64, 66, 67, 69, 70] - 5790, [1, 3, 23, 31, 41, 46, 47, 55, 57, 70] - 4409, [1, 2, 4, 10, 11, 21, 23, 25, 33, 47, 49, 55, 57, 70] - 4292, [1, 4, 10, 20, 31, 41, 46, 47, 55, 56, 60, 64, 67, 69, 70] - 6913, [1, 4, 10, 20, 32, 40, 44, 53, 61, 63, 70] - 4576, [1, 3, 5, 12, 14, 25, 33, 39, 56, 57, 70] - 4826, [1, 2, 3, 12, 13, 22, 23, 31, 33, 46, 47, 55, 57, 70] - 4432]
melhor indiv??duo da gera????o:[1, 2, 4, 10, 11, 21, 23, 25, 33, 47, 49, 55, 57, 70] - 4292
gera????o: 66: 
[[1, 2, 9, 11, 21, 31, 32, 39, 56, 60, 61, 68, 70] - 5524, [1, 3, 23, 31, 41, 46, 47, 55, 57, 70] - 4409, [1, 4, 10, 20, 31, 41, 46, 47, 55, 56, 60, 64, 67, 69, 70] - 6913, [1, 3, 5, 12, 14, 25, 33, 39, 56, 57, 70] - 4826, [1, 4, 11, 20, 32, 40, 41, 46, 47, 56, 60, 64, 65, 68, 70] - 7005, [1, 2, 9, 11, 20, 31, 32, 37, 42, 50, 53, 54, 61, 65, 68, 70] - 5708, [1, 3, 5, 12, 22, 23, 33, 39, 44, 55, 57, 70] - 4728, [1, 2, 3, 12, 13, 40, 44, 56, 61, 63, 70] - 4078, [1, 4, 11, 20, 30, 31, 33, 41, 45, 47, 56, 60, 61, 63, 70] - 6299]
melhor indiv??duo da gera????o:[1, 2, 3, 12, 13, 40, 44, 56, 61, 63, 70] - 4078
gera????o: 67: 
[[1, 3, 23, 31, 41, 46, 47, 55, 57, 70] - 4409, [1, 3, 5, 12, 14, 25, 33, 39, 56, 57, 70] - 4826, [1, 2, 9, 11, 20, 31, 32, 37, 42, 50, 53, 54, 61, 65, 68, 70] - 5708, [1, 2, 3, 12, 13, 40, 44, 56, 61, 63, 70] - 4078, [1, 3, 13, 31, 33, 49, 58, 62, 70] - 3661, [1, 2, 9, 11, 21, 31, 40, 44, 55, 58, 62, 70] - 4046, [1, 2, 9, 21, 22, 25, 33, 39, 53, 61, 63, 70] - 4740, [1, 2, 9, 21, 22, 33, 41, 44, 53, 60, 64, 65, 68, 70] - 5496, [1, 2, 4, 10, 11, 21, 31, 33, 39, 44, 50, 53, 60, 61, 63, 70] - 5748]
melhor indiv??duo da gera????o:[1, 3, 13, 31, 33, 49, 58, 62, 70] - 3661
gera????o: 68: 
[[1, 3, 5, 12, 14, 25, 33, 39, 56, 57, 70] - 4826, [1, 2, 3, 12, 13, 40, 44, 56, 61, 63, 70] - 4078, [1, 2, 9, 11, 21, 31, 40, 44, 55, 58, 62, 70] - 4046, [1, 2, 9, 21, 22, 33, 41, 44, 53, 60, 64, 65, 68, 70] - 5496, [1, 2, 9, 13, 21, 22, 33, 41, 47, 49, 58, 62, 70] - 4374, [1, 2, 3, 13, 23, 33, 39, 44, 56, 61, 65, 68, 70] - 5514, [1, 3, 5, 6, 12, 13, 21, 31, 41, 47, 56, 60, 61, 63, 70] - 5674, [1, 3, 12, 14, 24, 27, 28, 36, 49, 55, 57, 70] - 5052, [1, 3, 12, 14, 24, 28, 35, 46, 47, 56, 57, 70] - 5044]
melhor indiv??duo da gera????o:[1, 2, 9, 11, 21, 31, 40, 44, 55, 58, 62, 70] - 4046
gera????o: 69: 
[[1, 2, 3, 12, 13, 40, 44, 56, 61, 63, 70] - 4078, [1, 2, 9, 21, 22, 33, 41, 44, 53, 60, 64, 65, 68, 70] - 5496, [1, 2, 3, 13, 23, 33, 39, 44, 56, 61, 65, 68, 70] - 5514, [1, 3, 12, 14, 24, 27, 28, 36, 49, 55, 57, 70] - 5052, [1, 2, 3, 9, 21, 22, 25, 33, 46, 49, 55, 57, 70] - 4476, [1, 2, 4, 10, 11, 21, 31, 32, 37, 39, 50, 53, 61, 65, 68, 70] - 5311, [1, 2, 9, 11, 21, 23, 25, 33, 49, 58, 62, 70] - 3706, [1, 4, 10, 11, 21, 22, 23, 25, 26, 28, 34, 35, 46, 47, 56, 63, 70] - 5307, [1, 2, 4, 10, 20, 29, 37, 38, 43, 52, 53, 54, 61, 68, 70] - 5389]
melhor indiv??duo da gera????o:[1, 2, 9, 11, 21, 23, 25, 33, 49, 58, 62, 70] - 3706
gera????o: 70: 
[[1, 2, 9, 21, 22, 33, 41, 44, 53, 60, 64, 65, 68, 70] - 5496, [1, 3, 12, 14, 24, 27, 28, 36, 49, 55, 57, 70] - 5052, [1, 2, 4, 10, 11, 21, 31, 32, 37, 39, 50, 53, 61, 65, 68, 70] - 5311, [1, 4, 10, 11, 21, 22, 23, 25, 26, 28, 34, 35, 46, 47, 56, 63, 70] - 5307, [1, 4, 11, 20, 31, 41, 47, 49, 58, 62, 70] - 4940, [1, 4, 11, 20, 32, 37, 39, 42, 43, 52, 59, 60, 61, 63, 70] - 6356, [1, 2, 9, 21, 22, 24, 26, 28, 35, 49, 58, 62, 70] - 4741, [1, 4, 11, 21, 23, 31, 40, 41, 44, 54, 61, 65, 68, 70] - 5159, [1, 2, 9, 21, 23, 31, 32, 37, 38, 43, 52, 53, 54, 56, 60, 64, 67, 69, 70] - 6862]
melhor indiv??duo da gera????o:[1, 2, 9, 21, 22, 24, 26, 28, 35, 49, 58, 62, 70] - 4741
gera????o: 71: 
[[1, 3, 12, 14, 24, 27, 28, 36, 49, 55, 57, 70] - 5052, [1, 4, 10, 11, 21, 22, 23, 25, 26, 28, 34, 35, 46, 47, 56, 63, 70] - 5307, [1, 4, 11, 20, 32, 37, 39, 42, 43, 52, 59, 60, 61, 63, 70] - 6356, [1, 4, 11, 21, 23, 31, 40, 41, 44, 54, 61, 65, 68, 70] - 5159, [1, 3, 5, 6, 12, 13, 22, 33, 34, 35, 49, 55, 58, 62, 70] - 4585, [1, 4, 10, 20, 37, 39, 56, 60, 64, 65, 66, 67, 69, 70] - 6608, [1, 3, 9, 13, 40, 44, 55, 57, 70] - 4026, [1, 2, 3, 12, 22, 24, 27, 28, 34, 46, 47, 55, 56, 63, 70] - 5354, [1, 4, 11, 20, 29, 38, 43, 51, 59, 64, 66, 67, 68, 70] - 6158]
melhor indiv??duo da gera????o:[1, 3, 9, 13, 40, 44, 55, 57, 70] - 4026
gera????o: 72: 
[[1, 4, 10, 11, 21, 22, 23, 25, 26, 28, 34, 35, 46, 47, 56, 63, 70] - 5307, [1, 4, 11, 21, 23, 31, 40, 41, 44, 54, 61, 65, 68, 70] - 5159, [1, 4, 10, 20, 37, 39, 56, 60, 64, 65, 66, 67, 69, 70] - 6608, [1, 2, 3, 12, 22, 24, 27, 28, 34, 46, 47, 55, 56, 63, 70] - 5354, [1, 4, 11, 20, 30, 31, 33, 47, 49, 58, 62, 70] - 4684, [1, 2, 4, 10, 20, 31, 33, 34, 46, 47, 56, 60, 64, 67, 68, 70] - 6914, [1, 4, 11, 20, 29, 38, 43, 52, 53, 54, 61, 63, 70] - 5235, [1, 2, 9, 13, 21, 22, 25, 26, 33, 41, 45, 57, 70] - 4215, [1, 4, 11, 20, 32, 39, 44, 53, 60, 65, 66, 67, 68, 70] - 6911]
melhor indiv??duo da gera????o:[1, 2, 9, 13, 21, 22, 25, 26, 33, 41, 45, 57, 70] - 4215
gera????o: 73: 
[[1, 4, 11, 21, 23, 31, 40, 41, 44, 54, 61, 65, 68, 70] - 5159, [1, 2, 3, 12, 22, 24, 27, 28, 34, 46, 47, 55, 56, 63, 70] - 5354, [1, 2, 4, 10, 20, 31, 33, 34, 46, 47, 56, 60, 64, 67, 68, 70] - 6914, [1, 2, 9, 13, 21, 22, 25, 26, 33, 41, 45, 57, 70] - 4215, [1, 2, 3, 12, 13, 14, 22, 25, 33, 47, 55, 57, 70] - 4011, [1, 4, 10, 20, 31, 32, 39, 44, 55, 58, 62, 70] - 4864, [1, 4, 11, 20, 37, 38, 43, 52, 60, 65, 66, 67, 69, 70] - 6321, [1, 2, 4, 11, 20, 32, 39, 44, 45, 56, 61, 68, 70] - 5421, [1, 2, 3, 12, 14, 22, 24, 28, 36, 49, 58, 62, 70] - 4763]
melhor indiv??duo da gera????o:[1, 2, 3, 12, 13, 14, 22, 25, 33, 47, 55, 57, 70] - 4011
gera????o: 74: 
[[1, 2, 3, 12, 22, 24, 27, 28, 34, 46, 47, 55, 56, 63, 70] - 5354, [1, 2, 9, 13, 21, 22, 25, 26, 33, 41, 45, 57, 70] - 4215, [1, 4, 10, 20, 31, 32, 39, 44, 55, 58, 62, 70] - 4864, [1, 2, 4, 11, 20, 32, 39, 44, 45, 56, 61, 68, 70] - 5421, [1, 2, 4, 10, 20, 39, 44, 56, 57, 70] - 4465, [1, 3, 23, 33, 39, 56, 57, 70] - 4619, [1, 4, 11, 21, 22, 23, 31, 41, 47, 49, 58, 62, 70] - 4760, [1, 3, 9, 11, 20, 30, 31, 40, 44, 53, 60, 64, 66, 67, 68, 70] - 6269, [1, 2, 9, 21, 23, 31, 40, 41, 46, 49, 55, 56, 63, 70] - 5086]
melhor indiv??duo da gera????o:[1, 2, 9, 13, 21, 22, 25, 26, 33, 41, 45, 57, 70] - 4215
gera????o: 75: 
[[1, 2, 9, 13, 21, 22, 25, 26, 33, 41, 45, 57, 70] - 4215, [1, 2, 4, 11, 20, 32, 39, 44, 45, 56, 61, 68, 70] - 5421, [1, 3, 23, 33, 39, 56, 57, 70] - 4619, [1, 3, 9, 11, 20, 30, 31, 40, 44, 53, 60, 64, 66, 67, 68, 70] - 6269, [1, 2, 3, 13, 22, 23, 25, 26, 31, 32, 37, 39, 50, 53, 61, 65, 66, 67, 68, 70] - 7252, [1, 4, 11, 20, 32, 39, 56, 63, 70] - 4565, [1, 4, 11, 21, 23, 25, 26, 31, 32, 37, 42, 50, 53, 60, 61, 65, 67, 69, 70] - 7409, [1, 4, 10, 11, 21, 23, 33, 49, 55, 56, 57, 70] - 4491, [1, 2, 3, 9, 21, 22, 23, 25, 33, 47, 55, 56, 60, 61, 65, 66, 67, 68, 70] - 7460]
melhor indiv??duo da gera????o:[1, 2, 9, 13, 21, 22, 25, 26, 33, 41, 45, 57, 70] - 4215
gera????o: 76: 
[[1, 2, 4, 11, 20, 32, 39, 44, 45, 56, 61, 68, 70] - 5421, [1, 3, 9, 11, 20, 30, 31, 40, 44, 53, 60, 64, 66, 67, 68, 70] - 6269, [1, 4, 11, 20, 32, 39, 56, 63, 70] - 4565, [1, 4, 10, 11, 21, 23, 33, 49, 55, 56, 57, 70] - 4491, [1, 3, 5, 12, 13, 31, 41, 47, 55, 57, 70] - 3957, [1, 4, 10, 11, 21, 31, 33, 39, 42, 50, 53, 54, 56, 60, 65, 67, 68, 70] - 7471, [1, 3, 5, 6, 17, 26, 33, 40, 41, 44, 53, 60, 64, 67, 68, 70] - 6326, [1, 3, 23, 33, 41, 45, 57, 70] - 3628, [1, 2, 3, 5, 6, 8, 17, 24, 28, 36, 48, 49, 55, 57, 70] - 4620]
melhor indiv??duo da gera????o:[1, 3, 23, 33, 41, 45, 57, 70] - 3628
gera????o: 77: 
[[1, 3, 9, 11, 20, 30, 31, 40, 44, 53, 60, 64, 66, 67, 68, 70] - 6269, [1, 4, 10, 11, 21, 23, 33, 49, 55, 56, 57, 70] - 4491, [1, 4, 10, 11, 21, 31, 33, 39, 42, 50, 53, 54, 56, 60, 65, 67, 68, 70] - 7471, [1, 3, 23, 33, 41, 45, 57, 70] - 3628, [1, 2, 4, 11, 20, 39, 44, 54, 56, 61, 65, 66, 67, 68, 70] - 6568, [1, 4, 11, 20, 39, 40, 44, 56, 60, 61, 65, 68, 70] - 6289, [1, 4, 10, 20, 32, 40, 44, 45, 57, 70] - 4135, [1, 4, 10, 20, 29, 37, 42, 43, 51, 59, 60, 61, 63, 70] - 5001, [1, 4, 10, 20, 31, 41, 46, 47, 55, 57, 70] - 4734]
melhor indiv??duo da gera????o:[1, 3, 23, 33, 41, 45, 57, 70] - 3628
gera????o: 78: 
[[1, 4, 10, 11, 21, 23, 33, 49, 55, 56, 57, 70] - 4491, [1, 3, 23, 33, 41, 45, 57, 70] - 3628, [1, 4, 11, 20, 39, 40, 44, 56, 60, 61, 65, 68, 70] - 6289, [1, 4, 10, 20, 29, 37, 42, 43, 51, 59, 60, 61, 63, 70] - 5001, [1, 4, 11, 20, 32, 39, 40, 44, 45, 56, 60, 61, 63, 70] - 5960, [1, 2, 4, 10, 11, 21, 31, 40, 41, 44, 53, 54, 61, 65, 67, 69, 70] - 6029, [1, 3, 13, 14, 17, 26, 34, 46, 49, 58, 62, 70] - 4433, [1, 2, 3, 23, 25, 33, 46, 49, 58, 62, 70] - 4179, [1, 2, 4, 10, 20, 32, 39, 50, 53, 54, 56, 57, 70] - 4668]
melhor indiv??duo da gera????o:[1, 3, 23, 33, 41, 45, 57, 70] - 3628
gera????o: 79: 
[[1, 3, 23, 33, 41, 45, 57, 70] - 3628, [1, 4, 10, 20, 29, 37, 42, 43, 51, 59, 60, 61, 63, 70] - 5001, [1, 2, 4, 10, 11, 21, 31, 40, 41, 44, 53, 54, 61, 65, 67, 69, 70] - 6029, [1, 2, 3, 23, 25, 33, 46, 49, 58, 62, 70] - 4179, [1, 3, 13, 21, 23, 31, 32, 39, 40, 44, 54, 56, 61, 65, 66, 67, 68, 70] - 6455, [1, 4, 11, 21, 31, 41, 47, 55, 56, 63, 70] - 4586, [1, 4, 10, 11, 20, 31, 40, 41, 45, 56, 57, 70] - 4770, [1, 4, 10, 20, 37, 39, 42, 52, 53, 60, 65, 67, 68, 70] - 6134, [1, 3, 12, 14, 24, 34, 46, 49, 55, 58, 62, 70] - 4542]
melhor indiv??duo da gera????o:[1, 3, 23, 33, 41, 45, 57, 70] - 3628
gera????o: 80: 
[[1, 4, 10, 20, 29, 37, 42, 43, 51, 59, 60, 61, 63, 70] - 5001, [1, 2, 3, 23, 25, 33, 46, 49, 58, 62, 70] - 4179, [1, 4, 11, 21, 31, 41, 47, 55, 56, 63, 70] - 4586, [1, 4, 10, 20, 37, 39, 42, 52, 53, 60, 65, 67, 68, 70] - 6134, [1, 3, 13, 31, 33, 41, 44, 54, 61, 63, 70] - 4123, [1, 4, 11, 20, 21, 22, 24, 26, 28, 34, 35, 36, 48, 58, 62, 70] - 6256, [1, 4, 11, 21, 22, 33, 39, 53, 54, 56, 63, 70] - 4938, [1, 3, 5, 12, 13, 40, 44, 56, 61, 68, 70] - 4311, [1, 3, 12, 22, 24, 28, 34, 41, 45, 57, 70] - 4540]
melhor indiv??duo da gera????o:[1, 3, 13, 31, 33, 41, 44, 54, 61, 63, 70] - 4123
gera????o: 81: 
[[1, 2, 3, 23, 25, 33, 46, 49, 58, 62, 70] - 4179, [1, 4, 10, 20, 37, 39, 42, 52, 53, 60, 65, 67, 68, 70] - 6134, [1, 4, 11, 20, 21, 22, 24, 26, 28, 34, 35, 36, 48, 58, 62, 70] - 6256, [1, 3, 5, 12, 13, 40, 44, 56, 61, 68, 70] - 4311, [1, 2, 9, 11, 20, 31, 41, 46, 47, 55, 58, 62, 70] - 4955, [1, 4, 11, 20, 32, 40, 44, 53, 61, 63, 70] - 4898, [1, 4, 10, 11, 20, 30, 32, 39, 50, 53, 61, 68, 70] - 5047, [1, 2, 9, 11, 20, 37, 38, 43, 51, 59, 64, 65, 66, 67, 68, 70] - 6459, [1, 2, 4, 11, 20, 30, 31, 33, 41, 47, 56, 57, 70] - 5456]
melhor indiv??duo da gera????o:[1, 2, 3, 23, 25, 33, 46, 49, 58, 62, 70] - 4179
gera????o: 82: 
[[1, 4, 10, 20, 37, 39, 42, 52, 53, 60, 65, 67, 68, 70] - 6134, [1, 3, 5, 12, 13, 40, 44, 56, 61, 68, 70] - 4311, [1, 4, 11, 20, 32, 40, 44, 53, 61, 63, 70] - 4898, [1, 2, 9, 11, 20, 37, 38, 43, 51, 59, 64, 65, 66, 67, 68, 70] - 6459, [1, 3, 12, 22, 33, 47, 49, 58, 62, 70] - 3771, [1, 3, 12, 13, 31, 40, 41, 47, 49, 58, 62, 70] - 4253, [1, 3, 5, 12, 13, 23, 31, 32, 39, 42, 50, 53, 54, 56, 61, 63, 70] - 5044, [1, 3, 9, 11, 21, 23, 33, 34, 46, 49, 55, 57, 70] - 4289, [1, 3, 9, 13, 23, 33, 47, 56, 60, 65, 66, 67, 68, 70] - 6474]
melhor indiv??duo da gera????o:[1, 3, 12, 22, 33, 47, 49, 58, 62, 70] - 3771
gera????o: 83: 
[[1, 3, 5, 12, 13, 40, 44, 56, 61, 68, 70] - 4311, [1, 2, 9, 11, 20, 37, 38, 43, 51, 59, 64, 65, 66, 67, 68, 70] - 6459, [1, 3, 12, 13, 31, 40, 41, 47, 49, 58, 62, 70] - 4253, [1, 3, 9, 11, 21, 23, 33, 34, 46, 49, 55, 57, 70] - 4289, [1, 3, 9, 11, 20, 21, 23, 25, 33, 49, 55, 57, 70] - 4637, [1, 4, 11, 21, 23, 33, 47, 56, 57, 70] - 4392, [1, 4, 11, 20, 31, 32, 39, 44, 56, 57, 70] - 5070, [1, 3, 5, 12, 22, 25, 26, 28, 35, 49, 55, 58, 62, 70] - 4297, [1, 3, 5, 6, 12, 22, 33, 40, 41, 47, 49, 55, 58, 62, 70] - 4773]
melhor indiv??duo da gera????o:[1, 3, 12, 13, 31, 40, 41, 47, 49, 58, 62, 70] - 4253
gera????o: 84: 
[[1, 2, 9, 11, 20, 37, 38, 43, 51, 59, 64, 65, 66, 67, 68, 70] - 6459, [1, 3, 9, 11, 21, 23, 33, 34, 46, 49, 55, 57, 70] - 4289, [1, 4, 11, 21, 23, 33, 47, 56, 57, 70] - 4392, [1, 3, 5, 12, 22, 25, 26, 28, 35, 49, 55, 58, 62, 70] - 4297, [1, 4, 10, 20, 39, 50, 53, 54, 56, 57, 70] - 4452, [1, 3, 12, 14, 22, 33, 39, 44, 55, 58, 62, 70] - 4995, [1, 4, 11, 21, 22, 24, 34, 41, 46, 47, 56, 63, 70] - 5937, [1, 2, 9, 21, 22, 23, 33, 46, 49, 55, 58, 62, 70] - 4318, [1, 3, 12, 13, 31, 41, 44, 45, 47, 55, 57, 70] - 4241]
melhor indiv??duo da gera????o:[1, 3, 12, 13, 31, 41, 44, 45, 47, 55, 57, 70] - 4241
gera????o: 85: 
[[1, 3, 9, 11, 21, 23, 33, 34, 46, 49, 55, 57, 70] - 4289, [1, 3, 5, 12, 22, 25, 26, 28, 35, 49, 55, 58, 62, 70] - 4297, [1, 3, 12, 14, 22, 33, 39, 44, 55, 58, 62, 70] - 4995, [1, 2, 9, 21, 22, 23, 33, 46, 49, 55, 58, 62, 70] - 4318, [1, 2, 3, 9, 11, 20, 29, 38, 43, 51, 59, 60, 64, 65, 67, 69, 70] - 6409, [1, 3, 9, 11, 21, 22, 23, 31, 33, 34, 35, 49, 58, 62, 70] - 4804, [1, 2, 4, 10, 20, 37, 38, 43, 51, 59, 64, 67, 69, 70] - 5449, [1, 2, 3, 5, 12, 13, 31, 33, 49, 55, 57, 70] - 3907, [1, 3, 13, 21, 23, 33, 46, 49, 55, 57, 70] - 4219]
melhor indiv??duo da gera????o:[1, 2, 3, 5, 12, 13, 31, 33, 49, 55, 57, 70] - 3907
gera????o: 86: 
[[1, 3, 5, 12, 22, 25, 26, 28, 35, 49, 55, 58, 62, 70] - 4297, [1, 2, 9, 21, 22, 23, 33, 46, 49, 55, 58, 62, 70] - 4318, [1, 3, 9, 11, 21, 22, 23, 31, 33, 34, 35, 49, 58, 62, 70] - 4804, [1, 2, 3, 5, 12, 13, 31, 33, 49, 55, 57, 70] - 3907, [1, 4, 11, 20, 37, 39, 53, 54, 61, 63, 70] - 4501, [1, 2, 4, 11, 21, 22, 25, 33, 47, 55, 56, 63, 70] - 4445, [1, 3, 12, 14, 24, 28, 35, 36, 49, 58, 62, 70] - 4548, [1, 3, 13, 40, 41, 46, 49, 58, 62, 70] - 4388, [1, 3, 5, 12, 22, 24, 36, 49, 55, 57, 70] - 4611]
melhor indiv??duo da gera????o:[1, 2, 3, 5, 12, 13, 31, 33, 49, 55, 57, 70] - 3907
gera????o: 87: 
[[1, 2, 9, 21, 22, 23, 33, 46, 49, 55, 58, 62, 70] - 4318, [1, 2, 3, 5, 12, 13, 31, 33, 49, 55, 57, 70] - 3907, [1, 2, 4, 11, 21, 22, 25, 33, 47, 55, 56, 63, 70] - 4445, [1, 3, 13, 40, 41, 46, 49, 58, 62, 70] - 4388, [1, 4, 11, 20, 21, 23, 33, 39, 44, 56, 63, 70] - 5449, [1, 4, 10, 20, 31, 32, 39, 42, 50, 53, 61, 68, 70] - 5416, [1, 2, 4, 10, 11, 20, 31, 41, 44, 55, 56, 57, 70] - 5622, [1, 3, 12, 14, 25, 26, 28, 35, 36, 49, 55, 56, 61, 68, 70] - 5557, [1, 2, 9, 11, 20, 32, 39, 53, 54, 56, 57, 70] - 4659]
melhor indiv??duo da gera????o:[1, 2, 3, 5, 12, 13, 31, 33, 49, 55, 57, 70] - 3907
gera????o: 88: 
[[1, 2, 3, 5, 12, 13, 31, 33, 49, 55, 57, 70] - 3907, [1, 3, 13, 40, 41, 46, 49, 58, 62, 70] - 4388, [1, 4, 10, 20, 31, 32, 39, 42, 50, 53, 61, 68, 70] - 5416, [1, 3, 12, 14, 25, 26, 28, 35, 36, 49, 55, 56, 61, 68, 70] - 5557, [1, 4, 11, 21, 22, 33, 49, 58, 62, 70] - 3915, [1, 3, 5, 6, 8, 15, 16, 24, 28, 35, 36, 48, 58, 62, 70] - 4579, [1, 3, 12, 13, 21, 23, 31, 40, 41, 46, 47, 56, 63, 70] - 5092, [1, 4, 10, 20, 32, 39, 40, 41, 45, 57, 70] - 4363, [1, 2, 4, 10, 11, 20, 31, 41, 45, 47, 56, 57, 70] - 5275]
melhor indiv??duo da gera????o:[1, 2, 3, 5, 12, 13, 31, 33, 49, 55, 57, 70] - 3907
gera????o: 89: 
[[1, 3, 13, 40, 41, 46, 49, 58, 62, 70] - 4388, [1, 3, 12, 14, 25, 26, 28, 35, 36, 49, 55, 56, 61, 68, 70] - 5557, [1, 3, 5, 6, 8, 15, 16, 24, 28, 35, 36, 48, 58, 62, 70] - 4579, [1, 4, 10, 20, 32, 39, 40, 41, 45, 57, 70] - 4363, [1, 3, 13, 22, 33, 41, 44, 55, 57, 70] - 4202, [1, 2, 3, 5, 6, 22, 24, 26, 34, 46, 49, 58, 62, 70] - 4566, [1, 3, 12, 14, 26, 31, 41, 46, 47, 49, 58, 62, 70] - 5288, [1, 4, 10, 11, 20, 32, 37, 39, 44, 50, 53, 61, 68, 70] - 5600, [1, 4, 11, 21, 22, 25, 33, 47, 56, 60, 65, 68, 70] - 5681]
melhor indiv??duo da gera????o:[1, 3, 13, 22, 33, 41, 44, 55, 57, 70] - 4202
gera????o: 90: 
[[1, 3, 12, 14, 25, 26, 28, 35, 36, 49, 55, 56, 61, 68, 70] - 5557, [1, 4, 10, 20, 32, 39, 40, 41, 45, 57, 70] - 4363, [1, 2, 3, 5, 6, 22, 24, 26, 34, 46, 49, 58, 62, 70] - 4566, [1, 4, 10, 11, 20, 32, 37, 39, 44, 50, 53, 61, 68, 70] - 5600, [1, 4, 10, 11, 20, 30, 31, 41, 45, 56, 60, 65, 66, 67, 68, 70] - 7011, [1, 2, 3, 5, 12, 13, 14, 25, 33, 40, 44, 56, 61, 63, 70] - 4683, [1, 4, 10, 20, 31, 40, 41, 47, 55, 56, 60, 65, 67, 69, 70] - 6836, [1, 3, 9, 13, 31, 41, 45, 56, 61, 68, 70] - 4486, [1, 2, 9, 21, 31, 33, 46, 47, 55, 56, 60, 64, 67, 69, 70] - 6178]
melhor indiv??duo da gera????o:[1, 4, 10, 20, 32, 39, 40, 41, 45, 57, 70] - 4363
gera????o: 91: 
[[1, 4, 10, 20, 32, 39, 40, 41, 45, 57, 70] - 4363, [1, 4, 10, 11, 20, 32, 37, 39, 44, 50, 53, 61, 68, 70] - 5600, [1, 2, 3, 5, 12, 13, 14, 25, 33, 40, 44, 56, 61, 63, 70] - 4683, [1, 3, 9, 13, 31, 41, 45, 56, 61, 68, 70] - 4486, [1, 3, 9, 11, 20, 37, 38, 43, 51, 59, 60, 61, 63, 70] - 5026, [1, 4, 10, 20, 30, 31, 32, 39, 56, 63, 70] - 4503, [1, 4, 10, 20, 29, 38, 43, 52, 60, 65, 68, 70] - 5237, [1, 4, 11, 20, 32, 37, 38, 43, 51, 59, 60, 65, 66, 67, 68, 70] - 6853, [1, 4, 10, 20, 21, 22, 33, 47, 49, 58, 62, 70] - 4545]
melhor indiv??duo da gera????o:[1, 4, 10, 20, 32, 39, 40, 41, 45, 57, 70] - 4363
gera????o: 92: 
[[1, 4, 10, 11, 20, 32, 37, 39, 44, 50, 53, 61, 68, 70] - 5600, [1, 3, 9, 13, 31, 41, 45, 56, 61, 68, 70] - 4486, [1, 4, 10, 20, 30, 31, 32, 39, 56, 63, 70] - 4503, [1, 4, 11, 20, 32, 37, 38, 43, 51, 59, 60, 65, 66, 67, 68, 70] - 6853, [1, 3, 23, 33, 41, 45, 56, 63, 70] - 3703, [1, 2, 9, 11, 21, 31, 40, 41, 47, 49, 55, 58, 62, 70] - 4431, [1, 4, 10, 11, 20, 30, 32, 37, 39, 50, 53, 54, 56, 63, 70] - 4919, [1, 4, 11, 21, 23, 33, 49, 58, 62, 70] - 3787, [1, 2, 3, 5, 12, 14, 17, 26, 31, 32, 37, 38, 43, 51, 59, 64, 65, 67, 69, 70] - 7389]
melhor indiv??duo da gera????o:[1, 3, 23, 33, 41, 45, 56, 63, 70] - 3703
gera????o: 93: 
[[1, 3, 9, 13, 31, 41, 45, 56, 61, 68, 70] - 4486, [1, 4, 11, 20, 32, 37, 38, 43, 51, 59, 60, 65, 66, 67, 68, 70] - 6853, [1, 2, 9, 11, 21, 31, 40, 41, 47, 49, 55, 58, 62, 70] - 4431, [1, 4, 11, 21, 23, 33, 49, 58, 62, 70] - 3787, [1, 2, 4, 11, 20, 21, 31, 40, 44, 45, 56, 63, 70] - 4886, [1, 3, 23, 33, 46, 49, 58, 62, 70] - 3884, [1, 2, 9, 11, 21, 22, 24, 36, 48, 58, 62, 70] - 4698, [1, 2, 3, 5, 12, 22, 23, 33, 40, 41, 46, 49, 55, 56, 57, 70] - 5579, [1, 4, 11, 20, 32, 39, 53, 54, 56, 60, 64, 65, 66, 67, 68, 70] - 7391]
melhor indiv??duo da gera????o:[1, 4, 11, 21, 23, 33, 49, 58, 62, 70] - 3787
gera????o: 94: 
[[1, 4, 11, 20, 32, 37, 38, 43, 51, 59, 60, 65, 66, 67, 68, 70] - 6853, [1, 4, 11, 21, 23, 33, 49, 58, 62, 70] - 3787, [1, 3, 23, 33, 46, 49, 58, 62, 70] - 3884, [1, 2, 3, 5, 12, 22, 23, 33, 40, 41, 46, 49, 55, 56, 57, 70] - 5579, [1, 2, 9, 13, 22, 25, 26, 33, 39, 53, 54, 56, 60, 65, 66, 67, 69, 70] - 7130, [1, 3, 23, 31, 41, 47, 55, 57, 70] - 4005, [1, 4, 11, 21, 31, 41, 47, 55, 58, 62, 70] - 4268, [1, 2, 4, 10, 11, 21, 22, 23, 33, 49, 58, 62, 70] - 3923, [1, 4, 11, 20, 21, 22, 23, 25, 26, 33, 47, 55, 56, 63, 70] - 5469]
melhor indiv??duo da gera????o:[1, 4, 11, 21, 23, 33, 49, 58, 62, 70] - 3787
gera????o: 95: 
[[1, 4, 11, 21, 23, 33, 49, 58, 62, 70] - 3787, [1, 2, 3, 5, 12, 22, 23, 33, 40, 41, 46, 49, 55, 56, 57, 70] - 5579, [1, 3, 23, 31, 41, 47, 55, 57, 70] - 4005, [1, 2, 4, 10, 11, 21, 22, 23, 33, 49, 58, 62, 70] - 3923, [1, 3, 23, 31, 40, 44, 54, 61, 65, 68, 70] - 4543, [1, 3, 13, 31, 32, 37, 42, 43, 52, 53, 60, 61, 68, 70] - 5818, [1, 4, 10, 20, 39, 56, 60, 61, 65, 68, 70] - 5921, [1, 2, 9, 21, 31, 32, 40, 44, 50, 53, 61, 63, 70] - 4261, [1, 2, 3, 9, 21, 23, 25, 26, 33, 40, 41, 44, 45, 47, 49, 55, 56, 60, 64, 66, 67, 68, 70] - 8096]
melhor indiv??duo da gera????o:[1, 4, 11, 21, 23, 33, 49, 58, 62, 70] - 3787
gera????o: 96: 
[[1, 2, 3, 5, 12, 22, 23, 33, 40, 41, 46, 49, 55, 56, 57, 70] - 5579, [1, 2, 4, 10, 11, 21, 22, 23, 33, 49, 58, 62, 70] - 3923, [1, 3, 13, 31, 32, 37, 42, 43, 52, 53, 60, 61, 68, 70] - 5818, [1, 2, 9, 21, 31, 32, 40, 44, 50, 53, 61, 63, 70] - 4261, [1, 4, 11, 21, 23, 25, 33, 49, 58, 62, 70] - 3949, [1, 2, 3, 12, 14, 22, 25, 26, 33, 40, 44, 55, 56, 60, 65, 68, 70] - 6595, [1, 2, 4, 11, 20, 39, 50, 53, 54, 61, 68, 70] - 4970, [1, 2, 3, 13, 40, 41, 46, 47, 49, 55, 58, 62, 70] - 5007, [1, 2, 3, 5, 12, 14, 26, 33, 41, 44, 53, 61, 65, 66, 67, 69, 70] - 6450]
melhor indiv??duo da gera????o:[1, 2, 4, 10, 11, 21, 22, 23, 33, 49, 58, 62, 70] - 3923
gera????o: 97: 
[[1, 2, 4, 10, 11, 21, 22, 23, 33, 49, 58, 62, 70] - 3923, [1, 2, 9, 21, 31, 32, 40, 44, 50, 53, 61, 63, 70] - 4261, [1, 2, 3, 12, 14, 22, 25, 26, 33, 40, 44, 55, 56, 60, 65, 68, 70] - 6595, [1, 2, 3, 13, 40, 41, 46, 47, 49, 55, 58, 62, 70] - 5007, [1, 4, 10, 11, 21, 23, 31, 33, 34, 46, 47, 49, 55, 58, 62, 70] - 4982, [1, 2, 9, 21, 31, 33, 34, 46, 49, 58, 62, 70] - 4106, [1, 3, 9, 21, 31, 41, 47, 49, 58, 62, 70] - 4310, [1, 3, 23, 25, 26, 28, 34, 41, 46, 47, 56, 63, 70] - 5376, [1, 3, 12, 13, 14, 26, 31, 40, 41, 44, 53, 60, 61, 65, 67, 69, 70] - 7182]
melhor indiv??duo da gera????o:[1, 2, 4, 10, 11, 21, 22, 23, 33, 49, 58, 62, 70] - 3923
gera????o: 98: 
[[1, 2, 9, 21, 31, 32, 40, 44, 50, 53, 61, 63, 70] - 4261, [1, 2, 3, 13, 40, 41, 46, 47, 49, 55, 58, 62, 70] - 5007, [1, 2, 9, 21, 31, 33, 34, 46, 49, 58, 62, 70] - 4106, [1, 3, 23, 25, 26, 28, 34, 41, 46, 47, 56, 63, 70] - 5376, [1, 4, 10, 20, 32, 37, 38, 43, 52, 53, 54, 61, 63, 70] - 5193, [1, 3, 12, 13, 31, 41, 44, 53, 54, 61, 65, 67, 69, 70] - 5801, [1, 4, 10, 11, 21, 22, 24, 26, 34, 41, 47, 49, 58, 62, 70] - 5398, [1, 2, 3, 23, 25, 26, 31, 33, 46, 47, 49, 58, 62, 70] - 5231, [1, 4, 11, 21, 22, 23, 33, 34, 41, 46, 47, 49, 55, 57, 70] - 5615]
melhor indiv??duo da gera????o:[1, 2, 9, 21, 31, 33, 34, 46, 49, 58, 62, 70] - 4106
gera????o: 99: 
[[1, 2, 3, 13, 40, 41, 46, 47, 49, 55, 58, 62, 70] - 5007, [1, 3, 23, 25, 26, 28, 34, 41, 46, 47, 56, 63, 70] - 5376, [1, 3, 12, 13, 31, 41, 44, 53, 54, 61, 65, 67, 69, 70] - 5801, [1, 2, 3, 23, 25, 26, 31, 33, 46, 47, 49, 58, 62, 70] - 5231, [1, 3, 9, 13, 21, 31, 41, 44, 53, 54, 56, 61, 68, 70] - 5250, [1, 2, 4, 10, 11, 20, 29, 37, 38, 43, 52, 59, 66, 67, 69, 70] - 6434, [1, 2, 3, 9, 21, 23, 25, 33, 39, 42, 52, 59, 66, 67, 69, 70] - 6619, [1, 2, 4, 10, 11, 20, 29, 38, 43, 52, 59, 64, 65, 68, 70] - 6243, [1, 3, 23, 31, 33, 49, 55, 57, 70] - 3822]
melhor indiv??duo da gera????o:[1, 3, 23, 31, 33, 49, 55, 57, 70] - 3822
gera????o: 100: 
[[1, 3, 23, 25, 26, 28, 34, 41, 46, 47, 56, 63, 70] - 5376, [1, 2, 3, 23, 25, 26, 31, 33, 46, 47, 49, 58, 62, 70] - 5231, [1, 2, 4, 10, 11, 20, 29, 37, 38, 43, 52, 59, 66, 67, 69, 70] - 6434, [1, 2, 4, 10, 11, 20, 29, 38, 43, 52, 59, 64, 65, 68, 70] - 6243, [1, 2, 9, 21, 23, 31, 33, 47, 49, 55, 57, 70] - 4153, [1, 4, 11, 20, 30, 32, 39, 42, 52, 60, 65, 68, 70] - 5535, [1, 2, 4, 11, 20, 30, 32, 37, 38, 43, 51, 59, 64, 65, 68, 70] - 6185, [1, 4, 11, 21, 23, 25, 26, 34, 35, 49, 55, 58, 62, 70] - 4648, [1, 4, 10, 11, 21, 22, 24, 34, 46, 49, 58, 62, 70] - 4651]
melhor indiv??duo da gera????o:[1, 2, 9, 21, 23, 31, 33, 47, 49, 55, 57, 70] - 4153
gera????o: 101: 
[[1, 2, 3, 23, 25, 26, 31, 33, 46, 47, 49, 58, 62, 70] - 5231, [1, 2, 4, 10, 11, 20, 29, 38, 43, 52, 59, 64, 65, 68, 70] - 6243, [1, 4, 11, 20, 30, 32, 39, 42, 52, 60, 65, 68, 70] - 5535, [1, 4, 11, 21, 23, 25, 26, 34, 35, 49, 55, 58, 62, 70] - 4648, [1, 2, 9, 11, 21, 31, 32, 39, 44, 53, 54, 61, 68, 70] - 4928, [1, 4, 10, 11, 21, 23, 33, 39, 40, 44, 50, 53, 54, 56, 63, 70] - 5114, [1, 3, 23, 25, 33, 49, 58, 62, 70] - 3619, [1, 4, 10, 20, 21, 22, 33, 49, 58, 62, 70] - 4285, [1, 2, 4, 10, 20, 30, 31, 40, 41, 44, 53, 54, 61, 65, 67, 68, 70] - 6532]
melhor indiv??duo da gera????o:[1, 3, 23, 25, 33, 49, 58, 62, 70] - 3619
gera????o: 102: 
[[1, 2, 4, 10, 11, 20, 29, 38, 43, 52, 59, 64, 65, 68, 70] - 6243, [1, 4, 11, 21, 23, 25, 26, 34, 35, 49, 55, 58, 62, 70] - 4648, [1, 4, 10, 11, 21, 23, 33, 39, 40, 44, 50, 53, 54, 56, 63, 70] - 5114, [1, 4, 10, 20, 21, 22, 33, 49, 58, 62, 70] - 4285, [1, 2, 4, 11, 20, 32, 37, 39, 53, 60, 61, 63, 70] - 5478, [1, 2, 9, 21, 31, 40, 44, 45, 47, 56, 61, 63, 70] - 4531, [1, 3, 5, 6, 12, 14, 26, 33, 40, 41, 46, 49, 58, 62, 70] - 4976, [1, 4, 10, 11, 21, 22, 25, 33, 40, 41, 47, 55, 57, 70] - 4544, [1, 3, 5, 12, 22, 25, 26, 34, 46, 47, 49, 58, 62, 70] - 4110]
melhor indiv??duo da gera????o:[1, 3, 5, 12, 22, 25, 26, 34, 46, 47, 49, 58, 62, 70] - 4110
gera????o: 103: 
[[1, 4, 11, 21, 23, 25, 26, 34, 35, 49, 55, 58, 62, 70] - 4648, [1, 4, 10, 20, 21, 22, 33, 49, 58, 62, 70] - 4285, [1, 2, 9, 21, 31, 40, 44, 45, 47, 56, 61, 63, 70] - 4531, [1, 4, 10, 11, 21, 22, 25, 33, 40, 41, 47, 55, 57, 70] - 4544, [1, 4, 10, 20, 32, 37, 39, 50, 53, 54, 56, 57, 70] - 4843, [1, 2, 3, 9, 21, 23, 33, 34, 41, 44, 55, 58, 62, 70] - 5146, [1, 3, 12, 14, 22, 25, 26, 34, 35, 49, 55, 56, 61, 68, 70] - 5260, [1, 3, 13, 40, 41, 46, 49, 58, 62, 70] - 4388, [1, 2, 4, 11, 21, 22, 33, 49, 58, 62, 70] - 3992]
melhor indiv??duo da gera????o:[1, 2, 4, 11, 21, 22, 33, 49, 58, 62, 70] - 3992
gera????o: 104: 
[[1, 4, 10, 20, 21, 22, 33, 49, 58, 62, 70] - 4285, [1, 4, 10, 11, 21, 22, 25, 33, 40, 41, 47, 55, 57, 70] - 4544, [1, 2, 3, 9, 21, 23, 33, 34, 41, 44, 55, 58, 62, 70] - 5146, [1, 3, 13, 40, 41, 46, 49, 58, 62, 70] - 4388, [1, 2, 9, 21, 22, 23, 33, 47, 55, 58, 62, 70] - 3779, [1, 4, 10, 20, 39, 50, 53, 60, 65, 66, 67, 69, 70] - 5824, [1, 3, 13, 31, 33, 41, 45, 56, 61, 63, 70] - 4118, [1, 4, 11, 20, 32, 40, 41, 45, 56, 57, 70] - 4737, [1, 4, 10, 20, 21, 23, 31, 32, 37, 42, 50, 53, 61, 68, 70] - 5717]
melhor indiv??duo da gera????o:[1, 2, 9, 21, 22, 23, 33, 47, 55, 58, 62, 70] - 3779
gera????o: 105: 
[[1, 4, 10, 11, 21, 22, 25, 33, 40, 41, 47, 55, 57, 70] - 4544, [1, 3, 13, 40, 41, 46, 49, 58, 62, 70] - 4388, [1, 4, 10, 20, 39, 50, 53, 60, 65, 66, 67, 69, 70] - 5824, [1, 4, 11, 20, 32, 40, 41, 45, 56, 57, 70] - 4737, [1, 2, 4, 11, 21, 23, 25, 26, 31, 32, 37, 39, 42, 52, 59, 66, 67, 69, 70] - 7188, [1, 4, 10, 11, 20, 31, 41, 45, 57, 70] - 4423, [1, 3, 9, 11, 20, 21, 22, 33, 49, 58, 62, 70] - 4519, [1, 4, 10, 11, 20, 32, 37, 42, 50, 53, 60, 65, 67, 69, 70] - 6315, [1, 4, 11, 21, 22, 23, 33, 40, 44, 45, 47, 49, 58, 62, 70] - 4922]
melhor indiv??duo da gera????o:[1, 3, 13, 40, 41, 46, 49, 58, 62, 70] - 4388
gera????o: 106: 
[[1, 3, 13, 40, 41, 46, 49, 58, 62, 70] - 4388, [1, 4, 11, 20, 32, 40, 41, 45, 56, 57, 70] - 4737, [1, 4, 10, 11, 20, 31, 41, 45, 57, 70] - 4423, [1, 4, 10, 11, 20, 32, 37, 42, 50, 53, 60, 65, 67, 69, 70] - 6315, [1, 4, 10, 20, 31, 33, 49, 55, 56, 57, 70] - 4845, [1, 2, 3, 5, 6, 22, 23, 31, 41, 44, 55, 58, 62, 70] - 4674, [1, 2, 9, 21, 23, 25, 33, 46, 47, 56, 61, 68, 70] - 5035, [1, 4, 10, 20, 31, 32, 39, 53, 61, 63, 70] - 4603, [1, 2, 3, 12, 13, 21, 23, 31, 32, 40, 41, 44, 53, 54, 61, 63, 70] - 5122]
melhor indiv??duo da gera????o:[1, 3, 13, 40, 41, 46, 49, 58, 62, 70] - 4388
gera????o: 107: 
[[1, 4, 11, 20, 32, 40, 41, 45, 56, 57, 70] - 4737, [1, 4, 10, 11, 20, 32, 37, 42, 50, 53, 60, 65, 67, 69, 70] - 6315, [1, 2, 3, 5, 6, 22, 23, 31, 41, 44, 55, 58, 62, 70] - 4674, [1, 4, 10, 20, 31, 32, 39, 53, 61, 63, 70] - 4603, [1, 3, 5, 6, 12, 14, 17, 26, 33, 39, 56, 63, 70] - 5175, [1, 4, 11, 21, 31, 32, 37, 39, 53, 54, 56, 61, 68, 70] - 5162, [1, 4, 10, 20, 29, 38, 43, 51, 59, 60, 64, 65, 66, 67, 69, 70] - 6322, [1, 3, 5, 12, 13, 40, 44, 56, 61, 63, 70] - 3971, [1, 3, 12, 13, 31, 32, 39, 53, 60, 61, 63, 70] - 4649]
melhor indiv??duo da gera????o:[1, 3, 5, 12, 13, 40, 44, 56, 61, 63, 70] - 3971
gera????o: 108: 
[[1, 4, 10, 11, 20, 32, 37, 42, 50, 53, 60, 65, 67, 69, 70] - 6315, [1, 4, 10, 20, 31, 32, 39, 53, 61, 63, 70] - 4603, [1, 4, 11, 21, 31, 32, 37, 39, 53, 54, 56, 61, 68, 70] - 5162, [1, 3, 5, 12, 13, 40, 44, 56, 61, 63, 70] - 3971, [1, 2, 4, 11, 20, 30, 31, 41, 44, 45, 56, 61, 63, 70] - 5222, [1, 4, 11, 20, 29, 38, 43, 51, 59, 66, 67, 68, 70] - 6072, [1, 4, 11, 21, 31, 32, 37, 39, 40, 44, 53, 54, 61, 65, 66, 67, 68, 70] - 6829, [1, 2, 4, 10, 20, 31, 32, 37, 38, 43, 52, 59, 66, 67, 69, 70] - 6632, [1, 2, 4, 11, 20, 29, 37, 39, 53, 60, 61, 65, 66, 67, 69, 70] - 6821]
melhor indiv??duo da gera????o:[1, 3, 5, 12, 13, 40, 44, 56, 61, 63, 70] - 3971
gera????o: 109: 
[[1, 4, 10, 20, 31, 32, 39, 53, 61, 63, 70] - 4603, [1, 3, 5, 12, 13, 40, 44, 56, 61, 63, 70] - 3971, [1, 4, 11, 20, 29, 38, 43, 51, 59, 66, 67, 68, 70] - 6072, [1, 2, 4, 10, 20, 31, 32, 37, 38, 43, 52, 59, 66, 67, 69, 70] - 6632, [1, 4, 11, 21, 22, 25, 26, 33, 46, 49, 58, 62, 70] - 4622, [1, 4, 11, 21, 22, 25, 33, 41, 45, 56, 57, 70] - 4420, [1, 2, 9, 13, 22, 25, 26, 31, 32, 39, 42, 52, 59, 66, 67, 68, 70] - 6648, [1, 4, 10, 11, 21, 23, 25, 33, 46, 47, 49, 55, 56, 60, 65, 67, 69, 70] - 7114, [1, 2, 3, 13, 21, 22, 25, 33, 39, 56, 60, 65, 68, 70] - 6292]
melhor indiv??duo da gera????o:[1, 3, 5, 12, 13, 40, 44, 56, 61, 63, 70] - 3971
gera????o: 110: 
[[1, 3, 5, 12, 13, 40, 44, 56, 61, 63, 70] - 3971, [1, 2, 4, 10, 20, 31, 32, 37, 38, 43, 52, 59, 66, 67, 69, 70] - 6632, [1, 4, 11, 21, 22, 25, 33, 41, 45, 56, 57, 70] - 4420, [1, 4, 10, 11, 21, 23, 25, 33, 46, 47, 49, 55, 56, 60, 65, 67, 69, 70] - 7114, [1, 3, 9, 13, 21, 23, 25, 33, 41, 45, 57, 70] - 4124, [1, 3, 9, 21, 23, 33, 40, 41, 47, 56, 60, 61, 63, 70] - 5931, [1, 3, 13, 22, 33, 47, 56, 61, 63, 70] - 4185, [1, 4, 10, 20, 30, 32, 40, 44, 56, 63, 70] - 4098, [1, 4, 10, 11, 20, 30, 31, 32, 39, 53, 54, 61, 68, 70] - 5203]
melhor indiv??duo da gera????o:[1, 3, 5, 12, 13, 40, 44, 56, 61, 63, 70] - 3971
gera????o: 111: 
[[1, 2, 4, 10, 20, 31, 32, 37, 38, 43, 52, 59, 66, 67, 69, 70] - 6632, [1, 4, 10, 11, 21, 23, 25, 33, 46, 47, 49, 55, 56, 60, 65, 67, 69, 70] - 7114, [1, 3, 9, 21, 23, 33, 40, 41, 47, 56, 60, 61, 63, 70] - 5931, [1, 4, 10, 20, 30, 32, 40, 44, 56, 63, 70] - 4098, [1, 4, 10, 11, 21, 22, 25, 26, 33, 34, 46, 49, 58, 62, 70] - 4623, [1, 2, 4, 11, 21, 23, 33, 41, 44, 56, 57, 70] - 4485, [1, 3, 9, 13, 31, 32, 39, 40, 44, 50, 53, 60, 64, 65, 67, 68, 70] - 6391, [1, 3, 23, 25, 33, 39, 53, 60, 65, 67, 69, 70] - 5972, [1, 2, 3, 23, 31, 33, 39, 56, 61, 65, 68, 70] - 5656]
melhor indiv??duo da gera????o:[1, 4, 10, 20, 30, 32, 40, 44, 56, 63, 70] - 4098
gera????o: 112: 
[[1, 4, 10, 11, 21, 23, 25, 33, 46, 47, 49, 55, 56, 60, 65, 67, 69, 70] - 7114, [1, 4, 10, 20, 30, 32, 40, 44, 56, 63, 70] - 4098, [1, 2, 4, 11, 21, 23, 33, 41, 44, 56, 57, 70] - 4485, [1, 3, 23, 25, 33, 39, 53, 60, 65, 67, 69, 70] - 5972, [1, 4, 11, 21, 22, 33, 40, 44, 53, 54, 61, 68, 70] - 5241, [1, 4, 11, 20, 21, 22, 23, 25, 33, 34, 35, 36, 49, 55, 56, 63, 70] - 6320, [1, 4, 10, 20, 39, 56, 61, 65, 67, 69, 70] - 5599, [1, 4, 10, 20, 29, 38, 43, 52, 59, 66, 67, 68, 70] - 6236, [1, 2, 4, 11, 20, 32, 40, 44, 55, 57, 70] - 4639]
melhor indiv??duo da gera????o:[1, 4, 10, 20, 30, 32, 40, 44, 56, 63, 70] - 4098
gera????o: 113: 
[[1, 4, 10, 20, 30, 32, 40, 44, 56, 63, 70] - 4098, [1, 3, 23, 25, 33, 39, 53, 60, 65, 67, 69, 70] - 5972, [1, 4, 11, 20, 21, 22, 23, 25, 33, 34, 35, 36, 49, 55, 56, 63, 70] - 6320, [1, 4, 10, 20, 29, 38, 43, 52, 59, 66, 67, 68, 70] - 6236, [1, 3, 13, 23, 25, 33, 41, 47, 49, 55, 57, 70] - 4406, [1, 2, 3, 13, 40, 44, 56, 61, 68, 70] - 4415, [1, 3, 13, 23, 31, 32, 40, 44, 53, 54, 61, 65, 67, 69, 70] - 5826, [1, 3, 13, 23, 31, 40, 41, 44, 53, 54, 61, 63, 70] - 4718, [1, 2, 9, 13, 31, 40, 44, 54, 61, 65, 68, 70] - 4394]
melhor indiv??duo da gera????o:[1, 4, 10, 20, 30, 32, 40, 44, 56, 63, 70] - 4098
gera????o: 114: 
[[1, 3, 23, 25, 33, 39, 53, 60, 65, 67, 69, 70] - 5972, [1, 4, 10, 20, 29, 38, 43, 52, 59, 66, 67, 68, 70] - 6236, [1, 2, 3, 13, 40, 44, 56, 61, 68, 70] - 4415, [1, 3, 13, 23, 31, 40, 41, 44, 53, 54, 61, 63, 70] - 4718, [1, 3, 12, 14, 17, 26, 28, 36, 48, 58, 62, 70] - 4703, [1, 3, 12, 22, 33, 39, 40, 41, 45, 57, 70] - 4555, [1, 2, 4, 10, 11, 21, 31, 40, 44, 55, 58, 62, 70] - 4288, [1, 3, 12, 13, 31, 41, 45, 57, 70] - 3780, [1, 3, 12, 14, 25, 26, 34, 46, 49, 55, 58, 62, 70] - 4156]
melhor indiv??duo da gera????o:[1, 3, 12, 13, 31, 41, 45, 57, 70] - 3780
gera????o: 115: 
[[1, 4, 10, 20, 29, 38, 43, 52, 59, 66, 67, 68, 70] - 6236, [1, 3, 13, 23, 31, 40, 41, 44, 53, 54, 61, 63, 70] - 4718, [1, 3, 12, 22, 33, 39, 40, 41, 45, 57, 70] - 4555, [1, 3, 12, 13, 31, 41, 45, 57, 70] - 3780, [1, 3, 5, 6, 8, 17, 26, 34, 46, 49, 58, 62, 70] - 4069, [1, 2, 9, 13, 14, 17, 26, 31, 40, 41, 45, 57, 70] - 5011, [1, 4, 10, 20, 32, 37, 38, 43, 52, 60, 64, 66, 67, 69, 70] - 5988, [1, 2, 9, 13, 14, 22, 33, 46, 49, 55, 56, 61, 63, 70] - 4992, [1, 4, 10, 11, 20, 21, 22, 33, 34, 35, 36, 49, 55, 58, 62, 70] - 5753]
melhor indiv??duo da gera????o:[1, 3, 12, 13, 31, 41, 45, 57, 70] - 3780
gera????o: 116: 
[[1, 3, 13, 23, 31, 40, 41, 44, 53, 54, 61, 63, 70] - 4718, [1, 3, 12, 13, 31, 41, 45, 57, 70] - 3780, [1, 2, 9, 13, 14, 17, 26, 31, 40, 41, 45, 57, 70] - 5011, [1, 2, 9, 13, 14, 22, 33, 46, 49, 55, 56, 61, 63, 70] - 4992, [1, 3, 5, 6, 14, 26, 28, 36, 49, 55, 58, 62, 70] - 4450, [1, 2, 4, 10, 20, 31, 40, 44, 50, 53, 61, 68, 70] - 5031, [1, 4, 10, 20, 32, 40, 41, 47, 49, 55, 57, 70] - 4625, [1, 4, 10, 20, 21, 23, 31, 40, 44, 54, 56, 57, 70] - 4814, [1, 3, 23, 31, 41, 45, 57, 70] - 3854]
melhor indiv??duo da gera????o:[1, 3, 12, 13, 31, 41, 45, 57, 70] - 3780
gera????o: 117: 
[[1, 3, 12, 13, 31, 41, 45, 57, 70] - 3780, [1, 2, 9, 13, 14, 22, 33, 46, 49, 55, 56, 61, 63, 70] - 4992, [1, 2, 4, 10, 20, 31, 40, 44, 50, 53, 61, 68, 70] - 5031, [1, 4, 10, 20, 21, 23, 31, 40, 44, 54, 56, 57, 70] - 4814, [1, 4, 11, 21, 22, 24, 34, 46, 47, 49, 55, 58, 62, 70] - 5215, [1, 4, 11, 21, 31, 41, 45, 56, 60, 64, 67, 69, 70] - 5769, [1, 4, 11, 20, 37, 42, 43, 52, 60, 64, 67, 68, 70] - 5928, [1, 2, 9, 11, 21, 23, 25, 26, 33, 40, 41, 46, 47, 56, 60, 65, 68, 70] - 6828, [1, 3, 5, 6, 14, 26, 34, 46, 47, 56, 63, 70] - 4146]
melhor indiv??duo da gera????o:[1, 3, 12, 13, 31, 41, 45, 57, 70] - 3780
gera????o: 118: 
[[1, 2, 9, 13, 14, 22, 33, 46, 49, 55, 56, 61, 63, 70] - 4992, [1, 4, 10, 20, 21, 23, 31, 40, 44, 54, 56, 57, 70] - 4814, [1, 4, 11, 21, 31, 41, 45, 56, 60, 64, 67, 69, 70] - 5769, [1, 2, 9, 11, 21, 23, 25, 26, 33, 40, 41, 46, 47, 56, 60, 65, 68, 70] - 6828, [1, 4, 10, 20, 31, 40, 41, 47, 55, 58, 62, 70] - 4506, [1, 2, 3, 5, 12, 13, 23, 33, 49, 58, 62, 70] - 3712, [1, 2, 4, 10, 20, 39, 56, 60, 64, 66, 67, 69, 70] - 6030, [1, 2, 4, 10, 20, 32, 40, 41, 45, 47, 49, 58, 62, 70] - 4609, [1, 2, 4, 10, 11, 20, 32, 37, 39, 56, 63, 70] - 4816]
melhor indiv??duo da gera????o:[1, 2, 3, 5, 12, 13, 23, 33, 49, 58, 62, 70] - 3712
gera????o: 119: 
[[1, 4, 10, 20, 21, 23, 31, 40, 44, 54, 56, 57, 70] - 4814, [1, 2, 9, 11, 21, 23, 25, 26, 33, 40, 41, 46, 47, 56, 60, 65, 68, 70] - 6828, [1, 2, 3, 5, 12, 13, 23, 33, 49, 58, 62, 70] - 3712, [1, 2, 4, 10, 20, 32, 40, 41, 45, 47, 49, 58, 62, 70] - 4609, [1, 2, 4, 10, 11, 21, 31, 41, 47, 49, 58, 62, 70] - 4413, [1, 2, 4, 10, 11, 20, 29, 37, 39, 53, 54, 61, 68, 70] - 5051, [1, 2, 3, 23, 31, 32, 40, 44, 56, 63, 70] - 4057, [1, 4, 11, 20, 21, 22, 24, 26, 28, 34, 41, 46, 47, 56, 57, 70] - 7174, [1, 3, 12, 14, 24, 26, 33, 49, 55, 58, 62, 70] - 4559]
melhor indiv??duo da gera????o:[1, 2, 3, 5, 12, 13, 23, 33, 49, 58, 62, 70] - 3712
gera????o: 120: 
[[1, 2, 9, 11, 21, 23, 25, 26, 33, 40, 41, 46, 47, 56, 60, 65, 68, 70] - 6828, [1, 2, 4, 10, 20, 32, 40, 41, 45, 47, 49, 58, 62, 70] - 4609, [1, 2, 4, 10, 11, 20, 29, 37, 39, 53, 54, 61, 68, 70] - 5051, [1, 4, 11, 20, 21, 22, 24, 26, 28, 34, 41, 46, 47, 56, 57, 70] - 7174, [1, 2, 3, 9, 21, 22, 24, 28, 36, 49, 55, 57, 70] - 4987, [1, 4, 10, 20, 39, 40, 44, 50, 53, 54, 56, 61, 63, 70] - 4796, [1, 4, 10, 11, 20, 32, 39, 44, 53, 60, 64, 66, 67, 69, 70] - 6208, [1, 4, 10, 11, 20, 29, 38, 43, 51, 59, 64, 66, 67, 69, 70] - 5898, [1, 3, 13, 31, 40, 44, 55, 56, 60, 65, 66, 67, 68, 70] - 6883]
melhor indiv??duo da gera????o:[1, 2, 4, 10, 20, 32, 40, 41, 45, 47, 49, 58, 62, 70] - 4609
gera????o: 121: 
[[1, 2, 4, 10, 20, 32, 40, 41, 45, 47, 49, 58, 62, 70] - 4609, [1, 4, 11, 20, 21, 22, 24, 26, 28, 34, 41, 46, 47, 56, 57, 70] - 7174, [1, 4, 10, 20, 39, 40, 44, 50, 53, 54, 56, 61, 63, 70] - 4796, [1, 4, 10, 11, 20, 29, 38, 43, 51, 59, 64, 66, 67, 69, 70] - 5898, [1, 4, 11, 20, 32, 40, 41, 44, 53, 60, 65, 68, 70] - 5840, [1, 2, 3, 23, 25, 33, 39, 42, 51, 59, 64, 65, 66, 67, 68, 70] - 7313, [1, 3, 9, 11, 21, 23, 33, 46, 49, 55, 58, 62, 70] - 4352, [1, 4, 10, 11, 20, 32, 37, 39, 56, 60, 61, 68, 70] - 6246, [1, 3, 5, 6, 8, 17, 26, 31, 41, 47, 55, 57, 70] - 4836]
melhor indiv??duo da gera????o:[1, 3, 9, 11, 21, 23, 33, 46, 49, 55, 58, 62, 70] - 4352
gera????o: 122: 
[[1, 4, 11, 20, 21, 22, 24, 26, 28, 34, 41, 46, 47, 56, 57, 70] - 7174, [1, 4, 10, 11, 20, 29, 38, 43, 51, 59, 64, 66, 67, 69, 70] - 5898, [1, 2, 3, 23, 25, 33, 39, 42, 51, 59, 64, 65, 66, 67, 68, 70] - 7313, [1, 4, 10, 11, 20, 32, 37, 39, 56, 60, 61, 68, 70] - 6246, [1, 4, 10, 11, 20, 30, 31, 33, 46, 49, 55, 57, 70] - 4857, [1, 3, 9, 21, 31, 32, 39, 42, 51, 59, 64, 67, 69, 70] - 5785, [1, 3, 23, 31, 33, 39, 53, 61, 63, 70] - 4801, [1, 4, 11, 20, 37, 38, 43, 52, 59, 64, 66, 67, 69, 70] - 6310, [1, 2, 9, 21, 23, 31, 41, 46, 49, 55, 57, 70] - 4592]
melhor indiv??duo da gera????o:[1, 2, 9, 21, 23, 31, 41, 46, 49, 55, 57, 70] - 4592
gera????o: 123: 
[[1, 4, 10, 11, 20, 29, 38, 43, 51, 59, 64, 66, 67, 69, 70] - 5898, [1, 4, 10, 11, 20, 32, 37, 39, 56, 60, 61, 68, 70] - 6246, [1, 3, 9, 21, 31, 32, 39, 42, 51, 59, 64, 67, 69, 70] - 5785, [1, 4, 11, 20, 37, 38, 43, 52, 59, 64, 66, 67, 69, 70] - 6310, [1, 2, 4, 10, 11, 21, 22, 25, 26, 31, 41, 44, 56, 63, 70] - 5055, [1, 3, 5, 6, 26, 31, 33, 34, 41, 47, 49, 55, 57, 70] - 5570, [1, 4, 11, 20, 31, 33, 47, 49, 58, 62, 70] - 4645, [1, 4, 11, 21, 22, 24, 26, 33, 39, 56, 63, 70] - 5670, [1, 2, 9, 11, 20, 39, 40, 44, 45, 56, 61, 65, 67, 68, 70] - 6088]
melhor indiv??duo da gera????o:[1, 4, 11, 20, 31, 33, 47, 49, 58, 62, 70] - 4645
gera????o: 124: 
[[1, 4, 10, 11, 20, 32, 37, 39, 56, 60, 61, 68, 70] - 6246, [1, 4, 11, 20, 37, 38, 43, 52, 59, 64, 66, 67, 69, 70] - 6310, [1, 3, 5, 6, 26, 31, 33, 34, 41, 47, 49, 55, 57, 70] - 5570, [1, 4, 11, 21, 22, 24, 26, 33, 39, 56, 63, 70] - 5670, [1, 2, 4, 10, 11, 20, 30, 31, 33, 46, 47, 49, 55, 57, 70] - 5194, [1, 3, 5, 12, 14, 26, 33, 34, 46, 49, 58, 62, 70] - 4328, [1, 4, 10, 20, 29, 37, 42, 52, 60, 61, 63, 70] - 4637, [1, 4, 10, 20, 21, 22, 23, 25, 33, 41, 44, 54, 61, 65, 68, 70] - 5568, [1, 3, 9, 21, 22, 33, 34, 35, 46, 47, 55, 57, 70] - 4672]
melhor indiv??duo da gera????o:[1, 3, 5, 12, 14, 26, 33, 34, 46, 49, 58, 62, 70] - 4328
gera????o: 125: 
[[1, 4, 11, 20, 37, 38, 43, 52, 59, 64, 66, 67, 69, 70] - 6310, [1, 4, 11, 21, 22, 24, 26, 33, 39, 56, 63, 70] - 5670, [1, 3, 5, 12, 14, 26, 33, 34, 46, 49, 58, 62, 70] - 4328, [1, 4, 10, 20, 21, 22, 23, 25, 33, 41, 44, 54, 61, 65, 68, 70] - 5568, [1, 2, 4, 11, 21, 23, 25, 26, 28, 36, 48, 58, 62, 70] - 4799, [1, 3, 9, 13, 40, 44, 55, 56, 63, 70] - 4486, [1, 4, 11, 21, 22, 33, 34, 35, 36, 49, 58, 62, 70] - 4913, [1, 2, 4, 11, 20, 29, 38, 43, 52, 53, 60, 64, 65, 67, 68, 70] - 7060, [1, 3, 13, 14, 17, 26, 28, 35, 49, 55, 56, 63, 70] - 5198]
melhor indiv??duo da gera????o:[1, 3, 5, 12, 14, 26, 33, 34, 46, 49, 58, 62, 70] - 4328
gera????o: 126: 
[[1, 4, 11, 21, 22, 24, 26, 33, 39, 56, 63, 70] - 5670, [1, 4, 10, 20, 21, 22, 23, 25, 33, 41, 44, 54, 61, 65, 68, 70] - 5568, [1, 3, 9, 13, 40, 44, 55, 56, 63, 70] - 4486, [1, 2, 4, 11, 20, 29, 38, 43, 52, 53, 60, 64, 65, 67, 68, 70] - 7060, [1, 3, 5, 6, 26, 34, 35, 49, 55, 58, 62, 70] - 4190, [1, 2, 9, 21, 22, 24, 27, 35, 36, 49, 58, 62, 70] - 5058, [1, 3, 9, 21, 22, 24, 28, 36, 49, 55, 58, 62, 70] - 4996, [1, 4, 10, 11, 21, 23, 25, 26, 28, 34, 46, 47, 49, 58, 62, 70] - 4680, [1, 3, 13, 31, 40, 44, 45, 57, 70] - 3844]
melhor indiv??duo da gera????o:[1, 3, 13, 31, 40, 44, 45, 57, 70] - 3844
gera????o: 127: 
[[1, 4, 10, 20, 21, 22, 23, 25, 33, 41, 44, 54, 61, 65, 68, 70] - 5568, [1, 2, 4, 11, 20, 29, 38, 43, 52, 53, 60, 64, 65, 67, 68, 70] - 7060, [1, 2, 9, 21, 22, 24, 27, 35, 36, 49, 58, 62, 70] - 5058, [1, 4, 10, 11, 21, 23, 25, 26, 28, 34, 46, 47, 49, 58, 62, 70] - 4680, [1, 2, 3, 5, 12, 22, 24, 36, 49, 58, 62, 70] - 4660, [1, 4, 11, 20, 37, 39, 42, 43, 51, 59, 60, 64, 65, 68, 70] - 5902, [1, 3, 13, 23, 25, 33, 47, 49, 55, 58, 62, 70] - 4198, [1, 3, 9, 11, 21, 23, 25, 33, 46, 47, 49, 58, 62, 70] - 4548, [1, 3, 9, 13, 14, 26, 34, 35, 49, 58, 62, 70] - 4304]
melhor indiv??duo da gera????o:[1, 3, 13, 23, 25, 33, 47, 49, 55, 58, 62, 70] - 4198
gera????o: 128: 
[[1, 2, 4, 11, 20, 29, 38, 43, 52, 53, 60, 64, 65, 67, 68, 70] - 7060, [1, 4, 10, 11, 21, 23, 25, 26, 28, 34, 46, 47, 49, 58, 62, 70] - 4680, [1, 4, 11, 20, 37, 39, 42, 43, 51, 59, 60, 64, 65, 68, 70] - 5902, [1, 3, 9, 11, 21, 23, 25, 33, 46, 47, 49, 58, 62, 70] - 4548, [1, 2, 4, 11, 21, 22, 24, 28, 36, 49, 58, 62, 70] - 4951, [1, 2, 4, 11, 20, 30, 31, 33, 47, 55, 56, 61, 63, 70] - 5144, [1, 2, 4, 11, 21, 22, 25, 33, 41, 45, 56, 63, 70] - 4259, [1, 3, 23, 33, 40, 41, 47, 56, 63, 70] - 4538, [1, 4, 10, 11, 20, 21, 23, 31, 40, 41, 46, 47, 55, 56, 60, 65, 66, 67, 68, 70] - 8321]
melhor indiv??duo da gera????o:[1, 2, 4, 11, 21, 22, 25, 33, 41, 45, 56, 63, 70] - 4259
gera????o: 129: 
[[1, 4, 10, 11, 21, 23, 25, 26, 28, 34, 46, 47, 49, 58, 62, 70] - 4680, [1, 3, 9, 11, 21, 23, 25, 33, 46, 47, 49, 58, 62, 70] - 4548, [1, 2, 4, 11, 20, 30, 31, 33, 47, 55, 56, 61, 63, 70] - 5144, [1, 3, 23, 33, 40, 41, 47, 56, 63, 70] - 4538, [1, 4, 11, 20, 29, 38, 43, 52, 53, 61, 65, 68, 70] - 5908, [1, 3, 5, 6, 7, 8, 15, 17, 18, 19, 24, 34, 35, 46, 47, 56, 63, 70] - 5624, [1, 4, 11, 20, 30, 32, 37, 42, 43, 52, 53, 61, 63, 70] - 5606, [1, 4, 11, 20, 29, 37, 39, 40, 41, 46, 47, 56, 60, 65, 68, 70] - 7044, [1, 2, 3, 5, 12, 22, 25, 33, 39, 44, 53, 54, 61, 65, 68, 70] - 5836]
melhor indiv??duo da gera????o:[1, 3, 23, 33, 40, 41, 47, 56, 63, 70] - 4538
gera????o: 130: 
[[1, 3, 9, 11, 21, 23, 25, 33, 46, 47, 49, 58, 62, 70] - 4548, [1, 3, 23, 33, 40, 41, 47, 56, 63, 70] - 4538, [1, 3, 5, 6, 7, 8, 15, 17, 18, 19, 24, 34, 35, 46, 47, 56, 63, 70] - 5624, [1, 4, 11, 20, 29, 37, 39, 40, 41, 46, 47, 56, 60, 65, 68, 70] - 7044, [1, 4, 11, 21, 23, 31, 41, 47, 55, 58, 62, 70] - 4477, [1, 3, 9, 13, 14, 24, 28, 36, 48, 49, 55, 58, 62, 70] - 5112, [1, 4, 10, 20, 29, 38, 43, 52, 59, 64, 65, 66, 67, 69, 70] - 6836, [1, 4, 11, 21, 23, 33, 39, 50, 53, 54, 61, 63, 70] - 4838, [1, 4, 10, 20, 30, 31, 41, 46, 47, 56, 60, 65, 66, 67, 68, 70] - 7642]
melhor indiv??duo da gera????o:[1, 4, 11, 21, 23, 31, 41, 47, 55, 58, 62, 70] - 4477
gera????o: 131: 
[[1, 3, 23, 33, 40, 41, 47, 56, 63, 70] - 4538, [1, 4, 11, 20, 29, 37, 39, 40, 41, 46, 47, 56, 60, 65, 68, 70] - 7044, [1, 3, 9, 13, 14, 24, 28, 36, 48, 49, 55, 58, 62, 70] - 5112, [1, 4, 11, 21, 23, 33, 39, 50, 53, 54, 61, 63, 70] - 4838, [1, 3, 9, 21, 22, 23, 25, 26, 34, 35, 46, 47, 56, 57, 70] - 5262, [1, 3, 23, 33, 41, 47, 49, 58, 62, 70] - 4067, [1, 3, 13, 22, 24, 27, 28, 36, 49, 55, 57, 70] - 5157, [1, 4, 10, 20, 29, 37, 42, 52, 60, 61, 68, 70] - 4977, [1, 2, 9, 11, 21, 22, 23, 31, 41, 46, 49, 55, 56, 60, 65, 66, 67, 68, 70] - 7679]
melhor indiv??duo da gera????o:[1, 3, 23, 33, 41, 47, 49, 58, 62, 70] - 4067
gera????o: 132: 
[[1, 4, 11, 20, 29, 37, 39, 40, 41, 46, 47, 56, 60, 65, 68, 70] - 7044, [1, 4, 11, 21, 23, 33, 39, 50, 53, 54, 61, 63, 70] - 4838, [1, 3, 23, 33, 41, 47, 49, 58, 62, 70] - 4067, [1, 4, 10, 20, 29, 37, 42, 52, 60, 61, 68, 70] - 4977, [1, 4, 10, 11, 21, 31, 33, 41, 45, 47, 55, 56, 61, 65, 66, 67, 69, 70] - 6329, [1, 2, 9, 13, 14, 25, 26, 28, 36, 49, 55, 56, 63, 70] - 5058, [1, 3, 12, 13, 22, 24, 26, 33, 46, 47, 55, 57, 70] - 4840, [1, 2, 4, 10, 11, 20, 31, 40, 41, 45, 56, 60, 65, 66, 67, 69, 70] - 6901, [1, 2, 3, 12, 13, 14, 24, 34, 46, 47, 56, 57, 70] - 5268]
melhor indiv??duo da gera????o:[1, 3, 23, 33, 41, 47, 49, 58, 62, 70] - 4067
gera????o: 133: 
[[1, 4, 11, 21, 23, 33, 39, 50, 53, 54, 61, 63, 70] - 4838, [1, 4, 10, 20, 29, 37, 42, 52, 60, 61, 68, 70] - 4977, [1, 2, 9, 13, 14, 25, 26, 28, 36, 49, 55, 56, 63, 70] - 5058, [1, 2, 4, 10, 11, 20, 31, 40, 41, 45, 56, 60, 65, 66, 67, 69, 70] - 6901, [1, 4, 10, 11, 21, 23, 31, 41, 45, 57, 70] - 4106, [1, 4, 11, 20, 29, 38, 43, 52, 53, 60, 65, 67, 68, 70] - 6730, [1, 3, 5, 12, 22, 33, 47, 55, 57, 70] - 3509, [1, 2, 3, 12, 13, 40, 44, 50, 53, 61, 68, 70] - 4682, [1, 4, 11, 21, 31, 40, 44, 56, 57, 70] - 4173]
melhor indiv??duo da gera????o:[1, 3, 5, 12, 22, 33, 47, 55, 57, 70] - 3509
gera????o: 134: 
[[1, 4, 10, 20, 29, 37, 42, 52, 60, 61, 68, 70] - 4977, [1, 2, 4, 10, 11, 20, 31, 40, 41, 45, 56, 60, 65, 66, 67, 69, 70] - 6901, [1, 4, 11, 20, 29, 38, 43, 52, 53, 60, 65, 67, 68, 70] - 6730, [1, 2, 3, 12, 13, 40, 44, 50, 53, 61, 68, 70] - 4682, [1, 3, 12, 22, 33, 34, 35, 36, 49, 55, 56, 57, 70] - 5291, [1, 2, 3, 13, 31, 32, 37, 38, 43, 52, 53, 61, 68, 70] - 5508, [1, 3, 9, 13, 21, 22, 33, 41, 47, 55, 56, 57, 70] - 4939, [1, 3, 23, 25, 26, 34, 46, 47, 56, 63, 70] - 4278, [1, 3, 23, 31, 32, 40, 41, 44, 54, 61, 63, 70] - 4289]
melhor indiv??duo da gera????o:[1, 3, 23, 25, 26, 34, 46, 47, 56, 63, 70] - 4278
gera????o: 135: 
[[1, 2, 4, 10, 11, 20, 31, 40, 41, 45, 56, 60, 65, 66, 67, 69, 70] - 6901, [1, 2, 3, 12, 13, 40, 44, 50, 53, 61, 68, 70] - 4682, [1, 2, 3, 13, 31, 32, 37, 38, 43, 52, 53, 61, 68, 70] - 5508, [1, 3, 23, 25, 26, 34, 46, 47, 56, 63, 70] - 4278, [1, 4, 11, 20, 32, 39, 40, 41, 46, 49, 58, 62, 70] - 5268, [1, 4, 10, 11, 20, 21, 31, 33, 39, 50, 53, 60, 64, 65, 67, 69, 70] - 7090, [1, 3, 13, 21, 22, 25, 33, 40, 41, 45, 47, 55, 57, 70] - 4534, [1, 4, 11, 21, 23, 25, 26, 33, 47, 49, 58, 62, 70] - 4468, [1, 2, 4, 10, 20, 39, 53, 54, 56, 57, 70] - 4518]
melhor indiv??duo da gera????o:[1, 3, 23, 25, 26, 34, 46, 47, 56, 63, 70] - 4278
gera????o: 136: 
[[1, 2, 3, 12, 13, 40, 44, 50, 53, 61, 68, 70] - 4682, [1, 3, 23, 25, 26, 34, 46, 47, 56, 63, 70] - 4278, [1, 4, 10, 11, 20, 21, 31, 33, 39, 50, 53, 60, 64, 65, 67, 69, 70] - 7090, [1, 4, 11, 21, 23, 25, 26, 33, 47, 49, 58, 62, 70] - 4468, [1, 4, 10, 20, 31, 40, 44, 45, 56, 63, 70] - 4321, [1, 4, 11, 20, 37, 38, 43, 52, 53, 61, 65, 67, 69, 70] - 6390, [1, 4, 11, 21, 31, 32, 40, 41, 44, 56, 61, 68, 70] - 4882, [1, 3, 5, 6, 17, 26, 28, 35, 46, 49, 58, 62, 70] - 4308, [1, 3, 13, 23, 33, 46, 47, 56, 57, 70] - 4582]
melhor indiv??duo da gera????o:[1, 3, 23, 25, 26, 34, 46, 47, 56, 63, 70] - 4278
gera????o: 137: 
[[1, 3, 23, 25, 26, 34, 46, 47, 56, 63, 70] - 4278, [1, 4, 11, 21, 23, 25, 26, 33, 47, 49, 58, 62, 70] - 4468, [1, 4, 11, 20, 37, 38, 43, 52, 53, 61, 65, 67, 69, 70] - 6390, [1, 3, 5, 6, 17, 26, 28, 35, 46, 49, 58, 62, 70] - 4308, [1, 3, 12, 22, 25, 33, 41, 47, 49, 58, 62, 70] - 4142, [1, 3, 5, 12, 22, 33, 41, 44, 54, 61, 65, 67, 69, 70] - 5283, [1, 4, 11, 21, 22, 24, 27, 28, 34, 46, 49, 58, 62, 70] - 5193, [1, 2, 4, 10, 11, 21, 31, 40, 41, 45, 57, 70] - 4008, [1, 3, 9, 13, 31, 41, 47, 56, 60, 61, 65, 67, 68, 70] - 7039]
melhor indiv??duo da gera????o:[1, 2, 4, 10, 11, 21, 31, 40, 41, 45, 57, 70] - 4008
gera????o: 138: 
[[1, 4, 11, 21, 23, 25, 26, 33, 47, 49, 58, 62, 70] - 4468, [1, 3, 5, 6, 17, 26, 28, 35, 46, 49, 58, 62, 70] - 4308, [1, 3, 5, 12, 22, 33, 41, 44, 54, 61, 65, 67, 69, 70] - 5283, [1, 2, 4, 10, 11, 21, 31, 40, 41, 45, 57, 70] - 4008, [1, 2, 3, 13, 21, 22, 25, 33, 47, 49, 55, 56, 63, 70] - 4794, [1, 2, 9, 11, 20, 29, 38, 43, 52, 53, 54, 56, 57, 70] - 5213, [1, 2, 9, 13, 22, 23, 31, 32, 40, 41, 45, 47, 55, 58, 62, 70] - 4369, [1, 2, 4, 11, 21, 22, 23, 25, 26, 34, 46, 47, 56, 57, 70] - 5060, [1, 4, 11, 20, 29, 38, 43, 51, 59, 64, 67, 69, 70] - 5846]
melhor indiv??duo da gera????o:[1, 2, 4, 10, 11, 21, 31, 40, 41, 45, 57, 70] - 4008
gera????o: 139: 
[[1, 3, 5, 6, 17, 26, 28, 35, 46, 49, 58, 62, 70] - 4308, [1, 2, 4, 10, 11, 21, 31, 40, 41, 45, 57, 70] - 4008, [1, 2, 9, 11, 20, 29, 38, 43, 52, 53, 54, 56, 57, 70] - 5213, [1, 2, 4, 11, 21, 22, 23, 25, 26, 34, 46, 47, 56, 57, 70] - 5060, [1, 2, 4, 10, 11, 20, 31, 33, 41, 46, 47, 55, 58, 62, 70] - 5252, [1, 3, 9, 11, 20, 29, 38, 43, 52, 59, 60, 61, 68, 70] - 6004, [1, 4, 10, 20, 31, 32, 37, 38, 43, 51, 59, 66, 67, 68, 70] - 6251, [1, 3, 9, 11, 20, 37, 39, 44, 55, 57, 70] - 4555, [1, 2, 4, 10, 20, 30, 31, 33, 39, 40, 41, 45, 47, 49, 58, 62, 70] - 5653]
melhor indiv??duo da gera????o:[1, 2, 4, 10, 11, 21, 31, 40, 41, 45, 57, 70] - 4008
gera????o: 140: 
[[1, 2, 4, 10, 11, 21, 31, 40, 41, 45, 57, 70] - 4008, [1, 2, 4, 11, 21, 22, 23, 25, 26, 34, 46, 47, 56, 57, 70] - 5060, [1, 3, 9, 11, 20, 29, 38, 43, 52, 59, 60, 61, 68, 70] - 6004, [1, 3, 9, 11, 20, 37, 39, 44, 55, 57, 70] - 4555, [1, 2, 4, 11, 20, 30, 31, 40, 44, 50, 53, 54, 61, 65, 67, 69, 70] - 6313, [1, 3, 13, 14, 26, 33, 46, 47, 49, 55, 56, 60, 64, 67, 68, 70] - 7139, [1, 2, 3, 9, 21, 23, 25, 33, 41, 44, 45, 47, 56, 61, 68, 70] - 5556, [1, 4, 10, 11, 20, 32, 37, 42, 50, 53, 61, 63, 70] - 5025, [1, 2, 4, 11, 21, 31, 32, 37, 39, 53, 61, 68, 70] - 5068]
melhor indiv??duo da gera????o:[1, 2, 4, 10, 11, 21, 31, 40, 41, 45, 57, 70] - 4008
gera????o: 141: 
[[1, 2, 4, 11, 21, 22, 23, 25, 26, 34, 46, 47, 56, 57, 70] - 5060, [1, 3, 9, 11, 20, 37, 39, 44, 55, 57, 70] - 4555, [1, 3, 13, 14, 26, 33, 46, 47, 49, 55, 56, 60, 64, 67, 68, 70] - 7139, [1, 4, 10, 11, 20, 32, 37, 42, 50, 53, 61, 63, 70] - 5025, [1, 4, 11, 20, 31, 33, 41, 44, 54, 61, 63, 70] - 4847, [1, 4, 11, 21, 31, 40, 41, 44, 54, 56, 63, 70] - 4283, [1, 4, 11, 20, 32, 37, 39, 44, 55, 56, 63, 70] - 5535, [1, 4, 11, 21, 23, 25, 33, 41, 45, 47, 56, 63, 70] - 4657, [1, 2, 9, 11, 21, 31, 33, 49, 58, 62, 70] - 3616]
melhor indiv??duo da gera????o:[1, 2, 9, 11, 21, 31, 33, 49, 58, 62, 70] - 3616
gera????o: 142: 
[[1, 3, 9, 11, 20, 37, 39, 44, 55, 57, 70] - 4555, [1, 4, 10, 11, 20, 32, 37, 42, 50, 53, 61, 63, 70] - 5025, [1, 4, 11, 21, 31, 40, 41, 44, 54, 56, 63, 70] - 4283, [1, 4, 11, 21, 23, 25, 33, 41, 45, 47, 56, 63, 70] - 4657, [1, 4, 11, 21, 22, 24, 27, 35, 36, 48, 58, 62, 70] - 5353, [1, 3, 5, 12, 13, 22, 25, 33, 47, 55, 58, 62, 70] - 3771, [1, 2, 9, 21, 23, 31, 32, 39, 56, 60, 61, 65, 66, 67, 68, 70] - 7123, [1, 3, 13, 22, 23, 25, 26, 31, 40, 44, 56, 60, 64, 65, 68, 70] - 6277, [1, 3, 23, 33, 40, 41, 47, 55, 58, 62, 70] - 4285]
melhor indiv??duo da gera????o:[1, 3, 5, 12, 13, 22, 25, 33, 47, 55, 58, 62, 70] - 3771
gera????o: 143: 
[[1, 4, 10, 11, 20, 32, 37, 42, 50, 53, 61, 63, 70] - 5025, [1, 4, 11, 21, 23, 25, 33, 41, 45, 47, 56, 63, 70] - 4657, [1, 3, 5, 12, 13, 22, 25, 33, 47, 55, 58, 62, 70] - 3771, [1, 3, 13, 22, 23, 25, 26, 31, 40, 44, 56, 60, 64, 65, 68, 70] - 6277, [1, 4, 11, 21, 23, 33, 39, 50, 53, 54, 61, 68, 70] - 5178, [1, 2, 4, 10, 20, 32, 39, 44, 56, 57, 70] - 4604, [1, 4, 11, 21, 22, 24, 36, 48, 58, 62, 70] - 4941, [1, 4, 10, 20, 37, 42, 52, 60, 65, 66, 67, 68, 70] - 5733, [1, 3, 13, 40, 41, 45, 57, 70] - 3805]
melhor indiv??duo da gera????o:[1, 3, 5, 12, 13, 22, 25, 33, 47, 55, 58, 62, 70] - 3771
gera????o: 144: 
[[1, 4, 11, 21, 23, 25, 33, 41, 45, 47, 56, 63, 70] - 4657, [1, 3, 13, 22, 23, 25, 26, 31, 40, 44, 56, 60, 64, 65, 68, 70] - 6277, [1, 2, 4, 10, 20, 32, 39, 44, 56, 57, 70] - 4604, [1, 4, 10, 20, 37, 42, 52, 60, 65, 66, 67, 68, 70] - 5733, [1, 2, 4, 10, 11, 20, 21, 23, 33, 39, 40, 41, 44, 45, 56, 60, 65, 66, 67, 69, 70] - 8208, [1, 3, 12, 13, 22, 25, 33, 47, 49, 55, 56, 63, 70] - 4435, [1, 3, 5, 12, 14, 26, 33, 39, 40, 44, 54, 56, 63, 70] - 4854, [1, 3, 23, 33, 40, 44, 54, 61, 68, 70] - 4337, [1, 2, 9, 11, 20, 37, 38, 43, 52, 53, 61, 63, 70] - 4863]
melhor indiv??duo da gera????o:[1, 3, 23, 33, 40, 44, 54, 61, 68, 70] - 4337
gera????o: 145: 
[[1, 3, 13, 22, 23, 25, 26, 31, 40, 44, 56, 60, 64, 65, 68, 70] - 6277, [1, 4, 10, 20, 37, 42, 52, 60, 65, 66, 67, 68, 70] - 5733, [1, 3, 12, 13, 22, 25, 33, 47, 49, 55, 56, 63, 70] - 4435, [1, 3, 23, 33, 40, 44, 54, 61, 68, 70] - 4337, [1, 3, 9, 21, 31, 41, 44, 53, 54, 61, 63, 70] - 4608, [1, 4, 10, 11, 21, 31, 33, 41, 46, 47, 55, 58, 62, 70] - 4649, [1, 2, 9, 13, 21, 22, 25, 33, 40, 44, 54, 61, 63, 70] - 4325, [1, 2, 9, 21, 22, 33, 47, 55, 57, 70] - 3628, [1, 2, 9, 13, 21, 22, 33, 40, 41, 44, 55, 57, 70] - 4723]
melhor indiv??duo da gera????o:[1, 2, 9, 21, 22, 33, 47, 55, 57, 70] - 3628
gera????o: 146: 
[[1, 4, 10, 20, 37, 42, 52, 60, 65, 66, 67, 68, 70] - 5733, [1, 3, 23, 33, 40, 44, 54, 61, 68, 70] - 4337, [1, 4, 10, 11, 21, 31, 33, 41, 46, 47, 55, 58, 62, 70] - 4649, [1, 2, 9, 21, 22, 33, 47, 55, 57, 70] - 3628, [1, 4, 10, 11, 21, 22, 24, 26, 28, 34, 46, 47, 55, 58, 62, 70] - 5072, [1, 4, 10, 11, 21, 31, 33, 34, 41, 46, 49, 55, 56, 60, 61, 63, 70] - 6839, [1, 3, 12, 22, 33, 49, 58, 62, 70] - 3511, [1, 4, 10, 11, 20, 32, 39, 40, 44, 45, 57, 70] - 4640, [1, 3, 13, 14, 24, 26, 34, 41, 46, 49, 58, 62, 70] - 5418]
melhor indiv??duo da gera????o:[1, 3, 12, 22, 33, 49, 58, 62, 70] - 3511
gera????o: 147: 
[[1, 3, 23, 33, 40, 44, 54, 61, 68, 70] - 4337, [1, 2, 9, 21, 22, 33, 47, 55, 57, 70] - 3628, [1, 4, 10, 11, 21, 31, 33, 34, 41, 46, 49, 55, 56, 60, 61, 63, 70] - 6839, [1, 4, 10, 11, 20, 32, 39, 40, 44, 45, 57, 70] - 4640, [1, 3, 12, 22, 33, 34, 41, 45, 57, 70] - 4275, [1, 2, 3, 12, 13, 14, 17, 26, 31, 40, 41, 47, 56, 63, 70] - 5765, [1, 2, 3, 13, 31, 41, 47, 56, 63, 70] - 4456, [1, 2, 9, 21, 23, 33, 41, 45, 57, 70] - 3699, [1, 4, 10, 20, 21, 31, 32, 39, 53, 60, 65, 67, 69, 70] - 6059]
melhor indiv??duo da gera????o:[1, 2, 9, 21, 22, 33, 47, 55, 57, 70] - 3628
gera????o: 148: 
[[1, 2, 9, 21, 22, 33, 47, 55, 57, 70] - 3628, [1, 4, 10, 11, 20, 32, 39, 40, 44, 45, 57, 70] - 4640, [1, 2, 3, 12, 13, 14, 17, 26, 31, 40, 41, 47, 56, 63, 70] - 5765, [1, 2, 9, 21, 23, 33, 41, 45, 57, 70] - 3699, [1, 4, 10, 11, 21, 22, 24, 34, 46, 49, 55, 57, 70] - 4735, [1, 2, 3, 13, 22, 25, 26, 33, 41, 45, 47, 55, 57, 70] - 4333, [1, 4, 11, 20, 21, 31, 32, 39, 44, 45, 47, 49, 58, 62, 70] - 5535, [1, 3, 23, 31, 41, 47, 49, 55, 58, 62, 70] - 4519, [1, 4, 10, 20, 21, 23, 31, 40, 41, 46, 47, 56, 60, 64, 67, 69, 70] - 7257]
melhor indiv??duo da gera????o:[1, 2, 9, 21, 22, 33, 47, 55, 57, 70] - 3628
gera????o: 149: 
[[1, 4, 10, 11, 20, 32, 39, 40, 44, 45, 57, 70] - 4640, [1, 2, 9, 21, 23, 33, 41, 45, 57, 70] - 3699, [1, 2, 3, 13, 22, 25, 26, 33, 41, 45, 47, 55, 57, 70] - 4333, [1, 3, 23, 31, 41, 47, 49, 55, 58, 62, 70] - 4519, [1, 4, 10, 20, 29, 37, 42, 50, 53, 61, 65, 67, 69, 70] - 5844, [1, 4, 11, 21, 22, 33, 41, 47, 56, 63, 70] - 4632, [1, 3, 9, 13, 23, 31, 41, 45, 47, 49, 55, 56, 57, 70] - 5242, [1, 2, 4, 10, 11, 21, 22, 24, 27, 28, 34, 41, 47, 56, 60, 61, 65, 66, 67, 68, 70] - 8909, [1, 3, 13, 23, 31, 33, 40, 41, 44, 53, 60, 65, 66, 67, 69, 70] - 6696]
melhor indiv??duo da gera????o:[1, 2, 9, 21, 23, 33, 41, 45, 57, 70] - 3699
gera????o: 150: 
[[1, 2, 9, 21, 23, 33, 41, 45, 57, 70] - 3699, [1, 3, 23, 31, 41, 47, 49, 55, 58, 62, 70] - 4519, [1, 4, 11, 21, 22, 33, 41, 47, 56, 63, 70] - 4632, [1, 2, 4, 10, 11, 21, 22, 24, 27, 28, 34, 41, 47, 56, 60, 61, 65, 66, 67, 68, 70] - 8909, [1, 4, 10, 11, 21, 31, 32, 39, 44, 54, 61, 68, 70] - 4647, [1, 4, 10, 11, 20, 31, 40, 44, 50, 53, 61, 68, 70] - 5198, [1, 2, 9, 21, 22, 25, 33, 46, 49, 55, 56, 63, 70] - 4648, [1, 3, 13, 40, 41, 47, 55, 57, 70] - 3956, [1, 2, 9, 11, 21, 31, 40, 41, 45, 56, 63, 70] - 3841]
melhor indiv??duo da gera????o:[1, 2, 9, 21, 23, 33, 41, 45, 57, 70] - 3699
______________________________________________________________________________________________________________________________
