gera????o: 1: 
[[1, 3, 12, 14, 26, 31, 40, 41, 45, 56, 57, 70] - 4792, [1, 4, 11, 20, 31, 41, 44, 54, 56, 63, 70] - 4775, [1, 3, 12, 14, 25, 33, 39, 42, 52, 60, 64, 65, 67, 68, 70] - 6531, [1, 2, 4, 11, 20, 30, 31, 41, 46, 47, 56, 57, 70] - 5805, [1, 4, 11, 20, 29, 37, 38, 43, 51, 59, 64, 67, 68, 70] - 6087, [1, 3, 9, 21, 31, 32, 37, 39, 44, 50, 53, 54, 61, 65, 67, 69, 70] - 6190, [1, 2, 9, 11, 20, 21, 22, 24, 34, 46, 47, 49, 55, 57, 70] - 5522, [1, 3, 23, 31, 40, 44, 45, 47, 56, 57, 70] - 4696, [1, 4, 11, 20, 37, 38, 43, 51, 59, 64, 67, 69, 70] - 5694, [1, 2, 4, 11, 20, 30, 32, 40, 41, 44, 53, 54, 61, 68, 70] - 5648, [1, 3, 12, 13, 14, 17, 18, 19, 27, 28, 35, 46, 49, 58, 62, 70] - 5191, [1, 2, 4, 11, 21, 22, 24, 34, 35, 49, 55, 58, 62, 70] - 5213, [1, 4, 10, 20, 32, 37, 42, 52, 60, 64, 66, 67, 68, 70] - 5722, [1, 4, 10, 20, 29, 37, 38, 43, 51, 59, 64, 67, 69, 70] - 5583, [1, 4, 10, 11, 20, 31, 41, 44, 53, 60, 64, 67, 68, 70] - 6362, [1, 3, 5, 6, 14, 24, 34, 46, 47, 55, 56, 57, 70] - 4936, [1, 2, 9, 11, 20, 21, 23, 25, 33, 34, 46, 49, 58, 62, 70] - 4904, [1, 3, 5, 12, 14, 17, 26, 28, 35, 49, 55, 56, 61, 68, 70] - 5564, [1, 3, 13, 21, 23, 33, 41, 44, 54, 56, 61, 68, 70] - 4704, [1, 4, 10, 11, 20, 21, 31, 32, 37, 42, 43, 52, 59, 64, 65, 68, 70] - 6831]
melhor indiv??duo da gera????o:[1, 3, 23, 31, 40, 44, 45, 47, 56, 57, 70] - 4696
gera????o: 2: 
[[1, 4, 11, 20, 31, 41, 44, 54, 56, 63, 70] - 4775, [1, 2, 4, 11, 20, 30, 31, 41, 46, 47, 56, 57, 70] - 5805, [1, 3, 9, 21, 31, 32, 37, 39, 44, 50, 53, 54, 61, 65, 67, 69, 70] - 6190, [1, 3, 23, 31, 40, 44, 45, 47, 56, 57, 70] - 4696, [1, 2, 4, 11, 20, 30, 32, 40, 41, 44, 53, 54, 61, 68, 70] - 5648, [1, 2, 4, 11, 21, 22, 24, 34, 35, 49, 55, 58, 62, 70] - 5213, [1, 4, 10, 20, 29, 37, 38, 43, 51, 59, 64, 67, 69, 70] - 5583, [1, 3, 5, 6, 14, 24, 34, 46, 47, 55, 56, 57, 70] - 4936, [1, 3, 5, 12, 14, 17, 26, 28, 35, 49, 55, 56, 61, 68, 70] - 5564, [1, 4, 10, 11, 20, 21, 31, 32, 37, 42, 43, 52, 59, 64, 65, 68, 70] - 6831, [1, 3, 5, 12, 14, 17, 26, 28, 35, 49, 55, 56, 61, 68, 70] - 5564, [1, 3, 9, 21, 31, 32, 37, 39, 44, 50, 53, 54, 61, 65, 67, 69, 70] - 6190, [1, 2, 4, 11, 20, 30, 32, 40, 41, 44, 53, 54, 61, 68, 70] - 5648, [1, 2, 9, 11, 20, 21, 22, 24, 34, 46, 47, 49, 55, 57, 70] - 5522, [1, 4, 11, 20, 31, 41, 44, 54, 56, 63, 70] - 4775, [1, 3, 23, 31, 40, 44, 45, 47, 56, 57, 70] - 4696, [1, 3, 9, 21, 31, 32, 37, 39, 44, 50, 53, 54, 61, 65, 67, 69, 70] - 6190, [1, 3, 9, 21, 31, 32, 37, 39, 44, 50, 53, 54, 61, 65, 67, 69, 70] - 6190]
melhor indiv??duo da gera????o:[1, 3, 23, 31, 40, 44, 45, 47, 56, 57, 70] - 4696
gera????o: 3: 
[[1, 2, 4, 11, 20, 30, 31, 41, 46, 47, 56, 57, 70] - 5805, [1, 3, 23, 31, 40, 44, 45, 47, 56, 57, 70] - 4696, [1, 2, 4, 11, 21, 22, 24, 34, 35, 49, 55, 58, 62, 70] - 5213, [1, 3, 5, 6, 14, 24, 34, 46, 47, 55, 56, 57, 70] - 4936, [1, 4, 10, 11, 20, 21, 31, 32, 37, 42, 43, 52, 59, 64, 65, 68, 70] - 6831, [1, 3, 9, 21, 31, 32, 37, 39, 44, 50, 53, 54, 61, 65, 67, 69, 70] - 6190, [1, 2, 9, 11, 20, 21, 22, 24, 34, 46, 47, 49, 55, 57, 70] - 5522, [1, 3, 23, 31, 40, 44, 45, 47, 56, 57, 70] - 4696, [1, 3, 9, 21, 31, 32, 37, 39, 44, 50, 53, 54, 61, 65, 67, 69, 70] - 6190, [1, 4, 11, 20, 31, 41, 44, 54, 56, 63, 70] - 4775, [1, 3, 23, 31, 40, 44, 45, 47, 56, 57, 70] - 4696, [1, 3, 23, 31, 40, 44, 45, 47, 56, 57, 70] - 4696, [1, 4, 10, 20, 29, 37, 38, 43, 51, 59, 64, 67, 69, 70] - 5583, [1, 4, 11, 20, 31, 41, 44, 54, 56, 63, 70] - 4775, [1, 2, 4, 11, 20, 30, 32, 40, 41, 44, 53, 54, 61, 68, 70] - 5648, [1, 3, 5, 12, 14, 17, 26, 28, 35, 49, 55, 56, 61, 68, 70] - 5564]
melhor indiv??duo da gera????o:[1, 3, 23, 31, 40, 44, 45, 47, 56, 57, 70] - 4696
gera????o: 4: 
[[1, 3, 23, 31, 40, 44, 45, 47, 56, 57, 70] - 4696, [1, 3, 5, 6, 14, 24, 34, 46, 47, 55, 56, 57, 70] - 4936, [1, 3, 9, 21, 31, 32, 37, 39, 44, 50, 53, 54, 61, 65, 67, 69, 70] - 6190, [1, 3, 23, 31, 40, 44, 45, 47, 56, 57, 70] - 4696, [1, 4, 11, 20, 31, 41, 44, 54, 56, 63, 70] - 4775, [1, 3, 23, 31, 40, 44, 45, 47, 56, 57, 70] - 4696, [1, 4, 11, 20, 31, 41, 44, 54, 56, 63, 70] - 4775, [1, 3, 5, 12, 14, 17, 26, 28, 35, 49, 55, 56, 61, 68, 70] - 5564, [1, 4, 11, 20, 31, 41, 44, 54, 56, 63, 70] - 4775, [1, 3, 5, 6, 14, 24, 34, 46, 47, 55, 56, 57, 70] - 4936, [1, 2, 4, 11, 21, 22, 24, 34, 35, 49, 55, 58, 62, 70] - 5213, [1, 4, 11, 20, 31, 41, 44, 54, 56, 63, 70] - 4775, [1, 3, 23, 31, 40, 44, 45, 47, 56, 57, 70] - 4696, [1, 3, 23, 31, 40, 44, 45, 47, 56, 57, 70] - 4696, [1, 3, 23, 31, 40, 44, 45, 47, 56, 57, 70] - 4696]
melhor indiv??duo da gera????o:[1, 3, 23, 31, 40, 44, 45, 47, 56, 57, 70] - 4696
gera????o: 5: 
[[1, 3, 5, 6, 14, 24, 34, 46, 47, 55, 56, 57, 70] - 4936, [1, 3, 23, 31, 40, 44, 45, 47, 56, 57, 70] - 4696, [1, 3, 23, 31, 40, 44, 45, 47, 56, 57, 70] - 4696, [1, 3, 5, 12, 14, 17, 26, 28, 35, 49, 55, 56, 61, 68, 70] - 5564, [1, 3, 5, 6, 14, 24, 34, 46, 47, 55, 56, 57, 70] - 4936, [1, 4, 11, 20, 31, 41, 44, 54, 56, 63, 70] - 4775, [1, 3, 23, 31, 40, 44, 45, 47, 56, 57, 70] - 4696, [1, 4, 11, 20, 31, 41, 44, 54, 56, 63, 70] - 4775, [1, 3, 23, 31, 40, 44, 45, 47, 56, 57, 70] - 4696, [1, 4, 11, 20, 31, 41, 44, 54, 56, 63, 70] - 4775, [1, 4, 11, 20, 31, 41, 44, 54, 56, 63, 70] - 4775, [1, 4, 11, 20, 31, 41, 44, 54, 56, 63, 70] - 4775, [1, 3, 23, 31, 40, 44, 45, 47, 56, 57, 70] - 4696, [1, 3, 23, 31, 40, 44, 45, 47, 56, 57, 70] - 4696]
melhor indiv??duo da gera????o:[1, 3, 23, 31, 40, 44, 45, 47, 56, 57, 70] - 4696
gera????o: 6: 
[[1, 3, 23, 31, 40, 44, 45, 47, 56, 57, 70] - 4696, [1, 3, 5, 12, 14, 17, 26, 28, 35, 49, 55, 56, 61, 68, 70] - 5564, [1, 4, 11, 20, 31, 41, 44, 54, 56, 63, 70] - 4775, [1, 4, 11, 20, 31, 41, 44, 54, 56, 63, 70] - 4775, [1, 4, 11, 20, 31, 41, 44, 54, 56, 63, 70] - 4775, [1, 4, 11, 20, 31, 41, 44, 54, 56, 63, 70] - 4775, [1, 3, 23, 31, 40, 44, 45, 47, 56, 57, 70] - 4696, [1, 3, 23, 31, 40, 44, 45, 47, 56, 57, 70] - 4696, [1, 3, 23, 31, 40, 44, 45, 47, 56, 57, 70] - 4696, [1, 3, 5, 6, 14, 24, 34, 46, 47, 55, 56, 57, 70] - 4936, [1, 3, 23, 31, 40, 44, 45, 47, 56, 57, 70] - 4696, [1, 3, 23, 31, 40, 44, 45, 47, 56, 57, 70] - 4696, [1, 3, 23, 31, 40, 44, 45, 47, 56, 57, 70] - 4696]
melhor indiv??duo da gera????o:[1, 3, 23, 31, 40, 44, 45, 47, 56, 57, 70] - 4696
gera????o: 7: 
[[1, 3, 5, 12, 14, 17, 26, 28, 35, 49, 55, 56, 61, 68, 70] - 5564, [1, 4, 11, 20, 31, 41, 44, 54, 56, 63, 70] - 4775, [1, 4, 11, 20, 31, 41, 44, 54, 56, 63, 70] - 4775, [1, 3, 23, 31, 40, 44, 45, 47, 56, 57, 70] - 4696, [1, 3, 5, 6, 14, 24, 34, 46, 47, 55, 56, 57, 70] - 4936, [1, 3, 23, 31, 40, 44, 45, 47, 56, 57, 70] - 4696, [1, 4, 11, 20, 31, 41, 44, 54, 56, 63, 70] - 4775, [1, 4, 11, 20, 31, 41, 44, 54, 56, 63, 70] - 4775, [1, 4, 11, 20, 31, 41, 44, 54, 56, 63, 70] - 4775, [1, 4, 11, 20, 31, 41, 44, 54, 56, 63, 70] - 4775, [1, 3, 23, 31, 40, 44, 45, 47, 56, 57, 70] - 4696, [1, 4, 11, 20, 31, 41, 44, 54, 56, 63, 70] - 4775]
melhor indiv??duo da gera????o:[1, 3, 23, 31, 40, 44, 45, 47, 56, 57, 70] - 4696
gera????o: 8: 
[[1, 4, 11, 20, 31, 41, 44, 54, 56, 63, 70] - 4775, [1, 3, 23, 31, 40, 44, 45, 47, 56, 57, 70] - 4696, [1, 3, 23, 31, 40, 44, 45, 47, 56, 57, 70] - 4696, [1, 4, 11, 20, 31, 41, 44, 54, 56, 63, 70] - 4775, [1, 4, 11, 20, 31, 41, 44, 54, 56, 63, 70] - 4775, [1, 4, 11, 20, 31, 41, 44, 54, 56, 63, 70] - 4775, [1, 4, 11, 20, 31, 41, 44, 54, 56, 63, 70] - 4775, [1, 3, 5, 12, 14, 17, 26, 28, 35, 49, 55, 56, 61, 68, 70] - 5564, [1, 4, 11, 20, 31, 41, 44, 54, 56, 63, 70] - 4775, [1, 4, 11, 20, 31, 41, 44, 54, 56, 63, 70] - 4775, [1, 3, 23, 31, 40, 44, 45, 47, 56, 57, 70] - 4696]
melhor indiv??duo da gera????o:[1, 3, 23, 31, 40, 44, 45, 47, 56, 57, 70] - 4696
______________________________________________________________________________________________________________________________
