gera????o: 1: 
[[1, 3, 9, 21, 23, 33, 49, 58, 62, 70] - 3683, [1, 2, 9, 21, 22, 23, 33, 46, 49, 58, 62, 70] - 4092, [1, 4, 10, 11, 20, 37, 39, 44, 56, 63, 70] - 4353, [1, 3, 5, 12, 22, 33, 34, 35, 46, 49, 58, 62, 70] - 4426, [1, 2, 9, 21, 31, 40, 41, 46, 47, 49, 58, 62, 70] - 4593, [1, 3, 9, 11, 20, 21, 31, 40, 41, 45, 56, 63, 70] - 4688, [1, 2, 4, 10, 20, 21, 31, 33, 34, 46, 49, 58, 62, 70] - 4812, [1, 3, 12, 22, 25, 26, 31, 32, 39, 50, 53, 54, 61, 63, 70] - 4852, [1, 3, 9, 11, 21, 22, 24, 28, 35, 36, 49, 58, 62, 70] - 4873, [1, 4, 11, 21, 22, 24, 34, 46, 47, 49, 58, 62, 70] - 4989, [1, 4, 11, 20, 30, 32, 40, 41, 46, 47, 49, 58, 62, 70] - 5337, [1, 4, 11, 21, 23, 31, 32, 37, 42, 50, 53, 61, 68, 70] - 5347, [1, 4, 10, 20, 21, 22, 24, 36, 48, 49, 58, 62, 70] - 5406, [1, 4, 10, 20, 29, 38, 43, 51, 59, 64, 67, 68, 70] - 5706, [1, 4, 10, 11, 21, 23, 31, 40, 41, 44, 53, 54, 56, 61, 65, 68, 70] - 5721, [1, 2, 3, 23, 31, 41, 44, 54, 61, 65, 67, 68, 70] - 5744, [1, 2, 4, 11, 20, 29, 38, 43, 52, 59, 66, 67, 69, 70] - 6453, [1, 4, 11, 20, 30, 32, 37, 42, 52, 59, 66, 67, 68, 70] - 6460, [1, 4, 11, 21, 22, 33, 41, 47, 56, 61, 65, 66, 67, 68, 70] - 6589, [1, 3, 13, 31, 41, 46, 49, 55, 56, 60, 64, 67, 68, 70] - 6805]
melhor indiv??duo da gera????o:[1, 3, 9, 21, 23, 33, 49, 58, 62, 70] - 3683
gera????o: 2: 
[[1, 3, 9, 21, 23, 33, 49, 58, 62, 70] - 3683, [1, 4, 10, 11, 20, 37, 39, 44, 56, 63, 70] - 4353, [1, 3, 5, 12, 22, 33, 34, 35, 46, 49, 58, 62, 70] - 4426, [1, 4, 11, 21, 22, 25, 26, 28, 35, 49, 55, 58, 62, 70] - 4675, [1, 3, 9, 11, 20, 21, 31, 40, 41, 45, 56, 63, 70] - 4688, [1, 3, 12, 14, 24, 26, 28, 36, 49, 58, 62, 70] - 4811, [1, 3, 12, 22, 25, 26, 31, 32, 39, 50, 53, 54, 61, 63, 70] - 4852, [1, 4, 10, 11, 21, 23, 31, 33, 41, 45, 47, 56, 57, 70] - 4936, [1, 4, 11, 21, 22, 24, 34, 46, 47, 49, 58, 62, 70] - 4989, [1, 2, 4, 11, 20, 30, 31, 32, 39, 56, 57, 70] - 5140, [1, 4, 11, 20, 30, 32, 40, 41, 46, 47, 49, 58, 62, 70] - 5337, [1, 4, 10, 20, 21, 22, 24, 36, 48, 49, 58, 62, 70] - 5406, [1, 4, 10, 11, 21, 23, 31, 40, 41, 44, 53, 54, 56, 61, 65, 68, 70] - 5721, [1, 4, 10, 11, 20, 37, 39, 53, 60, 64, 65, 66, 67, 69, 70] - 6269, [1, 2, 4, 11, 20, 29, 38, 43, 52, 59, 66, 67, 69, 70] - 6453, [1, 4, 10, 20, 29, 38, 43, 51, 59, 64, 65, 66, 67, 68, 70] - 6532, [1, 4, 10, 11, 20, 21, 31, 40, 44, 50, 53, 60, 64, 65, 67, 68, 70] - 6749, [1, 4, 10, 11, 20, 37, 39, 40, 44, 54, 56, 60, 61, 65, 67, 69, 70] - 6866]
melhor indiv??duo da gera????o:[1, 3, 9, 21, 23, 33, 49, 58, 62, 70] - 3683
gera????o: 3: 
[[1, 3, 13, 23, 33, 49, 55, 58, 62, 70] - 3776, [1, 4, 10, 20, 30, 31, 33, 47, 55, 57, 70] - 4074, [1, 4, 10, 11, 21, 31, 40, 44, 54, 61, 68, 70] - 4276, [1, 3, 5, 6, 26, 28, 35, 36, 49, 55, 57, 70] - 4399, [1, 4, 10, 11, 21, 22, 33, 47, 56, 57, 70] - 4442, [1, 4, 11, 21, 22, 25, 26, 28, 35, 49, 55, 58, 62, 70] - 4675, [1, 3, 13, 31, 33, 39, 50, 53, 54, 61, 63, 70] - 4712, [1, 3, 12, 14, 25, 26, 34, 41, 46, 49, 58, 62, 70] - 4771, [1, 3, 12, 22, 25, 26, 31, 32, 39, 50, 53, 54, 61, 63, 70] - 4852, [1, 4, 10, 11, 21, 23, 31, 33, 41, 45, 47, 56, 57, 70] - 4936, [1, 2, 4, 11, 20, 30, 31, 32, 39, 56, 57, 70] - 5140, [1, 4, 11, 20, 30, 32, 40, 41, 46, 47, 49, 58, 62, 70] - 5337, [1, 3, 9, 21, 31, 40, 41, 46, 47, 56, 61, 65, 68, 70] - 5716, [1, 4, 10, 11, 20, 37, 39, 53, 60, 64, 65, 66, 67, 69, 70] - 6269, [1, 4, 10, 20, 29, 38, 43, 51, 59, 64, 65, 66, 67, 68, 70] - 6532, [1, 4, 10, 11, 20, 37, 39, 40, 44, 54, 56, 60, 61, 65, 67, 69, 70] - 6866]
melhor indiv??duo da gera????o:[1, 3, 13, 23, 33, 49, 55, 58, 62, 70] - 3776
gera????o: 4: 
[[1, 3, 23, 31, 40, 41, 45, 47, 55, 57, 70] - 4030, [1, 3, 23, 33, 34, 46, 47, 49, 58, 62, 70] - 4223, [1, 3, 5, 6, 26, 28, 35, 36, 49, 55, 57, 70] - 4399, [1, 2, 3, 13, 21, 22, 25, 26, 34, 46, 49, 55, 58, 62, 70] - 4508, [1, 3, 12, 22, 24, 36, 49, 55, 57, 70] - 4585, [1, 3, 13, 31, 33, 39, 50, 53, 54, 61, 63, 70] - 4712, [1, 3, 9, 11, 21, 31, 32, 39, 40, 41, 46, 47, 55, 57, 70] - 4847, [1, 4, 10, 11, 21, 23, 31, 33, 41, 45, 47, 56, 57, 70] - 4936, [1, 4, 10, 20, 29, 37, 38, 43, 52, 53, 61, 63, 70] - 4995, [1, 2, 4, 11, 20, 30, 31, 32, 39, 56, 57, 70] - 5140, [1, 3, 9, 21, 31, 40, 41, 46, 47, 56, 61, 65, 68, 70] - 5716, [1, 2, 9, 13, 31, 41, 47, 56, 61, 65, 66, 67, 68, 70] - 6208, [1, 3, 9, 13, 21, 31, 33, 39, 42, 52, 60, 65, 67, 69, 70] - 6321, [1, 3, 12, 22, 25, 33, 47, 56, 60, 61, 65, 66, 67, 68, 70] - 6812, [1, 4, 10, 11, 20, 37, 39, 40, 44, 54, 56, 60, 61, 65, 67, 69, 70] - 6866]
melhor indiv??duo da gera????o:[1, 3, 23, 31, 40, 41, 45, 47, 55, 57, 70] - 4030
gera????o: 5: 
[[1, 3, 23, 31, 40, 41, 45, 47, 55, 57, 70] - 4030, [1, 3, 23, 33, 34, 46, 47, 49, 58, 62, 70] - 4223, [1, 2, 3, 13, 21, 22, 25, 26, 34, 46, 49, 55, 58, 62, 70] - 4508, [1, 3, 12, 22, 24, 36, 49, 55, 57, 70] - 4585, [1, 3, 12, 22, 24, 36, 49, 55, 58, 62, 70] - 4727, [1, 4, 10, 11, 21, 23, 31, 33, 41, 45, 47, 56, 57, 70] - 4936, [1, 4, 10, 11, 21, 22, 24, 28, 35, 36, 49, 55, 58, 62, 70] - 5109, [1, 2, 4, 11, 20, 30, 31, 32, 39, 56, 57, 70] - 5140, [1, 2, 4, 10, 11, 20, 30, 31, 41, 47, 56, 57, 70] - 5323, [1, 4, 10, 20, 30, 32, 37, 42, 43, 52, 60, 65, 68, 70] - 5585, [1, 2, 4, 11, 20, 31, 33, 40, 41, 47, 56, 61, 63, 70] - 5754, [1, 3, 9, 13, 21, 31, 33, 39, 42, 52, 60, 65, 67, 69, 70] - 6321, [1, 4, 11, 20, 29, 37, 38, 43, 52, 53, 54, 61, 65, 66, 67, 69, 70] - 6858, [1, 3, 5, 6, 14, 25, 26, 28, 34, 41, 47, 56, 60, 65, 66, 67, 69, 70] - 7233]
melhor indiv??duo da gera????o:[1, 3, 23, 31, 40, 41, 45, 47, 55, 57, 70] - 4030
gera????o: 6: 
[[1, 3, 23, 33, 34, 46, 47, 49, 58, 62, 70] - 4223, [1, 4, 10, 11, 21, 31, 41, 44, 45, 47, 55, 57, 70] - 4358, [1, 2, 3, 13, 21, 22, 25, 26, 34, 46, 49, 55, 58, 62, 70] - 4508, [1, 3, 12, 22, 24, 36, 49, 55, 57, 70] - 4585, [1, 3, 12, 22, 24, 36, 49, 55, 58, 62, 70] - 4727, [1, 4, 11, 21, 22, 33, 46, 47, 55, 56, 57, 70] - 5012, [1, 2, 4, 11, 20, 30, 31, 32, 39, 56, 57, 70] - 5140, [1, 4, 10, 20, 37, 42, 51, 59, 66, 67, 69, 70] - 5410, [1, 2, 4, 11, 20, 31, 33, 40, 41, 47, 56, 61, 63, 70] - 5754, [1, 4, 10, 20, 29, 38, 43, 51, 59, 64, 65, 67, 69, 70] - 6070, [1, 3, 9, 13, 21, 31, 33, 39, 42, 52, 60, 65, 67, 69, 70] - 6321, [1, 4, 10, 11, 21, 22, 33, 40, 41, 44, 53, 54, 61, 65, 66, 67, 69, 70] - 6673, [1, 3, 5, 6, 14, 25, 26, 28, 34, 41, 47, 56, 60, 65, 66, 67, 69, 70] - 7233]
melhor indiv??duo da gera????o:[1, 3, 23, 33, 34, 46, 47, 49, 58, 62, 70] - 4223
gera????o: 7: 
[[1, 3, 13, 40, 41, 45, 56, 57, 70] - 4118, [1, 3, 23, 33, 34, 46, 47, 49, 58, 62, 70] - 4223, [1, 4, 10, 11, 21, 31, 41, 44, 45, 47, 55, 57, 70] - 4358, [1, 3, 12, 22, 24, 36, 49, 55, 57, 70] - 4585, [1, 3, 12, 22, 24, 36, 49, 55, 58, 62, 70] - 4727, [1, 4, 11, 21, 22, 33, 46, 47, 55, 56, 57, 70] - 5012, [1, 4, 10, 20, 39, 42, 51, 59, 60, 65, 68, 70] - 5364, [1, 4, 10, 11, 20, 30, 31, 33, 40, 44, 53, 61, 68, 70] - 5695, [1, 2, 4, 11, 20, 31, 33, 40, 41, 47, 56, 61, 63, 70] - 5754, [1, 4, 10, 20, 29, 38, 43, 51, 59, 64, 65, 67, 69, 70] - 6070, [1, 3, 9, 13, 21, 31, 33, 39, 42, 52, 60, 65, 67, 69, 70] - 6321, [1, 3, 12, 13, 40, 41, 45, 47, 56, 60, 64, 65, 66, 67, 68, 70] - 7072]
melhor indiv??duo da gera????o:[1, 3, 13, 40, 41, 45, 56, 57, 70] - 4118
gera????o: 8: 
[[1, 3, 13, 40, 41, 45, 56, 57, 70] - 4118, [1, 4, 10, 11, 21, 31, 41, 44, 45, 47, 55, 57, 70] - 4358, [1, 3, 12, 22, 24, 36, 49, 55, 57, 70] - 4585, [1, 2, 3, 9, 21, 31, 40, 44, 50, 53, 54, 56, 57, 70] - 4637, [1, 4, 10, 11, 20, 37, 39, 50, 53, 61, 68, 70] - 4797, [1, 3, 12, 14, 24, 28, 34, 41, 44, 55, 58, 62, 70] - 5097, [1, 4, 10, 20, 39, 42, 51, 59, 60, 65, 68, 70] - 5364, [1, 2, 4, 11, 20, 31, 33, 40, 41, 47, 56, 61, 63, 70] - 5754, [1, 4, 10, 20, 39, 40, 41, 47, 56, 60, 61, 63, 70] - 5937, [1, 4, 11, 20, 29, 37, 38, 43, 51, 59, 66, 67, 68, 70] - 6131, [1, 4, 11, 20, 39, 50, 53, 60, 65, 66, 67, 68, 70] - 6328]
melhor indiv??duo da gera????o:[1, 3, 13, 40, 41, 45, 56, 57, 70] - 4118
______________________________________________________________________________________________________________________________
