gera????o: 1: 
[[1, 2, 3, 12, 22, 33, 49, 55, 57, 70] - 3728, [1, 2, 3, 23, 25, 33, 41, 45, 57, 70] - 3923, [1, 4, 10, 11, 21, 22, 33, 46, 49, 58, 62, 70] - 4264, [1, 3, 12, 13, 40, 41, 44, 50, 53, 61, 63, 70] - 4495, [1, 3, 12, 13, 21, 31, 41, 46, 47, 55, 58, 62, 70] - 4596, [1, 3, 13, 21, 31, 40, 41, 46, 49, 55, 57, 70] - 4597, [1, 3, 13, 21, 23, 25, 33, 41, 46, 49, 58, 62, 70] - 4624, [1, 3, 12, 14, 22, 25, 33, 34, 41, 44, 56, 63, 70] - 4668, [1, 4, 10, 11, 21, 23, 25, 33, 39, 56, 63, 70] - 4795, [1, 4, 10, 20, 30, 31, 40, 41, 46, 47, 49, 58, 62, 70] - 5095, [1, 4, 10, 20, 21, 22, 25, 33, 39, 44, 45, 57, 70] - 5383, [1, 4, 10, 20, 32, 39, 53, 60, 64, 66, 67, 69, 70] - 5509, [1, 2, 9, 13, 31, 32, 37, 42, 51, 59, 66, 67, 69, 70] - 5589, [1, 4, 10, 20, 37, 42, 52, 53, 61, 65, 67, 69, 70] - 5620, [1, 2, 3, 23, 31, 32, 39, 53, 60, 64, 66, 67, 68, 70] - 5720, [1, 2, 4, 10, 20, 32, 39, 53, 60, 65, 67, 69, 70] - 5749, [1, 4, 11, 20, 21, 22, 25, 33, 34, 46, 47, 56, 61, 68, 70] - 6052, [1, 2, 4, 11, 20, 39, 42, 52, 59, 60, 64, 67, 68, 70] - 6330, [1, 3, 23, 31, 32, 39, 56, 60, 65, 67, 68, 70] - 6333, [1, 2, 3, 5, 6, 14, 22, 23, 33, 34, 41, 44, 50, 53, 61, 65, 67, 69, 70] - 6498]
melhor indiv??duo da gera????o:[1, 2, 3, 12, 22, 33, 49, 55, 57, 70] - 3728
gera????o: 2: 
[[1, 2, 3, 12, 22, 33, 49, 55, 57, 70] - 3728, [1, 2, 9, 11, 21, 31, 40, 44, 50, 53, 61, 63, 70] - 4167, [1, 3, 5, 12, 14, 25, 26, 28, 36, 49, 55, 57, 70] - 4485, [1, 2, 4, 11, 21, 22, 33, 46, 47, 55, 58, 62, 70] - 4533, [1, 3, 12, 13, 21, 31, 41, 46, 47, 55, 58, 62, 70] - 4596, [1, 3, 13, 21, 23, 25, 33, 41, 46, 49, 58, 62, 70] - 4624, [1, 3, 13, 22, 23, 33, 34, 41, 44, 45, 57, 70] - 4699, [1, 2, 3, 5, 12, 22, 24, 36, 48, 49, 55, 57, 70] - 4875, [1, 2, 9, 13, 14, 26, 33, 34, 41, 44, 56, 57, 70] - 5149, [1, 4, 10, 20, 21, 22, 25, 33, 39, 44, 45, 57, 70] - 5383, [1, 4, 10, 20, 32, 39, 53, 60, 64, 66, 67, 69, 70] - 5509, [1, 4, 10, 20, 37, 42, 52, 53, 61, 65, 67, 69, 70] - 5620, [1, 2, 4, 10, 20, 32, 39, 53, 60, 65, 67, 69, 70] - 5749, [1, 4, 11, 20, 29, 37, 38, 43, 51, 59, 66, 67, 69, 70] - 5949, [1, 4, 11, 20, 29, 38, 43, 51, 59, 66, 67, 68, 70] - 6072, [1, 4, 11, 21, 31, 32, 40, 41, 44, 53, 60, 64, 66, 67, 68, 70] - 6188, [1, 2, 4, 11, 20, 39, 42, 52, 59, 60, 64, 67, 68, 70] - 6330, [1, 2, 3, 5, 6, 14, 22, 23, 33, 34, 41, 44, 50, 53, 61, 65, 67, 69, 70] - 6498]
melhor indiv??duo da gera????o:[1, 2, 3, 12, 22, 33, 49, 55, 57, 70] - 3728
gera????o: 3: 
[[1, 3, 13, 23, 31, 41, 45, 57, 70] - 3947, [1, 4, 11, 21, 23, 31, 40, 44, 54, 61, 63, 70] - 4223, [1, 2, 9, 13, 31, 41, 46, 49, 58, 62, 70] - 4288, [1, 3, 5, 12, 14, 25, 26, 28, 36, 49, 55, 57, 70] - 4485, [1, 2, 4, 11, 21, 22, 33, 46, 47, 55, 58, 62, 70] - 4533, [1, 3, 12, 13, 21, 31, 41, 46, 47, 55, 58, 62, 70] - 4596, [1, 3, 12, 14, 24, 28, 36, 49, 55, 58, 62, 70] - 4687, [1, 3, 23, 33, 39, 50, 53, 54, 61, 68, 70] - 4848, [1, 2, 9, 21, 31, 32, 39, 42, 50, 53, 60, 61, 63, 70] - 5058, [1, 4, 11, 20, 37, 39, 40, 41, 46, 49, 55, 57, 70] - 5172, [1, 4, 10, 20, 32, 39, 53, 60, 64, 66, 67, 69, 70] - 5509, [1, 2, 4, 10, 20, 32, 39, 53, 60, 65, 67, 69, 70] - 5749, [1, 4, 11, 20, 29, 38, 43, 51, 59, 66, 67, 68, 70] - 6072, [1, 4, 11, 20, 39, 42, 43, 52, 53, 60, 61, 68, 70] - 6256, [1, 3, 13, 21, 23, 33, 41, 47, 55, 56, 60, 64, 66, 67, 69, 70] - 6339, [1, 2, 3, 5, 6, 8, 15, 17, 26, 33, 41, 46, 47, 56, 60, 61, 63, 70] - 6578]
melhor indiv??duo da gera????o:[1, 3, 13, 23, 31, 41, 45, 57, 70] - 3947
gera????o: 4: 
[[1, 3, 13, 23, 31, 41, 45, 57, 70] - 3947, [1, 4, 11, 21, 23, 31, 40, 44, 54, 61, 63, 70] - 4223, [1, 3, 23, 33, 46, 49, 55, 56, 63, 70] - 4428, [1, 3, 5, 6, 8, 17, 18, 19, 27, 35, 49, 58, 62, 70] - 4471, [1, 4, 10, 20, 30, 32, 40, 44, 54, 61, 68, 70] - 4517, [1, 3, 12, 13, 21, 31, 41, 46, 47, 55, 58, 62, 70] - 4596, [1, 3, 23, 25, 26, 31, 33, 47, 49, 58, 62, 70] - 4671, [1, 3, 13, 14, 24, 34, 46, 47, 49, 58, 62, 70] - 4787, [1, 3, 23, 33, 39, 50, 53, 54, 61, 68, 70] - 4848, [1, 2, 4, 10, 11, 21, 23, 31, 32, 40, 44, 50, 53, 61, 68, 70] - 5068, [1, 4, 10, 20, 32, 39, 53, 60, 64, 66, 67, 69, 70] - 5509, [1, 2, 4, 10, 20, 32, 39, 53, 60, 65, 67, 69, 70] - 5749, [1, 4, 10, 11, 20, 29, 38, 43, 51, 59, 66, 67, 68, 70] - 5994, [1, 4, 11, 20, 39, 42, 43, 52, 53, 60, 61, 68, 70] - 6256, [1, 2, 3, 5, 6, 8, 15, 17, 26, 33, 41, 46, 47, 56, 60, 61, 63, 70] - 6578]
melhor indiv??duo da gera????o:[1, 3, 13, 23, 31, 41, 45, 57, 70] - 3947
gera????o: 5: 
[[1, 2, 3, 9, 21, 31, 33, 41, 47, 55, 57, 70] - 4210, [1, 4, 11, 21, 23, 31, 40, 44, 54, 61, 63, 70] - 4223, [1, 4, 10, 20, 30, 32, 40, 44, 54, 56, 57, 70] - 4398, [1, 3, 5, 6, 8, 17, 18, 19, 27, 35, 49, 58, 62, 70] - 4471, [1, 3, 12, 13, 21, 31, 41, 46, 47, 55, 58, 62, 70] - 4596, [1, 3, 5, 6, 17, 18, 24, 36, 48, 58, 62, 70] - 4766, [1, 3, 23, 33, 39, 50, 53, 54, 61, 68, 70] - 4848, [1, 4, 10, 20, 30, 31, 32, 37, 42, 50, 53, 54, 61, 63, 70] - 5018, [1, 2, 4, 11, 20, 31, 41, 46, 49, 58, 62, 70] - 5161, [1, 2, 9, 21, 31, 40, 41, 46, 49, 55, 56, 61, 68, 70] - 5428, [1, 4, 10, 20, 32, 37, 38, 43, 52, 60, 65, 68, 70] - 5517, [1, 4, 10, 11, 20, 29, 38, 43, 51, 59, 66, 67, 68, 70] - 5994, [1, 4, 10, 20, 37, 42, 50, 53, 60, 64, 65, 66, 67, 69, 70] - 6172, [1, 2, 3, 5, 6, 8, 15, 17, 26, 33, 41, 46, 47, 56, 60, 61, 63, 70] - 6578]
melhor indiv??duo da gera????o:[1, 2, 3, 9, 21, 31, 33, 41, 47, 55, 57, 70] - 4210
gera????o: 6: 
[[1, 3, 5, 12, 22, 25, 26, 34, 46, 49, 58, 62, 70] - 3850, [1, 4, 11, 21, 23, 31, 40, 44, 54, 61, 63, 70] - 4223, [1, 3, 5, 6, 8, 17, 18, 19, 27, 35, 49, 58, 62, 70] - 4471, [1, 3, 12, 13, 21, 31, 41, 46, 47, 55, 58, 62, 70] - 4596, [1, 3, 5, 6, 17, 18, 24, 36, 48, 58, 62, 70] - 4766, [1, 3, 23, 33, 39, 50, 53, 54, 61, 68, 70] - 4848, [1, 4, 10, 20, 30, 31, 32, 37, 42, 50, 53, 54, 61, 63, 70] - 5018, [1, 4, 11, 20, 30, 32, 40, 41, 46, 49, 55, 57, 70] - 5161, [1, 2, 9, 21, 31, 40, 41, 46, 49, 55, 56, 61, 68, 70] - 5428, [1, 4, 11, 21, 22, 25, 33, 40, 41, 44, 53, 61, 68, 70] - 5571, [1, 4, 10, 11, 20, 29, 38, 43, 51, 59, 66, 67, 68, 70] - 5994, [1, 2, 4, 11, 20, 39, 42, 51, 59, 66, 67, 69, 70] - 6176, [1, 3, 5, 12, 22, 25, 26, 34, 46, 49, 55, 56, 60, 65, 66, 67, 69, 70] - 6686]
melhor indiv??duo da gera????o:[1, 3, 5, 12, 22, 25, 26, 34, 46, 49, 58, 62, 70] - 3850
gera????o: 7: 
[[1, 2, 3, 5, 12, 22, 33, 49, 55, 58, 62, 70] - 3896, [1, 4, 11, 21, 22, 25, 26, 34, 46, 49, 55, 58, 62, 70] - 4454, [1, 3, 5, 12, 14, 26, 31, 33, 49, 55, 58, 62, 70] - 4581, [1, 4, 11, 21, 31, 41, 47, 49, 55, 58, 62, 70] - 4640, [1, 3, 5, 6, 17, 18, 24, 36, 48, 58, 62, 70] - 4766, [1, 3, 23, 33, 39, 50, 53, 54, 61, 68, 70] - 4848, [1, 4, 10, 20, 30, 31, 32, 37, 42, 50, 53, 54, 61, 63, 70] - 5018, [1, 3, 9, 11, 21, 22, 25, 26, 31, 33, 40, 41, 47, 55, 57, 70] - 5326, [1, 4, 11, 21, 22, 25, 33, 40, 41, 44, 53, 61, 68, 70] - 5571, [1, 2, 4, 11, 20, 39, 42, 51, 59, 66, 67, 69, 70] - 6176, [1, 4, 10, 11, 20, 32, 40, 44, 56, 60, 64, 65, 67, 69, 70] - 6537, [1, 2, 4, 11, 20, 29, 38, 43, 52, 60, 61, 65, 67, 68, 70] - 6891]
melhor indiv??duo da gera????o:[1, 2, 3, 5, 12, 22, 33, 49, 55, 58, 62, 70] - 3896
gera????o: 8: 
[[1, 4, 11, 21, 31, 41, 45, 57, 70] - 3975, [1, 3, 12, 22, 24, 34, 46, 49, 58, 62, 70] - 4325, [1, 4, 11, 21, 22, 25, 26, 34, 46, 49, 55, 58, 62, 70] - 4454, [1, 2, 9, 21, 23, 25, 26, 28, 35, 36, 48, 58, 62, 70] - 4550, [1, 4, 11, 21, 31, 41, 47, 49, 55, 58, 62, 70] - 4640, [1, 3, 23, 33, 39, 50, 53, 54, 61, 68, 70] - 4848, [1, 3, 9, 11, 21, 22, 25, 26, 31, 33, 40, 41, 47, 55, 57, 70] - 5326, [1, 4, 11, 20, 29, 38, 43, 52, 53, 61, 68, 70] - 5598, [1, 2, 9, 21, 31, 32, 37, 39, 53, 54, 56, 60, 64, 65, 68, 70] - 5983, [1, 2, 4, 10, 20, 30, 31, 40, 44, 50, 53, 60, 65, 67, 68, 70] - 6202, [1, 4, 11, 21, 22, 33, 39, 42, 51, 59, 64, 66, 67, 68, 70] - 6780]
melhor indiv??duo da gera????o:[1, 4, 11, 21, 31, 41, 45, 57, 70] - 3975
______________________________________________________________________________________________________________________________
