gera????o: 1: 
[[1, 3, 23, 31, 40, 44, 56, 61, 63, 70] - 4025, [1, 4, 10, 11, 21, 31, 40, 44, 55, 58, 62, 70] - 4211, [1, 3, 12, 14, 24, 36, 48, 49, 58, 62, 70] - 4623, [1, 3, 13, 22, 33, 39, 56, 61, 63, 70] - 4742, [1, 4, 10, 11, 20, 29, 37, 42, 50, 53, 54, 61, 63, 70] - 4781, [1, 3, 13, 21, 22, 24, 36, 48, 58, 62, 70] - 4862, [1, 2, 3, 13, 22, 24, 28, 35, 36, 49, 55, 57, 70] - 4870, [1, 3, 9, 21, 22, 24, 36, 49, 55, 57, 70] - 4885, [1, 4, 11, 21, 23, 25, 33, 41, 44, 45, 47, 49, 55, 57, 70] - 4953, [1, 4, 10, 20, 21, 23, 31, 32, 39, 50, 53, 61, 63, 70] - 4989, [1, 2, 9, 11, 21, 23, 25, 33, 34, 41, 46, 47, 55, 58, 62, 70] - 5167, [1, 4, 11, 21, 22, 24, 26, 28, 36, 49, 58, 62, 70] - 5224, [1, 2, 4, 10, 11, 21, 22, 25, 26, 28, 34, 41, 44, 55, 58, 62, 70] - 5308, [1, 2, 4, 11, 20, 21, 23, 25, 33, 34, 46, 49, 55, 57, 70] - 5308, [1, 3, 23, 25, 33, 40, 41, 46, 47, 56, 57, 70] - 5342, [1, 3, 9, 11, 20, 29, 38, 43, 51, 59, 66, 67, 68, 70] - 5984, [1, 4, 10, 20, 32, 40, 44, 54, 56, 60, 64, 67, 68, 70] - 5991, [1, 2, 4, 10, 11, 20, 21, 22, 24, 27, 35, 36, 49, 58, 62, 70] - 6008, [1, 4, 10, 20, 30, 32, 37, 38, 43, 52, 59, 66, 67, 69, 70] - 6404, [1, 4, 11, 20, 31, 32, 37, 42, 51, 59, 60, 64, 65, 67, 69, 70] - 6859]
melhor indiv??duo da gera????o:[1, 3, 23, 31, 40, 44, 56, 61, 63, 70] - 4025
gera????o: 2: 
[[1, 3, 23, 31, 40, 44, 56, 61, 63, 70] - 4025, [1, 3, 23, 31, 40, 44, 56, 61, 63, 70] - 4025, [1, 4, 10, 11, 21, 31, 40, 44, 55, 58, 62, 70] - 4211, [1, 4, 10, 11, 21, 31, 40, 44, 55, 58, 62, 70] - 4211, [1, 3, 23, 25, 33, 41, 44, 56, 61, 63, 70] - 4213, [1, 3, 12, 14, 24, 36, 48, 49, 58, 62, 70] - 4623, [1, 3, 12, 14, 24, 36, 48, 49, 58, 62, 70] - 4623, [1, 4, 11, 21, 23, 31, 40, 44, 45, 47, 49, 55, 57, 70] - 4765, [1, 4, 10, 11, 20, 29, 37, 42, 50, 53, 54, 61, 63, 70] - 4781, [1, 4, 10, 11, 20, 29, 37, 42, 50, 53, 54, 61, 63, 70] - 4781, [1, 3, 13, 21, 22, 24, 36, 48, 58, 62, 70] - 4862, [1, 2, 3, 13, 22, 24, 28, 35, 36, 49, 55, 57, 70] - 4870, [1, 3, 9, 21, 22, 24, 36, 49, 55, 57, 70] - 4885, [1, 4, 11, 21, 23, 25, 33, 41, 44, 45, 47, 49, 55, 57, 70] - 4953, [1, 4, 10, 20, 21, 23, 31, 32, 39, 50, 53, 61, 63, 70] - 4989, [1, 2, 3, 13, 22, 25, 26, 28, 34, 41, 44, 55, 58, 62, 70] - 5134, [1, 2, 4, 10, 11, 21, 22, 25, 26, 28, 34, 41, 44, 55, 57, 70] - 5166, [1, 2, 9, 11, 21, 23, 25, 33, 34, 41, 46, 47, 55, 58, 62, 70] - 5167, [1, 2, 9, 11, 21, 23, 25, 33, 34, 41, 46, 47, 55, 58, 62, 70] - 5167, [1, 4, 11, 21, 23, 25, 33, 34, 41, 46, 47, 55, 57, 70] - 5268, [1, 2, 4, 11, 20, 21, 23, 25, 33, 34, 46, 49, 55, 57, 70] - 5308, [1, 3, 23, 25, 33, 40, 41, 46, 47, 56, 57, 70] - 5342, [1, 3, 9, 11, 20, 29, 38, 43, 51, 59, 66, 67, 68, 70] - 5984, [1, 4, 10, 20, 32, 40, 44, 54, 56, 60, 64, 67, 68, 70] - 5991, [1, 4, 10, 20, 30, 32, 37, 38, 43, 52, 59, 66, 67, 69, 70] - 6404]
melhor indiv??duo da gera????o:[1, 3, 23, 31, 40, 44, 56, 61, 63, 70] - 4025
gera????o: 3: 
[[1, 3, 23, 31, 40, 44, 56, 61, 63, 70] - 4025, [1, 3, 9, 11, 21, 31, 40, 44, 55, 58, 62, 70] - 4201, [1, 4, 10, 11, 21, 31, 40, 44, 55, 58, 62, 70] - 4211, [1, 3, 23, 25, 33, 41, 44, 56, 61, 63, 70] - 4213, [1, 3, 12, 14, 24, 36, 48, 49, 58, 62, 70] - 4623, [1, 4, 11, 21, 23, 31, 40, 44, 45, 47, 49, 55, 57, 70] - 4765, [1, 4, 10, 11, 20, 29, 37, 42, 50, 53, 54, 61, 63, 70] - 4781, [1, 4, 10, 11, 20, 29, 37, 42, 50, 53, 54, 61, 63, 70] - 4781, [1, 4, 10, 11, 20, 29, 37, 42, 50, 53, 54, 61, 63, 70] - 4781, [1, 3, 13, 21, 22, 24, 36, 48, 58, 62, 70] - 4862, [1, 3, 9, 21, 22, 24, 36, 49, 55, 57, 70] - 4885, [1, 4, 10, 20, 21, 23, 31, 32, 39, 50, 53, 61, 63, 70] - 4989, [1, 2, 3, 13, 22, 25, 26, 28, 34, 41, 44, 55, 58, 62, 70] - 5134, [1, 2, 9, 11, 21, 23, 25, 33, 34, 41, 46, 47, 55, 58, 62, 70] - 5167, [1, 2, 9, 11, 21, 23, 25, 33, 34, 41, 46, 47, 55, 58, 62, 70] - 5167, [1, 2, 4, 11, 20, 21, 23, 25, 33, 34, 46, 49, 55, 57, 70] - 5308, [1, 3, 23, 25, 33, 40, 41, 46, 47, 56, 57, 70] - 5342, [1, 3, 9, 11, 20, 29, 38, 43, 51, 59, 66, 67, 68, 70] - 5984, [1, 4, 10, 20, 32, 40, 44, 54, 56, 60, 64, 67, 68, 70] - 5991, [1, 4, 10, 20, 30, 32, 37, 38, 43, 52, 59, 66, 67, 69, 70] - 6404]
melhor indiv??duo da gera????o:[1, 3, 23, 31, 40, 44, 56, 61, 63, 70] - 4025
gera????o: 4: 
[[1, 3, 23, 31, 40, 44, 56, 61, 63, 70] - 4025, [1, 4, 10, 11, 21, 31, 40, 44, 55, 58, 62, 70] - 4211, [1, 4, 10, 11, 21, 31, 40, 44, 55, 58, 62, 70] - 4211, [1, 3, 23, 25, 33, 41, 44, 56, 61, 63, 70] - 4213, [1, 3, 23, 25, 33, 41, 44, 56, 61, 63, 70] - 4213, [1, 3, 23, 25, 33, 41, 44, 56, 61, 63, 70] - 4213, [1, 3, 23, 25, 33, 41, 44, 56, 61, 63, 70] - 4213, [1, 3, 12, 14, 24, 36, 48, 49, 58, 62, 70] - 4623, [1, 4, 11, 21, 23, 31, 40, 44, 45, 47, 49, 55, 57, 70] - 4765, [1, 4, 10, 11, 20, 29, 37, 42, 50, 53, 54, 61, 63, 70] - 4781, [1, 4, 10, 11, 20, 29, 37, 42, 50, 53, 54, 61, 63, 70] - 4781, [1, 4, 10, 11, 20, 29, 37, 42, 50, 53, 54, 61, 63, 70] - 4781, [1, 3, 13, 21, 22, 24, 36, 48, 58, 62, 70] - 4862, [1, 3, 9, 21, 22, 24, 36, 49, 55, 57, 70] - 4885, [1, 2, 3, 13, 22, 24, 36, 49, 55, 58, 62, 70] - 4956, [1, 4, 10, 20, 21, 23, 31, 32, 39, 50, 53, 61, 63, 70] - 4989, [1, 3, 9, 21, 22, 25, 26, 28, 34, 41, 44, 55, 57, 70] - 5063, [1, 2, 3, 13, 22, 25, 26, 28, 34, 41, 44, 55, 58, 62, 70] - 5134, [1, 2, 9, 11, 21, 23, 25, 33, 34, 41, 46, 47, 55, 58, 62, 70] - 5167, [1, 2, 4, 11, 20, 21, 23, 25, 33, 34, 46, 49, 55, 57, 70] - 5308, [1, 2, 4, 11, 20, 21, 23, 25, 33, 34, 46, 49, 55, 57, 70] - 5308, [1, 2, 4, 11, 20, 21, 23, 25, 33, 34, 46, 49, 55, 57, 70] - 5308, [1, 2, 4, 11, 20, 21, 22, 24, 36, 48, 58, 62, 70] - 5710, [1, 4, 10, 20, 32, 40, 44, 54, 56, 60, 64, 67, 68, 70] - 5991]
melhor indiv??duo da gera????o:[1, 3, 23, 31, 40, 44, 56, 61, 63, 70] - 4025
gera????o: 5: 
[[1, 4, 10, 11, 21, 31, 40, 44, 56, 61, 63, 70] - 4068, [1, 4, 10, 11, 21, 31, 40, 44, 55, 58, 62, 70] - 4211, [1, 3, 23, 25, 33, 41, 44, 56, 61, 63, 70] - 4213, [1, 3, 23, 25, 33, 41, 44, 56, 61, 63, 70] - 4213, [1, 3, 23, 25, 33, 41, 44, 56, 61, 63, 70] - 4213, [1, 3, 23, 25, 33, 41, 44, 56, 61, 63, 70] - 4213, [1, 3, 23, 25, 33, 41, 44, 55, 58, 62, 70] - 4356, [1, 3, 12, 14, 24, 36, 48, 49, 58, 62, 70] - 4623, [1, 4, 10, 11, 20, 29, 37, 42, 50, 53, 54, 61, 63, 70] - 4781, [1, 4, 10, 11, 20, 29, 37, 42, 50, 53, 54, 61, 63, 70] - 4781, [1, 3, 13, 21, 22, 24, 36, 48, 58, 62, 70] - 4862, [1, 2, 3, 13, 22, 24, 36, 49, 55, 58, 62, 70] - 4956, [1, 3, 9, 21, 22, 25, 26, 28, 34, 41, 44, 55, 57, 70] - 5063, [1, 2, 3, 13, 22, 25, 26, 28, 34, 41, 44, 55, 58, 62, 70] - 5134, [1, 2, 4, 11, 20, 21, 23, 25, 33, 34, 46, 49, 55, 57, 70] - 5308, [1, 2, 4, 11, 20, 21, 23, 25, 33, 34, 46, 49, 55, 57, 70] - 5308, [1, 4, 10, 20, 32, 40, 44, 54, 56, 60, 64, 67, 68, 70] - 5991]
melhor indiv??duo da gera????o:[1, 4, 10, 11, 21, 31, 40, 44, 56, 61, 63, 70] - 4068
gera????o: 6: 
[[1, 4, 10, 11, 21, 31, 40, 44, 56, 61, 63, 70] - 4068, [1, 4, 10, 11, 21, 31, 40, 44, 56, 61, 63, 70] - 4068, [1, 4, 10, 11, 21, 31, 40, 44, 56, 61, 63, 70] - 4068, [1, 4, 10, 11, 21, 31, 40, 44, 55, 58, 62, 70] - 4211, [1, 4, 10, 11, 21, 31, 40, 44, 55, 58, 62, 70] - 4211, [1, 3, 23, 25, 33, 41, 44, 56, 61, 63, 70] - 4213, [1, 3, 23, 25, 33, 41, 44, 56, 61, 63, 70] - 4213, [1, 3, 23, 25, 33, 41, 44, 56, 61, 63, 70] - 4213, [1, 3, 23, 25, 33, 41, 44, 56, 61, 63, 70] - 4213, [1, 3, 23, 25, 33, 41, 44, 56, 61, 63, 70] - 4213, [1, 3, 23, 25, 33, 41, 44, 56, 61, 63, 70] - 4213, [1, 3, 23, 25, 33, 41, 44, 55, 58, 62, 70] - 4356, [1, 3, 12, 14, 24, 36, 48, 49, 58, 62, 70] - 4623, [1, 4, 10, 11, 20, 29, 37, 42, 50, 53, 54, 61, 63, 70] - 4781, [1, 4, 10, 11, 20, 29, 37, 42, 50, 53, 54, 61, 63, 70] - 4781, [1, 3, 13, 21, 22, 24, 36, 48, 58, 62, 70] - 4862, [1, 2, 3, 13, 22, 24, 36, 49, 55, 58, 62, 70] - 4956, [1, 2, 3, 13, 22, 25, 26, 28, 34, 41, 44, 55, 58, 62, 70] - 5134, [1, 2, 3, 13, 22, 25, 26, 28, 34, 41, 44, 55, 58, 62, 70] - 5134, [1, 2, 4, 11, 20, 21, 23, 25, 33, 34, 46, 49, 55, 57, 70] - 5308, [1, 2, 4, 11, 20, 21, 23, 25, 33, 34, 46, 49, 55, 57, 70] - 5308]
melhor indiv??duo da gera????o:[1, 4, 10, 11, 21, 31, 40, 44, 56, 61, 63, 70] - 4068
gera????o: 7: 
[[1, 4, 10, 11, 21, 31, 40, 44, 56, 61, 63, 70] - 4068, [1, 4, 10, 11, 21, 31, 40, 44, 56, 61, 63, 70] - 4068, [1, 4, 10, 11, 21, 31, 40, 44, 55, 58, 62, 70] - 4211, [1, 4, 10, 11, 21, 31, 40, 44, 55, 58, 62, 70] - 4211, [1, 3, 23, 25, 33, 41, 44, 56, 61, 63, 70] - 4213, [1, 3, 23, 25, 33, 41, 44, 56, 61, 63, 70] - 4213, [1, 3, 23, 25, 33, 41, 44, 56, 61, 63, 70] - 4213, [1, 3, 23, 25, 33, 41, 44, 56, 61, 63, 70] - 4213, [1, 3, 23, 25, 33, 41, 44, 56, 61, 63, 70] - 4213, [1, 3, 23, 25, 33, 41, 44, 55, 58, 62, 70] - 4356, [1, 3, 12, 14, 24, 36, 48, 49, 58, 62, 70] - 4623, [1, 4, 10, 11, 20, 29, 37, 42, 50, 53, 54, 61, 63, 70] - 4781, [1, 4, 10, 11, 20, 29, 37, 42, 50, 53, 54, 61, 63, 70] - 4781, [1, 2, 3, 13, 22, 24, 36, 49, 55, 58, 62, 70] - 4956, [1, 2, 3, 13, 22, 25, 26, 28, 34, 41, 44, 55, 58, 62, 70] - 5134, [1, 2, 4, 11, 20, 21, 23, 25, 33, 34, 46, 49, 55, 57, 70] - 5308]
melhor indiv??duo da gera????o:[1, 4, 10, 11, 21, 31, 40, 44, 56, 61, 63, 70] - 4068
gera????o: 8: 
[[1, 4, 10, 11, 21, 31, 40, 44, 56, 61, 63, 70] - 4068, [1, 4, 10, 11, 21, 31, 40, 44, 56, 61, 63, 70] - 4068, [1, 4, 10, 11, 21, 31, 40, 44, 56, 61, 63, 70] - 4068, [1, 4, 10, 11, 21, 31, 40, 44, 56, 61, 63, 70] - 4068, [1, 4, 10, 11, 21, 31, 40, 44, 55, 58, 62, 70] - 4211, [1, 4, 10, 11, 21, 31, 40, 44, 55, 58, 62, 70] - 4211, [1, 4, 10, 11, 21, 31, 40, 44, 55, 58, 62, 70] - 4211, [1, 4, 10, 11, 21, 31, 40, 44, 55, 58, 62, 70] - 4211, [1, 3, 23, 25, 33, 41, 44, 56, 61, 63, 70] - 4213, [1, 3, 23, 25, 33, 41, 44, 56, 61, 63, 70] - 4213, [1, 3, 23, 25, 33, 41, 44, 56, 61, 63, 70] - 4213, [1, 3, 23, 25, 33, 41, 44, 56, 61, 63, 70] - 4213, [1, 3, 23, 25, 33, 41, 44, 55, 58, 62, 70] - 4356, [1, 3, 23, 25, 33, 41, 44, 55, 58, 62, 70] - 4356, [1, 3, 12, 14, 24, 36, 48, 49, 58, 62, 70] - 4623, [1, 4, 10, 11, 20, 29, 37, 42, 50, 53, 54, 61, 63, 70] - 4781, [1, 2, 3, 13, 22, 24, 36, 49, 55, 58, 62, 70] - 4956, [1, 2, 3, 13, 22, 25, 26, 28, 34, 41, 44, 55, 58, 62, 70] - 5134]
melhor indiv??duo da gera????o:[1, 4, 10, 11, 21, 31, 40, 44, 56, 61, 63, 70] - 4068
gera????o: 9: 
[[1, 4, 10, 11, 21, 31, 40, 44, 56, 61, 63, 70] - 4068, [1, 4, 10, 11, 21, 31, 40, 44, 56, 61, 63, 70] - 4068, [1, 4, 10, 11, 21, 31, 40, 44, 56, 61, 63, 70] - 4068, [1, 4, 10, 11, 21, 31, 40, 44, 56, 61, 63, 70] - 4068, [1, 4, 10, 11, 21, 31, 40, 44, 56, 61, 63, 70] - 4068, [1, 4, 10, 11, 21, 31, 40, 44, 56, 61, 63, 70] - 4068, [1, 4, 10, 11, 21, 31, 40, 44, 56, 61, 63, 70] - 4068, [1, 4, 10, 11, 21, 31, 40, 44, 55, 58, 62, 70] - 4211, [1, 4, 10, 11, 21, 31, 40, 44, 55, 58, 62, 70] - 4211, [1, 4, 10, 11, 21, 31, 40, 44, 55, 58, 62, 70] - 4211, [1, 3, 23, 25, 33, 41, 44, 56, 61, 63, 70] - 4213, [1, 3, 23, 25, 33, 41, 44, 56, 61, 63, 70] - 4213, [1, 3, 23, 25, 33, 41, 44, 56, 61, 63, 70] - 4213, [1, 3, 23, 25, 33, 41, 44, 55, 58, 62, 70] - 4356, [1, 3, 23, 25, 33, 41, 44, 55, 58, 62, 70] - 4356, [1, 4, 10, 11, 20, 29, 37, 42, 50, 53, 54, 61, 63, 70] - 4781, [1, 2, 3, 13, 22, 24, 36, 49, 55, 58, 62, 70] - 4956]
melhor indiv??duo da gera????o:[1, 4, 10, 11, 21, 31, 40, 44, 56, 61, 63, 70] - 4068
gera????o: 10: 
[[1, 4, 10, 11, 21, 31, 40, 44, 56, 61, 63, 70] - 4068, [1, 4, 10, 11, 21, 31, 40, 44, 56, 61, 63, 70] - 4068, [1, 4, 10, 11, 21, 31, 40, 44, 56, 61, 63, 70] - 4068, [1, 4, 10, 11, 21, 31, 40, 44, 56, 61, 63, 70] - 4068, [1, 4, 10, 11, 21, 31, 40, 44, 56, 61, 63, 70] - 4068, [1, 4, 10, 11, 21, 31, 40, 44, 56, 61, 63, 70] - 4068, [1, 4, 10, 11, 21, 31, 40, 44, 56, 61, 63, 70] - 4068, [1, 4, 10, 11, 21, 31, 40, 44, 56, 61, 63, 70] - 4068, [1, 4, 10, 11, 21, 31, 40, 44, 56, 61, 63, 70] - 4068, [1, 4, 10, 11, 21, 31, 40, 44, 56, 61, 63, 70] - 4068, [1, 4, 10, 11, 21, 31, 40, 44, 55, 58, 62, 70] - 4211, [1, 4, 10, 11, 21, 31, 40, 44, 55, 58, 62, 70] - 4211, [1, 3, 23, 25, 33, 41, 44, 56, 61, 63, 70] - 4213, [1, 3, 23, 25, 33, 41, 44, 56, 61, 63, 70] - 4213, [1, 3, 23, 25, 33, 41, 44, 55, 58, 62, 70] - 4356, [1, 4, 10, 11, 20, 29, 37, 42, 50, 53, 54, 61, 63, 70] - 4781, [1, 2, 3, 13, 22, 24, 36, 49, 55, 58, 62, 70] - 4956]
melhor indiv??duo da gera????o:[1, 4, 10, 11, 21, 31, 40, 44, 56, 61, 63, 70] - 4068
gera????o: 11: 
[[1, 4, 10, 11, 21, 31, 40, 44, 56, 61, 63, 70] - 4068, [1, 4, 10, 11, 21, 31, 40, 44, 56, 61, 63, 70] - 4068, [1, 4, 10, 11, 21, 31, 40, 44, 56, 61, 63, 70] - 4068, [1, 4, 10, 11, 21, 31, 40, 44, 56, 61, 63, 70] - 4068, [1, 4, 10, 11, 21, 31, 40, 44, 56, 61, 63, 70] - 4068, [1, 4, 10, 11, 21, 31, 40, 44, 56, 61, 63, 70] - 4068, [1, 4, 10, 11, 21, 31, 40, 44, 56, 61, 63, 70] - 4068, [1, 4, 10, 11, 21, 31, 40, 44, 56, 61, 63, 70] - 4068, [1, 4, 10, 11, 21, 31, 40, 44, 56, 61, 63, 70] - 4068, [1, 4, 10, 11, 21, 31, 40, 44, 56, 61, 63, 70] - 4068, [1, 4, 10, 11, 21, 31, 40, 44, 56, 61, 63, 70] - 4068, [1, 4, 10, 11, 21, 31, 40, 44, 56, 61, 63, 70] - 4068, [1, 4, 10, 11, 21, 31, 40, 44, 55, 58, 62, 70] - 4211, [1, 3, 23, 25, 33, 41, 44, 56, 61, 63, 70] - 4213, [1, 3, 23, 25, 33, 41, 44, 56, 61, 63, 70] - 4213, [1, 3, 23, 25, 33, 41, 44, 56, 61, 63, 70] - 4213, [1, 3, 23, 25, 33, 41, 44, 55, 58, 62, 70] - 4356, [1, 2, 3, 13, 22, 24, 36, 49, 55, 58, 62, 70] - 4956]
melhor indiv??duo da gera????o:[1, 4, 10, 11, 21, 31, 40, 44, 56, 61, 63, 70] - 4068
gera????o: 12: 
[[1, 4, 10, 11, 21, 31, 40, 44, 56, 61, 63, 70] - 4068, [1, 4, 10, 11, 21, 31, 40, 44, 56, 61, 63, 70] - 4068, [1, 4, 10, 11, 21, 31, 40, 44, 56, 61, 63, 70] - 4068, [1, 4, 10, 11, 21, 31, 40, 44, 56, 61, 63, 70] - 4068, [1, 4, 10, 11, 21, 31, 40, 44, 56, 61, 63, 70] - 4068, [1, 4, 10, 11, 21, 31, 40, 44, 56, 61, 63, 70] - 4068, [1, 4, 10, 11, 21, 31, 40, 44, 56, 61, 63, 70] - 4068, [1, 4, 10, 11, 21, 31, 40, 44, 56, 61, 63, 70] - 4068, [1, 4, 10, 11, 21, 31, 40, 44, 56, 61, 63, 70] - 4068, [1, 4, 10, 11, 21, 31, 40, 44, 56, 61, 63, 70] - 4068, [1, 4, 10, 11, 21, 31, 40, 44, 56, 61, 63, 70] - 4068, [1, 4, 10, 11, 21, 31, 40, 44, 56, 61, 63, 70] - 4068, [1, 4, 10, 11, 21, 31, 40, 44, 56, 61, 63, 70] - 4068, [1, 4, 10, 11, 21, 31, 40, 44, 55, 58, 62, 70] - 4211, [1, 3, 23, 25, 33, 41, 44, 56, 61, 63, 70] - 4213, [1, 3, 23, 25, 33, 41, 44, 56, 61, 63, 70] - 4213, [1, 3, 23, 25, 33, 41, 44, 56, 61, 63, 70] - 4213, [1, 3, 23, 25, 33, 41, 44, 55, 58, 62, 70] - 4356]
melhor indiv??duo da gera????o:[1, 4, 10, 11, 21, 31, 40, 44, 56, 61, 63, 70] - 4068
gera????o: 13: 
[[1, 4, 10, 11, 21, 31, 40, 44, 56, 61, 63, 70] - 4068, [1, 4, 10, 11, 21, 31, 40, 44, 56, 61, 63, 70] - 4068, [1, 4, 10, 11, 21, 31, 40, 44, 56, 61, 63, 70] - 4068, [1, 4, 10, 11, 21, 31, 40, 44, 56, 61, 63, 70] - 4068, [1, 4, 10, 11, 21, 31, 40, 44, 56, 61, 63, 70] - 4068, [1, 4, 10, 11, 21, 31, 40, 44, 56, 61, 63, 70] - 4068, [1, 4, 10, 11, 21, 31, 40, 44, 56, 61, 63, 70] - 4068, [1, 4, 10, 11, 21, 31, 40, 44, 56, 61, 63, 70] - 4068, [1, 4, 10, 11, 21, 31, 40, 44, 56, 61, 63, 70] - 4068, [1, 4, 10, 11, 21, 31, 40, 44, 56, 61, 63, 70] - 4068, [1, 4, 10, 11, 21, 31, 40, 44, 56, 61, 63, 70] - 4068, [1, 4, 10, 11, 21, 31, 40, 44, 56, 61, 63, 70] - 4068, [1, 4, 10, 11, 21, 31, 40, 44, 55, 58, 62, 70] - 4211, [1, 3, 23, 25, 33, 41, 44, 56, 61, 63, 70] - 4213, [1, 3, 23, 25, 33, 41, 44, 56, 61, 63, 70] - 4213, [1, 3, 23, 25, 33, 41, 44, 56, 61, 63, 70] - 4213, [1, 3, 23, 25, 33, 41, 44, 56, 61, 63, 70] - 4213]
melhor indiv??duo da gera????o:[1, 4, 10, 11, 21, 31, 40, 44, 56, 61, 63, 70] - 4068
gera????o: 14: 
[[1, 4, 10, 11, 21, 31, 40, 44, 56, 61, 63, 70] - 4068, [1, 4, 10, 11, 21, 31, 40, 44, 56, 61, 63, 70] - 4068, [1, 4, 10, 11, 21, 31, 40, 44, 56, 61, 63, 70] - 4068, [1, 4, 10, 11, 21, 31, 40, 44, 56, 61, 63, 70] - 4068, [1, 4, 10, 11, 21, 31, 40, 44, 56, 61, 63, 70] - 4068, [1, 4, 10, 11, 21, 31, 40, 44, 56, 61, 63, 70] - 4068, [1, 4, 10, 11, 21, 31, 40, 44, 56, 61, 63, 70] - 4068, [1, 4, 10, 11, 21, 31, 40, 44, 56, 61, 63, 70] - 4068, [1, 4, 10, 11, 21, 31, 40, 44, 56, 61, 63, 70] - 4068, [1, 4, 10, 11, 21, 31, 40, 44, 56, 61, 63, 70] - 4068, [1, 4, 10, 11, 21, 31, 40, 44, 56, 61, 63, 70] - 4068, [1, 4, 10, 11, 21, 31, 40, 44, 56, 61, 63, 70] - 4068, [1, 4, 10, 11, 21, 31, 40, 44, 56, 61, 63, 70] - 4068, [1, 3, 23, 25, 33, 41, 44, 56, 61, 63, 70] - 4213, [1, 3, 23, 25, 33, 41, 44, 56, 61, 63, 70] - 4213, [1, 3, 23, 25, 33, 41, 44, 56, 61, 63, 70] - 4213, [1, 3, 23, 25, 33, 41, 44, 56, 61, 63, 70] - 4213]
melhor indiv??duo da gera????o:[1, 4, 10, 11, 21, 31, 40, 44, 56, 61, 63, 70] - 4068
gera????o: 15: 
[[1, 4, 10, 11, 21, 31, 40, 44, 56, 61, 63, 70] - 4068, [1, 4, 10, 11, 21, 31, 40, 44, 56, 61, 63, 70] - 4068, [1, 4, 10, 11, 21, 31, 40, 44, 56, 61, 63, 70] - 4068, [1, 4, 10, 11, 21, 31, 40, 44, 56, 61, 63, 70] - 4068, [1, 4, 10, 11, 21, 31, 40, 44, 56, 61, 63, 70] - 4068, [1, 4, 10, 11, 21, 31, 40, 44, 56, 61, 63, 70] - 4068, [1, 4, 10, 11, 21, 31, 40, 44, 56, 61, 63, 70] - 4068, [1, 4, 10, 11, 21, 31, 40, 44, 56, 61, 63, 70] - 4068, [1, 4, 10, 11, 21, 31, 40, 44, 56, 61, 63, 70] - 4068, [1, 4, 10, 11, 21, 31, 40, 44, 56, 61, 63, 70] - 4068, [1, 4, 10, 11, 21, 31, 40, 44, 56, 61, 63, 70] - 4068, [1, 4, 10, 11, 21, 31, 40, 44, 56, 61, 63, 70] - 4068, [1, 4, 10, 11, 21, 31, 40, 44, 56, 61, 63, 70] - 4068, [1, 4, 10, 11, 21, 31, 40, 44, 56, 61, 63, 70] - 4068, [1, 3, 23, 25, 33, 41, 44, 56, 61, 63, 70] - 4213, [1, 3, 23, 25, 33, 41, 44, 56, 61, 63, 70] - 4213]
melhor indiv??duo da gera????o:[1, 4, 10, 11, 21, 31, 40, 44, 56, 61, 63, 70] - 4068
gera????o: 16: 
[[1, 4, 10, 11, 21, 31, 40, 44, 56, 61, 63, 70] - 4068, [1, 4, 10, 11, 21, 31, 40, 44, 56, 61, 63, 70] - 4068, [1, 4, 10, 11, 21, 31, 40, 44, 56, 61, 63, 70] - 4068, [1, 4, 10, 11, 21, 31, 40, 44, 56, 61, 63, 70] - 4068, [1, 4, 10, 11, 21, 31, 40, 44, 56, 61, 63, 70] - 4068, [1, 4, 10, 11, 21, 31, 40, 44, 56, 61, 63, 70] - 4068, [1, 4, 10, 11, 21, 31, 40, 44, 56, 61, 63, 70] - 4068, [1, 4, 10, 11, 21, 31, 40, 44, 56, 61, 63, 70] - 4068, [1, 4, 10, 11, 21, 31, 40, 44, 56, 61, 63, 70] - 4068, [1, 4, 10, 11, 21, 31, 40, 44, 56, 61, 63, 70] - 4068, [1, 4, 10, 11, 21, 31, 40, 44, 56, 61, 63, 70] - 4068, [1, 4, 10, 11, 21, 31, 40, 44, 56, 61, 63, 70] - 4068, [1, 4, 10, 11, 21, 31, 40, 44, 56, 61, 63, 70] - 4068, [1, 4, 10, 11, 21, 31, 40, 44, 56, 61, 63, 70] - 4068, [1, 3, 23, 25, 33, 41, 44, 56, 61, 63, 70] - 4213]
melhor indiv??duo da gera????o:[1, 4, 10, 11, 21, 31, 40, 44, 56, 61, 63, 70] - 4068
gera????o: 17: 
[[1, 4, 10, 11, 21, 31, 40, 44, 56, 61, 63, 70] - 4068, [1, 4, 10, 11, 21, 31, 40, 44, 56, 61, 63, 70] - 4068, [1, 4, 10, 11, 21, 31, 40, 44, 56, 61, 63, 70] - 4068, [1, 4, 10, 11, 21, 31, 40, 44, 56, 61, 63, 70] - 4068, [1, 4, 10, 11, 21, 31, 40, 44, 56, 61, 63, 70] - 4068, [1, 4, 10, 11, 21, 31, 40, 44, 56, 61, 63, 70] - 4068, [1, 4, 10, 11, 21, 31, 40, 44, 56, 61, 63, 70] - 4068, [1, 4, 10, 11, 21, 31, 40, 44, 56, 61, 63, 70] - 4068, [1, 4, 10, 11, 21, 31, 40, 44, 56, 61, 63, 70] - 4068, [1, 4, 10, 11, 21, 31, 40, 44, 56, 61, 63, 70] - 4068, [1, 4, 10, 11, 21, 31, 40, 44, 56, 61, 63, 70] - 4068, [1, 4, 10, 11, 21, 31, 40, 44, 56, 61, 63, 70] - 4068, [1, 4, 10, 11, 21, 31, 40, 44, 56, 61, 63, 70] - 4068, [1, 4, 10, 11, 21, 31, 40, 44, 56, 61, 63, 70] - 4068]
melhor indiv??duo da gera????o:[1, 4, 10, 11, 21, 31, 40, 44, 56, 61, 63, 70] - 4068
gera????o: 18: 
[[1, 4, 10, 11, 21, 31, 40, 44, 56, 61, 63, 70] - 4068, [1, 4, 10, 11, 21, 31, 40, 44, 56, 61, 63, 70] - 4068, [1, 4, 10, 11, 21, 31, 40, 44, 56, 61, 63, 70] - 4068, [1, 4, 10, 11, 21, 31, 40, 44, 56, 61, 63, 70] - 4068, [1, 4, 10, 11, 21, 31, 40, 44, 56, 61, 63, 70] - 4068, [1, 4, 10, 11, 21, 31, 40, 44, 56, 61, 63, 70] - 4068, [1, 4, 10, 11, 21, 31, 40, 44, 56, 61, 63, 70] - 4068, [1, 4, 10, 11, 21, 31, 40, 44, 56, 61, 63, 70] - 4068, [1, 4, 10, 11, 21, 31, 40, 44, 56, 61, 63, 70] - 4068, [1, 4, 10, 11, 21, 31, 40, 44, 56, 61, 63, 70] - 4068, [1, 4, 10, 11, 21, 31, 40, 44, 56, 61, 63, 70] - 4068, [1, 4, 10, 11, 21, 31, 40, 44, 56, 61, 63, 70] - 4068, [1, 4, 10, 11, 21, 31, 40, 44, 56, 61, 63, 70] - 4068]
melhor indiv??duo da gera????o:[1, 4, 10, 11, 21, 31, 40, 44, 56, 61, 63, 70] - 4068
gera????o: 19: 
[[1, 4, 10, 11, 21, 31, 40, 44, 56, 61, 63, 70] - 4068, [1, 4, 10, 11, 21, 31, 40, 44, 56, 61, 63, 70] - 4068, [1, 4, 10, 11, 21, 31, 40, 44, 56, 61, 63, 70] - 4068, [1, 4, 10, 11, 21, 31, 40, 44, 56, 61, 63, 70] - 4068, [1, 4, 10, 11, 21, 31, 40, 44, 56, 61, 63, 70] - 4068, [1, 4, 10, 11, 21, 31, 40, 44, 56, 61, 63, 70] - 4068, [1, 4, 10, 11, 21, 31, 40, 44, 56, 61, 63, 70] - 4068, [1, 4, 10, 11, 21, 31, 40, 44, 56, 61, 63, 70] - 4068, [1, 4, 10, 11, 21, 31, 40, 44, 56, 61, 63, 70] - 4068, [1, 4, 10, 11, 21, 31, 40, 44, 56, 61, 63, 70] - 4068, [1, 4, 10, 11, 21, 31, 40, 44, 56, 61, 63, 70] - 4068, [1, 4, 10, 11, 21, 31, 40, 44, 56, 61, 63, 70] - 4068]
melhor indiv??duo da gera????o:[1, 4, 10, 11, 21, 31, 40, 44, 56, 61, 63, 70] - 4068
gera????o: 20: 
[[1, 4, 10, 11, 21, 31, 40, 44, 56, 61, 63, 70] - 4068, [1, 4, 10, 11, 21, 31, 40, 44, 56, 61, 63, 70] - 4068, [1, 4, 10, 11, 21, 31, 40, 44, 56, 61, 63, 70] - 4068, [1, 4, 10, 11, 21, 31, 40, 44, 56, 61, 63, 70] - 4068, [1, 4, 10, 11, 21, 31, 40, 44, 56, 61, 63, 70] - 4068, [1, 4, 10, 11, 21, 31, 40, 44, 56, 61, 63, 70] - 4068, [1, 4, 10, 11, 21, 31, 40, 44, 56, 61, 63, 70] - 4068, [1, 4, 10, 11, 21, 31, 40, 44, 56, 61, 63, 70] - 4068, [1, 4, 10, 11, 21, 31, 40, 44, 56, 61, 63, 70] - 4068, [1, 4, 10, 11, 21, 31, 40, 44, 56, 61, 63, 70] - 4068, [1, 4, 10, 11, 21, 31, 40, 44, 56, 61, 63, 70] - 4068]
melhor indiv??duo da gera????o:[1, 4, 10, 11, 21, 31, 40, 44, 56, 61, 63, 70] - 4068
gera????o: 21: 
[[1, 4, 10, 11, 21, 31, 40, 44, 56, 61, 63, 70] - 4068, [1, 4, 10, 11, 21, 31, 40, 44, 56, 61, 63, 70] - 4068, [1, 4, 10, 11, 21, 31, 40, 44, 56, 61, 63, 70] - 4068, [1, 4, 10, 11, 21, 31, 40, 44, 56, 61, 63, 70] - 4068, [1, 4, 10, 11, 21, 31, 40, 44, 56, 61, 63, 70] - 4068, [1, 4, 10, 11, 21, 31, 40, 44, 56, 61, 63, 70] - 4068, [1, 4, 10, 11, 21, 31, 40, 44, 56, 61, 63, 70] - 4068, [1, 4, 10, 11, 21, 31, 40, 44, 56, 61, 63, 70] - 4068, [1, 4, 10, 11, 21, 31, 40, 44, 56, 61, 63, 70] - 4068, [1, 4, 10, 11, 21, 31, 40, 44, 56, 61, 63, 70] - 4068]
melhor indiv??duo da gera????o:[1, 4, 10, 11, 21, 31, 40, 44, 56, 61, 63, 70] - 4068
gera????o: 22: 
[[1, 4, 10, 11, 21, 31, 40, 44, 56, 61, 63, 70] - 4068, [1, 4, 10, 11, 21, 31, 40, 44, 56, 61, 63, 70] - 4068, [1, 4, 10, 11, 21, 31, 40, 44, 56, 61, 63, 70] - 4068, [1, 4, 10, 11, 21, 31, 40, 44, 56, 61, 63, 70] - 4068, [1, 4, 10, 11, 21, 31, 40, 44, 56, 61, 63, 70] - 4068, [1, 4, 10, 11, 21, 31, 40, 44, 56, 61, 63, 70] - 4068, [1, 4, 10, 11, 21, 31, 40, 44, 56, 61, 63, 70] - 4068, [1, 4, 10, 11, 21, 31, 40, 44, 56, 61, 63, 70] - 4068, [1, 4, 10, 11, 21, 31, 40, 44, 56, 61, 63, 70] - 4068]
melhor indiv??duo da gera????o:[1, 4, 10, 11, 21, 31, 40, 44, 56, 61, 63, 70] - 4068
gera????o: 23: 
[[1, 4, 10, 11, 21, 31, 40, 44, 56, 61, 63, 70] - 4068, [1, 4, 10, 11, 21, 31, 40, 44, 56, 61, 63, 70] - 4068, [1, 4, 10, 11, 21, 31, 40, 44, 56, 61, 63, 70] - 4068, [1, 4, 10, 11, 21, 31, 40, 44, 56, 61, 63, 70] - 4068, [1, 4, 10, 11, 21, 31, 40, 44, 56, 61, 63, 70] - 4068, [1, 4, 10, 11, 21, 31, 40, 44, 56, 61, 63, 70] - 4068, [1, 4, 10, 11, 21, 31, 40, 44, 56, 61, 63, 70] - 4068, [1, 4, 10, 11, 21, 31, 40, 44, 56, 61, 63, 70] - 4068, [1, 4, 10, 11, 21, 31, 40, 44, 56, 61, 63, 70] - 4068]
melhor indiv??duo da gera????o:[1, 4, 10, 11, 21, 31, 40, 44, 56, 61, 63, 70] - 4068
gera????o: 24: 
[[1, 4, 10, 11, 21, 31, 40, 44, 56, 61, 63, 70] - 4068, [1, 4, 10, 11, 21, 31, 40, 44, 56, 61, 63, 70] - 4068, [1, 4, 10, 11, 21, 31, 40, 44, 56, 61, 63, 70] - 4068, [1, 4, 10, 11, 21, 31, 40, 44, 56, 61, 63, 70] - 4068, [1, 4, 10, 11, 21, 31, 40, 44, 56, 61, 63, 70] - 4068, [1, 4, 10, 11, 21, 31, 40, 44, 56, 61, 63, 70] - 4068, [1, 4, 10, 11, 21, 31, 40, 44, 56, 61, 63, 70] - 4068, [1, 4, 10, 11, 21, 31, 40, 44, 56, 61, 63, 70] - 4068, [1, 4, 10, 11, 21, 31, 40, 44, 56, 61, 63, 70] - 4068]
melhor indiv??duo da gera????o:[1, 4, 10, 11, 21, 31, 40, 44, 56, 61, 63, 70] - 4068
gera????o: 25: 
[[1, 4, 10, 11, 21, 31, 40, 44, 56, 61, 63, 70] - 4068, [1, 4, 10, 11, 21, 31, 40, 44, 56, 61, 63, 70] - 4068, [1, 4, 10, 11, 21, 31, 40, 44, 56, 61, 63, 70] - 4068, [1, 4, 10, 11, 21, 31, 40, 44, 56, 61, 63, 70] - 4068, [1, 4, 10, 11, 21, 31, 40, 44, 56, 61, 63, 70] - 4068, [1, 4, 10, 11, 21, 31, 40, 44, 56, 61, 63, 70] - 4068, [1, 4, 10, 11, 21, 31, 40, 44, 56, 61, 63, 70] - 4068, [1, 4, 10, 11, 21, 31, 40, 44, 56, 61, 63, 70] - 4068, [1, 4, 10, 11, 21, 31, 40, 44, 56, 61, 63, 70] - 4068]
melhor indiv??duo da gera????o:[1, 4, 10, 11, 21, 31, 40, 44, 56, 61, 63, 70] - 4068
gera????o: 26: 
[[1, 4, 10, 11, 21, 31, 40, 44, 56, 61, 63, 70] - 4068, [1, 4, 10, 11, 21, 31, 40, 44, 56, 61, 63, 70] - 4068, [1, 4, 10, 11, 21, 31, 40, 44, 56, 61, 63, 70] - 4068, [1, 4, 10, 11, 21, 31, 40, 44, 56, 61, 63, 70] - 4068, [1, 4, 10, 11, 21, 31, 40, 44, 56, 61, 63, 70] - 4068, [1, 4, 10, 11, 21, 31, 40, 44, 56, 61, 63, 70] - 4068, [1, 4, 10, 11, 21, 31, 40, 44, 56, 61, 63, 70] - 4068, [1, 4, 10, 11, 21, 31, 40, 44, 56, 61, 63, 70] - 4068, [1, 4, 10, 11, 21, 31, 40, 44, 56, 61, 63, 70] - 4068]
melhor indiv??duo da gera????o:[1, 4, 10, 11, 21, 31, 40, 44, 56, 61, 63, 70] - 4068
gera????o: 27: 
[[1, 4, 10, 11, 21, 31, 40, 44, 56, 61, 63, 70] - 4068, [1, 4, 10, 11, 21, 31, 40, 44, 56, 61, 63, 70] - 4068, [1, 4, 10, 11, 21, 31, 40, 44, 56, 61, 63, 70] - 4068, [1, 4, 10, 11, 21, 31, 40, 44, 56, 61, 63, 70] - 4068, [1, 4, 10, 11, 21, 31, 40, 44, 56, 61, 63, 70] - 4068, [1, 4, 10, 11, 21, 31, 40, 44, 56, 61, 63, 70] - 4068, [1, 4, 10, 11, 21, 31, 40, 44, 56, 61, 63, 70] - 4068, [1, 4, 10, 11, 21, 31, 40, 44, 56, 61, 63, 70] - 4068, [1, 4, 10, 11, 21, 31, 40, 44, 56, 61, 63, 70] - 4068]
melhor indiv??duo da gera????o:[1, 4, 10, 11, 21, 31, 40, 44, 56, 61, 63, 70] - 4068
gera????o: 28: 
[[1, 4, 10, 11, 21, 31, 40, 44, 56, 61, 63, 70] - 4068, [1, 4, 10, 11, 21, 31, 40, 44, 56, 61, 63, 70] - 4068, [1, 4, 10, 11, 21, 31, 40, 44, 56, 61, 63, 70] - 4068, [1, 4, 10, 11, 21, 31, 40, 44, 56, 61, 63, 70] - 4068, [1, 4, 10, 11, 21, 31, 40, 44, 56, 61, 63, 70] - 4068, [1, 4, 10, 11, 21, 31, 40, 44, 56, 61, 63, 70] - 4068, [1, 4, 10, 11, 21, 31, 40, 44, 56, 61, 63, 70] - 4068, [1, 4, 10, 11, 21, 31, 40, 44, 56, 61, 63, 70] - 4068, [1, 4, 10, 11, 21, 31, 40, 44, 56, 61, 63, 70] - 4068]
melhor indiv??duo da gera????o:[1, 4, 10, 11, 21, 31, 40, 44, 56, 61, 63, 70] - 4068
gera????o: 29: 
[[1, 4, 10, 11, 21, 31, 40, 44, 56, 61, 63, 70] - 4068, [1, 4, 10, 11, 21, 31, 40, 44, 56, 61, 63, 70] - 4068, [1, 4, 10, 11, 21, 31, 40, 44, 56, 61, 63, 70] - 4068, [1, 4, 10, 11, 21, 31, 40, 44, 56, 61, 63, 70] - 4068, [1, 4, 10, 11, 21, 31, 40, 44, 56, 61, 63, 70] - 4068, [1, 4, 10, 11, 21, 31, 40, 44, 56, 61, 63, 70] - 4068, [1, 4, 10, 11, 21, 31, 40, 44, 56, 61, 63, 70] - 4068, [1, 4, 10, 11, 21, 31, 40, 44, 56, 61, 63, 70] - 4068, [1, 4, 10, 11, 21, 31, 40, 44, 56, 61, 63, 70] - 4068]
melhor indiv??duo da gera????o:[1, 4, 10, 11, 21, 31, 40, 44, 56, 61, 63, 70] - 4068
gera????o: 30: 
[[1, 4, 10, 11, 21, 31, 40, 44, 56, 61, 63, 70] - 4068, [1, 4, 10, 11, 21, 31, 40, 44, 56, 61, 63, 70] - 4068, [1, 4, 10, 11, 21, 31, 40, 44, 56, 61, 63, 70] - 4068, [1, 4, 10, 11, 21, 31, 40, 44, 56, 61, 63, 70] - 4068, [1, 4, 10, 11, 21, 31, 40, 44, 56, 61, 63, 70] - 4068, [1, 4, 10, 11, 21, 31, 40, 44, 56, 61, 63, 70] - 4068, [1, 4, 10, 11, 21, 31, 40, 44, 56, 61, 63, 70] - 4068, [1, 4, 10, 11, 21, 31, 40, 44, 56, 61, 63, 70] - 4068, [1, 4, 10, 11, 21, 31, 40, 44, 56, 61, 63, 70] - 4068]
melhor indiv??duo da gera????o:[1, 4, 10, 11, 21, 31, 40, 44, 56, 61, 63, 70] - 4068
gera????o: 31: 
[[1, 4, 10, 11, 21, 31, 40, 44, 56, 61, 63, 70] - 4068, [1, 4, 10, 11, 21, 31, 40, 44, 56, 61, 63, 70] - 4068, [1, 4, 10, 11, 21, 31, 40, 44, 56, 61, 63, 70] - 4068, [1, 4, 10, 11, 21, 31, 40, 44, 56, 61, 63, 70] - 4068, [1, 4, 10, 11, 21, 31, 40, 44, 56, 61, 63, 70] - 4068, [1, 4, 10, 11, 21, 31, 40, 44, 56, 61, 63, 70] - 4068, [1, 4, 10, 11, 21, 31, 40, 44, 56, 61, 63, 70] - 4068, [1, 4, 10, 11, 21, 31, 40, 44, 56, 61, 63, 70] - 4068, [1, 4, 10, 11, 21, 31, 40, 44, 56, 61, 63, 70] - 4068]
melhor indiv??duo da gera????o:[1, 4, 10, 11, 21, 31, 40, 44, 56, 61, 63, 70] - 4068
gera????o: 32: 
[[1, 4, 10, 11, 21, 31, 40, 44, 56, 61, 63, 70] - 4068, [1, 4, 10, 11, 21, 31, 40, 44, 56, 61, 63, 70] - 4068, [1, 4, 10, 11, 21, 31, 40, 44, 56, 61, 63, 70] - 4068, [1, 4, 10, 11, 21, 31, 40, 44, 56, 61, 63, 70] - 4068, [1, 4, 10, 11, 21, 31, 40, 44, 56, 61, 63, 70] - 4068, [1, 4, 10, 11, 21, 31, 40, 44, 56, 61, 63, 70] - 4068, [1, 4, 10, 11, 21, 31, 40, 44, 56, 61, 63, 70] - 4068, [1, 4, 10, 11, 21, 31, 40, 44, 56, 61, 63, 70] - 4068, [1, 4, 10, 11, 21, 31, 40, 44, 56, 61, 63, 70] - 4068]
melhor indiv??duo da gera????o:[1, 4, 10, 11, 21, 31, 40, 44, 56, 61, 63, 70] - 4068
gera????o: 33: 
[[1, 4, 10, 11, 21, 31, 40, 44, 56, 61, 63, 70] - 4068, [1, 4, 10, 11, 21, 31, 40, 44, 56, 61, 63, 70] - 4068, [1, 4, 10, 11, 21, 31, 40, 44, 56, 61, 63, 70] - 4068, [1, 4, 10, 11, 21, 31, 40, 44, 56, 61, 63, 70] - 4068, [1, 4, 10, 11, 21, 31, 40, 44, 56, 61, 63, 70] - 4068, [1, 4, 10, 11, 21, 31, 40, 44, 56, 61, 63, 70] - 4068, [1, 4, 10, 11, 21, 31, 40, 44, 56, 61, 63, 70] - 4068, [1, 4, 10, 11, 21, 31, 40, 44, 56, 61, 63, 70] - 4068, [1, 4, 10, 11, 21, 31, 40, 44, 56, 61, 63, 70] - 4068]
melhor indiv??duo da gera????o:[1, 4, 10, 11, 21, 31, 40, 44, 56, 61, 63, 70] - 4068
gera????o: 34: 
[[1, 4, 10, 11, 21, 31, 40, 44, 56, 61, 63, 70] - 4068, [1, 4, 10, 11, 21, 31, 40, 44, 56, 61, 63, 70] - 4068, [1, 4, 10, 11, 21, 31, 40, 44, 56, 61, 63, 70] - 4068, [1, 4, 10, 11, 21, 31, 40, 44, 56, 61, 63, 70] - 4068, [1, 4, 10, 11, 21, 31, 40, 44, 56, 61, 63, 70] - 4068, [1, 4, 10, 11, 21, 31, 40, 44, 56, 61, 63, 70] - 4068, [1, 4, 10, 11, 21, 31, 40, 44, 56, 61, 63, 70] - 4068, [1, 4, 10, 11, 21, 31, 40, 44, 56, 61, 63, 70] - 4068, [1, 4, 10, 11, 21, 31, 40, 44, 56, 61, 63, 70] - 4068]
melhor indiv??duo da gera????o:[1, 4, 10, 11, 21, 31, 40, 44, 56, 61, 63, 70] - 4068
gera????o: 35: 
[[1, 4, 10, 11, 21, 31, 40, 44, 56, 61, 63, 70] - 4068, [1, 4, 10, 11, 21, 31, 40, 44, 56, 61, 63, 70] - 4068, [1, 4, 10, 11, 21, 31, 40, 44, 56, 61, 63, 70] - 4068, [1, 4, 10, 11, 21, 31, 40, 44, 56, 61, 63, 70] - 4068, [1, 4, 10, 11, 21, 31, 40, 44, 56, 61, 63, 70] - 4068, [1, 4, 10, 11, 21, 31, 40, 44, 56, 61, 63, 70] - 4068, [1, 4, 10, 11, 21, 31, 40, 44, 56, 61, 63, 70] - 4068, [1, 4, 10, 11, 21, 31, 40, 44, 56, 61, 63, 70] - 4068, [1, 4, 10, 11, 21, 31, 40, 44, 56, 61, 63, 70] - 4068]
melhor indiv??duo da gera????o:[1, 4, 10, 11, 21, 31, 40, 44, 56, 61, 63, 70] - 4068
gera????o: 36: 
[[1, 4, 10, 11, 21, 31, 40, 44, 56, 61, 63, 70] - 4068, [1, 4, 10, 11, 21, 31, 40, 44, 56, 61, 63, 70] - 4068, [1, 4, 10, 11, 21, 31, 40, 44, 56, 61, 63, 70] - 4068, [1, 4, 10, 11, 21, 31, 40, 44, 56, 61, 63, 70] - 4068, [1, 4, 10, 11, 21, 31, 40, 44, 56, 61, 63, 70] - 4068, [1, 4, 10, 11, 21, 31, 40, 44, 56, 61, 63, 70] - 4068, [1, 4, 10, 11, 21, 31, 40, 44, 56, 61, 63, 70] - 4068, [1, 4, 10, 11, 21, 31, 40, 44, 56, 61, 63, 70] - 4068, [1, 4, 10, 11, 21, 31, 40, 44, 56, 61, 63, 70] - 4068]
melhor indiv??duo da gera????o:[1, 4, 10, 11, 21, 31, 40, 44, 56, 61, 63, 70] - 4068
gera????o: 37: 
[[1, 4, 10, 11, 21, 31, 40, 44, 56, 61, 63, 70] - 4068, [1, 4, 10, 11, 21, 31, 40, 44, 56, 61, 63, 70] - 4068, [1, 4, 10, 11, 21, 31, 40, 44, 56, 61, 63, 70] - 4068, [1, 4, 10, 11, 21, 31, 40, 44, 56, 61, 63, 70] - 4068, [1, 4, 10, 11, 21, 31, 40, 44, 56, 61, 63, 70] - 4068, [1, 4, 10, 11, 21, 31, 40, 44, 56, 61, 63, 70] - 4068, [1, 4, 10, 11, 21, 31, 40, 44, 56, 61, 63, 70] - 4068, [1, 4, 10, 11, 21, 31, 40, 44, 56, 61, 63, 70] - 4068, [1, 4, 10, 11, 21, 31, 40, 44, 56, 61, 63, 70] - 4068]
melhor indiv??duo da gera????o:[1, 4, 10, 11, 21, 31, 40, 44, 56, 61, 63, 70] - 4068
gera????o: 38: 
[[1, 4, 10, 11, 21, 31, 40, 44, 56, 61, 63, 70] - 4068, [1, 4, 10, 11, 21, 31, 40, 44, 56, 61, 63, 70] - 4068, [1, 4, 10, 11, 21, 31, 40, 44, 56, 61, 63, 70] - 4068, [1, 4, 10, 11, 21, 31, 40, 44, 56, 61, 63, 70] - 4068, [1, 4, 10, 11, 21, 31, 40, 44, 56, 61, 63, 70] - 4068, [1, 4, 10, 11, 21, 31, 40, 44, 56, 61, 63, 70] - 4068, [1, 4, 10, 11, 21, 31, 40, 44, 56, 61, 63, 70] - 4068, [1, 4, 10, 11, 21, 31, 40, 44, 56, 61, 63, 70] - 4068, [1, 4, 10, 11, 21, 31, 40, 44, 56, 61, 63, 70] - 4068]
melhor indiv??duo da gera????o:[1, 4, 10, 11, 21, 31, 40, 44, 56, 61, 63, 70] - 4068
gera????o: 39: 
[[1, 4, 10, 11, 21, 31, 40, 44, 56, 61, 63, 70] - 4068, [1, 4, 10, 11, 21, 31, 40, 44, 56, 61, 63, 70] - 4068, [1, 4, 10, 11, 21, 31, 40, 44, 56, 61, 63, 70] - 4068, [1, 4, 10, 11, 21, 31, 40, 44, 56, 61, 63, 70] - 4068, [1, 4, 10, 11, 21, 31, 40, 44, 56, 61, 63, 70] - 4068, [1, 4, 10, 11, 21, 31, 40, 44, 56, 61, 63, 70] - 4068, [1, 4, 10, 11, 21, 31, 40, 44, 56, 61, 63, 70] - 4068, [1, 4, 10, 11, 21, 31, 40, 44, 56, 61, 63, 70] - 4068, [1, 4, 10, 11, 21, 31, 40, 44, 56, 61, 63, 70] - 4068]
melhor indiv??duo da gera????o:[1, 4, 10, 11, 21, 31, 40, 44, 56, 61, 63, 70] - 4068
gera????o: 40: 
[[1, 4, 10, 11, 21, 31, 40, 44, 56, 61, 63, 70] - 4068, [1, 4, 10, 11, 21, 31, 40, 44, 56, 61, 63, 70] - 4068, [1, 4, 10, 11, 21, 31, 40, 44, 56, 61, 63, 70] - 4068, [1, 4, 10, 11, 21, 31, 40, 44, 56, 61, 63, 70] - 4068, [1, 4, 10, 11, 21, 31, 40, 44, 56, 61, 63, 70] - 4068, [1, 4, 10, 11, 21, 31, 40, 44, 56, 61, 63, 70] - 4068, [1, 4, 10, 11, 21, 31, 40, 44, 56, 61, 63, 70] - 4068, [1, 4, 10, 11, 21, 31, 40, 44, 56, 61, 63, 70] - 4068, [1, 4, 10, 11, 21, 31, 40, 44, 56, 61, 63, 70] - 4068]
melhor indiv??duo da gera????o:[1, 4, 10, 11, 21, 31, 40, 44, 56, 61, 63, 70] - 4068
gera????o: 41: 
[[1, 4, 10, 11, 21, 31, 40, 44, 56, 61, 63, 70] - 4068, [1, 4, 10, 11, 21, 31, 40, 44, 56, 61, 63, 70] - 4068, [1, 4, 10, 11, 21, 31, 40, 44, 56, 61, 63, 70] - 4068, [1, 4, 10, 11, 21, 31, 40, 44, 56, 61, 63, 70] - 4068, [1, 4, 10, 11, 21, 31, 40, 44, 56, 61, 63, 70] - 4068, [1, 4, 10, 11, 21, 31, 40, 44, 56, 61, 63, 70] - 4068, [1, 4, 10, 11, 21, 31, 40, 44, 56, 61, 63, 70] - 4068, [1, 4, 10, 11, 21, 31, 40, 44, 56, 61, 63, 70] - 4068, [1, 4, 10, 11, 21, 31, 40, 44, 56, 61, 63, 70] - 4068]
melhor indiv??duo da gera????o:[1, 4, 10, 11, 21, 31, 40, 44, 56, 61, 63, 70] - 4068
gera????o: 42: 
[[1, 4, 10, 11, 21, 31, 40, 44, 56, 61, 63, 70] - 4068, [1, 4, 10, 11, 21, 31, 40, 44, 56, 61, 63, 70] - 4068, [1, 4, 10, 11, 21, 31, 40, 44, 56, 61, 63, 70] - 4068, [1, 4, 10, 11, 21, 31, 40, 44, 56, 61, 63, 70] - 4068, [1, 4, 10, 11, 21, 31, 40, 44, 56, 61, 63, 70] - 4068, [1, 4, 10, 11, 21, 31, 40, 44, 56, 61, 63, 70] - 4068, [1, 4, 10, 11, 21, 31, 40, 44, 56, 61, 63, 70] - 4068, [1, 4, 10, 11, 21, 31, 40, 44, 56, 61, 63, 70] - 4068, [1, 4, 10, 11, 21, 31, 40, 44, 56, 61, 63, 70] - 4068]
melhor indiv??duo da gera????o:[1, 4, 10, 11, 21, 31, 40, 44, 56, 61, 63, 70] - 4068
gera????o: 43: 
[[1, 4, 10, 11, 21, 31, 40, 44, 56, 61, 63, 70] - 4068, [1, 4, 10, 11, 21, 31, 40, 44, 56, 61, 63, 70] - 4068, [1, 4, 10, 11, 21, 31, 40, 44, 56, 61, 63, 70] - 4068, [1, 4, 10, 11, 21, 31, 40, 44, 56, 61, 63, 70] - 4068, [1, 4, 10, 11, 21, 31, 40, 44, 56, 61, 63, 70] - 4068, [1, 4, 10, 11, 21, 31, 40, 44, 56, 61, 63, 70] - 4068, [1, 4, 10, 11, 21, 31, 40, 44, 56, 61, 63, 70] - 4068, [1, 4, 10, 11, 21, 31, 40, 44, 56, 61, 63, 70] - 4068, [1, 4, 10, 11, 21, 31, 40, 44, 56, 61, 63, 70] - 4068]
melhor indiv??duo da gera????o:[1, 4, 10, 11, 21, 31, 40, 44, 56, 61, 63, 70] - 4068
gera????o: 44: 
[[1, 4, 10, 11, 21, 31, 40, 44, 56, 61, 63, 70] - 4068, [1, 4, 10, 11, 21, 31, 40, 44, 56, 61, 63, 70] - 4068, [1, 4, 10, 11, 21, 31, 40, 44, 56, 61, 63, 70] - 4068, [1, 4, 10, 11, 21, 31, 40, 44, 56, 61, 63, 70] - 4068, [1, 4, 10, 11, 21, 31, 40, 44, 56, 61, 63, 70] - 4068, [1, 4, 10, 11, 21, 31, 40, 44, 56, 61, 63, 70] - 4068, [1, 4, 10, 11, 21, 31, 40, 44, 56, 61, 63, 70] - 4068, [1, 4, 10, 11, 21, 31, 40, 44, 56, 61, 63, 70] - 4068, [1, 4, 10, 11, 21, 31, 40, 44, 56, 61, 63, 70] - 4068]
melhor indiv??duo da gera????o:[1, 4, 10, 11, 21, 31, 40, 44, 56, 61, 63, 70] - 4068
gera????o: 45: 
[[1, 4, 10, 11, 21, 31, 40, 44, 56, 61, 63, 70] - 4068, [1, 4, 10, 11, 21, 31, 40, 44, 56, 61, 63, 70] - 4068, [1, 4, 10, 11, 21, 31, 40, 44, 56, 61, 63, 70] - 4068, [1, 4, 10, 11, 21, 31, 40, 44, 56, 61, 63, 70] - 4068, [1, 4, 10, 11, 21, 31, 40, 44, 56, 61, 63, 70] - 4068, [1, 4, 10, 11, 21, 31, 40, 44, 56, 61, 63, 70] - 4068, [1, 4, 10, 11, 21, 31, 40, 44, 56, 61, 63, 70] - 4068, [1, 4, 10, 11, 21, 31, 40, 44, 56, 61, 63, 70] - 4068, [1, 4, 10, 11, 21, 31, 40, 44, 56, 61, 63, 70] - 4068]
melhor indiv??duo da gera????o:[1, 4, 10, 11, 21, 31, 40, 44, 56, 61, 63, 70] - 4068
gera????o: 46: 
[[1, 4, 10, 11, 21, 31, 40, 44, 56, 61, 63, 70] - 4068, [1, 4, 10, 11, 21, 31, 40, 44, 56, 61, 63, 70] - 4068, [1, 4, 10, 11, 21, 31, 40, 44, 56, 61, 63, 70] - 4068, [1, 4, 10, 11, 21, 31, 40, 44, 56, 61, 63, 70] - 4068, [1, 4, 10, 11, 21, 31, 40, 44, 56, 61, 63, 70] - 4068, [1, 4, 10, 11, 21, 31, 40, 44, 56, 61, 63, 70] - 4068, [1, 4, 10, 11, 21, 31, 40, 44, 56, 61, 63, 70] - 4068, [1, 4, 10, 11, 21, 31, 40, 44, 56, 61, 63, 70] - 4068, [1, 4, 10, 11, 21, 31, 40, 44, 56, 61, 63, 70] - 4068]
melhor indiv??duo da gera????o:[1, 4, 10, 11, 21, 31, 40, 44, 56, 61, 63, 70] - 4068
gera????o: 47: 
[[1, 4, 10, 11, 21, 31, 40, 44, 56, 61, 63, 70] - 4068, [1, 4, 10, 11, 21, 31, 40, 44, 56, 61, 63, 70] - 4068, [1, 4, 10, 11, 21, 31, 40, 44, 56, 61, 63, 70] - 4068, [1, 4, 10, 11, 21, 31, 40, 44, 56, 61, 63, 70] - 4068, [1, 4, 10, 11, 21, 31, 40, 44, 56, 61, 63, 70] - 4068, [1, 4, 10, 11, 21, 31, 40, 44, 56, 61, 63, 70] - 4068, [1, 4, 10, 11, 21, 31, 40, 44, 56, 61, 63, 70] - 4068, [1, 4, 10, 11, 21, 31, 40, 44, 56, 61, 63, 70] - 4068, [1, 4, 10, 11, 21, 31, 40, 44, 56, 61, 63, 70] - 4068]
melhor indiv??duo da gera????o:[1, 4, 10, 11, 21, 31, 40, 44, 56, 61, 63, 70] - 4068
gera????o: 48: 
[[1, 4, 10, 11, 21, 31, 40, 44, 56, 61, 63, 70] - 4068, [1, 4, 10, 11, 21, 31, 40, 44, 56, 61, 63, 70] - 4068, [1, 4, 10, 11, 21, 31, 40, 44, 56, 61, 63, 70] - 4068, [1, 4, 10, 11, 21, 31, 40, 44, 56, 61, 63, 70] - 4068, [1, 4, 10, 11, 21, 31, 40, 44, 56, 61, 63, 70] - 4068, [1, 4, 10, 11, 21, 31, 40, 44, 56, 61, 63, 70] - 4068, [1, 4, 10, 11, 21, 31, 40, 44, 56, 61, 63, 70] - 4068, [1, 4, 10, 11, 21, 31, 40, 44, 56, 61, 63, 70] - 4068, [1, 4, 10, 11, 21, 31, 40, 44, 56, 61, 63, 70] - 4068]
melhor indiv??duo da gera????o:[1, 4, 10, 11, 21, 31, 40, 44, 56, 61, 63, 70] - 4068
gera????o: 49: 
[[1, 4, 10, 11, 21, 31, 40, 44, 56, 61, 63, 70] - 4068, [1, 4, 10, 11, 21, 31, 40, 44, 56, 61, 63, 70] - 4068, [1, 4, 10, 11, 21, 31, 40, 44, 56, 61, 63, 70] - 4068, [1, 4, 10, 11, 21, 31, 40, 44, 56, 61, 63, 70] - 4068, [1, 4, 10, 11, 21, 31, 40, 44, 56, 61, 63, 70] - 4068, [1, 4, 10, 11, 21, 31, 40, 44, 56, 61, 63, 70] - 4068, [1, 4, 10, 11, 21, 31, 40, 44, 56, 61, 63, 70] - 4068, [1, 4, 10, 11, 21, 31, 40, 44, 56, 61, 63, 70] - 4068, [1, 4, 10, 11, 21, 31, 40, 44, 56, 61, 63, 70] - 4068]
melhor indiv??duo da gera????o:[1, 4, 10, 11, 21, 31, 40, 44, 56, 61, 63, 70] - 4068
gera????o: 50: 
[[1, 4, 10, 11, 21, 31, 40, 44, 56, 61, 63, 70] - 4068, [1, 4, 10, 11, 21, 31, 40, 44, 56, 61, 63, 70] - 4068, [1, 4, 10, 11, 21, 31, 40, 44, 56, 61, 63, 70] - 4068, [1, 4, 10, 11, 21, 31, 40, 44, 56, 61, 63, 70] - 4068, [1, 4, 10, 11, 21, 31, 40, 44, 56, 61, 63, 70] - 4068, [1, 4, 10, 11, 21, 31, 40, 44, 56, 61, 63, 70] - 4068, [1, 4, 10, 11, 21, 31, 40, 44, 56, 61, 63, 70] - 4068, [1, 4, 10, 11, 21, 31, 40, 44, 56, 61, 63, 70] - 4068, [1, 4, 10, 11, 21, 31, 40, 44, 56, 61, 63, 70] - 4068]
melhor indiv??duo da gera????o:[1, 4, 10, 11, 21, 31, 40, 44, 56, 61, 63, 70] - 4068
gera????o: 51: 
[[1, 4, 10, 11, 21, 31, 40, 44, 56, 61, 63, 70] - 4068, [1, 4, 10, 11, 21, 31, 40, 44, 56, 61, 63, 70] - 4068, [1, 4, 10, 11, 21, 31, 40, 44, 56, 61, 63, 70] - 4068, [1, 4, 10, 11, 21, 31, 40, 44, 56, 61, 63, 70] - 4068, [1, 4, 10, 11, 21, 31, 40, 44, 56, 61, 63, 70] - 4068, [1, 4, 10, 11, 21, 31, 40, 44, 56, 61, 63, 70] - 4068, [1, 4, 10, 11, 21, 31, 40, 44, 56, 61, 63, 70] - 4068, [1, 4, 10, 11, 21, 31, 40, 44, 56, 61, 63, 70] - 4068, [1, 4, 10, 11, 21, 31, 40, 44, 56, 61, 63, 70] - 4068]
melhor indiv??duo da gera????o:[1, 4, 10, 11, 21, 31, 40, 44, 56, 61, 63, 70] - 4068
gera????o: 52: 
[[1, 4, 10, 11, 21, 31, 40, 44, 56, 61, 63, 70] - 4068, [1, 4, 10, 11, 21, 31, 40, 44, 56, 61, 63, 70] - 4068, [1, 4, 10, 11, 21, 31, 40, 44, 56, 61, 63, 70] - 4068, [1, 4, 10, 11, 21, 31, 40, 44, 56, 61, 63, 70] - 4068, [1, 4, 10, 11, 21, 31, 40, 44, 56, 61, 63, 70] - 4068, [1, 4, 10, 11, 21, 31, 40, 44, 56, 61, 63, 70] - 4068, [1, 4, 10, 11, 21, 31, 40, 44, 56, 61, 63, 70] - 4068, [1, 4, 10, 11, 21, 31, 40, 44, 56, 61, 63, 70] - 4068, [1, 4, 10, 11, 21, 31, 40, 44, 56, 61, 63, 70] - 4068]
melhor indiv??duo da gera????o:[1, 4, 10, 11, 21, 31, 40, 44, 56, 61, 63, 70] - 4068
gera????o: 53: 
[[1, 4, 10, 11, 21, 31, 40, 44, 56, 61, 63, 70] - 4068, [1, 4, 10, 11, 21, 31, 40, 44, 56, 61, 63, 70] - 4068, [1, 4, 10, 11, 21, 31, 40, 44, 56, 61, 63, 70] - 4068, [1, 4, 10, 11, 21, 31, 40, 44, 56, 61, 63, 70] - 4068, [1, 4, 10, 11, 21, 31, 40, 44, 56, 61, 63, 70] - 4068, [1, 4, 10, 11, 21, 31, 40, 44, 56, 61, 63, 70] - 4068, [1, 4, 10, 11, 21, 31, 40, 44, 56, 61, 63, 70] - 4068, [1, 4, 10, 11, 21, 31, 40, 44, 56, 61, 63, 70] - 4068, [1, 4, 10, 11, 21, 31, 40, 44, 56, 61, 63, 70] - 4068]
melhor indiv??duo da gera????o:[1, 4, 10, 11, 21, 31, 40, 44, 56, 61, 63, 70] - 4068
gera????o: 54: 
[[1, 4, 10, 11, 21, 31, 40, 44, 56, 61, 63, 70] - 4068, [1, 4, 10, 11, 21, 31, 40, 44, 56, 61, 63, 70] - 4068, [1, 4, 10, 11, 21, 31, 40, 44, 56, 61, 63, 70] - 4068, [1, 4, 10, 11, 21, 31, 40, 44, 56, 61, 63, 70] - 4068, [1, 4, 10, 11, 21, 31, 40, 44, 56, 61, 63, 70] - 4068, [1, 4, 10, 11, 21, 31, 40, 44, 56, 61, 63, 70] - 4068, [1, 4, 10, 11, 21, 31, 40, 44, 56, 61, 63, 70] - 4068, [1, 4, 10, 11, 21, 31, 40, 44, 56, 61, 63, 70] - 4068, [1, 4, 10, 11, 21, 31, 40, 44, 56, 61, 63, 70] - 4068]
melhor indiv??duo da gera????o:[1, 4, 10, 11, 21, 31, 40, 44, 56, 61, 63, 70] - 4068
gera????o: 55: 
[[1, 4, 10, 11, 21, 31, 40, 44, 56, 61, 63, 70] - 4068, [1, 4, 10, 11, 21, 31, 40, 44, 56, 61, 63, 70] - 4068, [1, 4, 10, 11, 21, 31, 40, 44, 56, 61, 63, 70] - 4068, [1, 4, 10, 11, 21, 31, 40, 44, 56, 61, 63, 70] - 4068, [1, 4, 10, 11, 21, 31, 40, 44, 56, 61, 63, 70] - 4068, [1, 4, 10, 11, 21, 31, 40, 44, 56, 61, 63, 70] - 4068, [1, 4, 10, 11, 21, 31, 40, 44, 56, 61, 63, 70] - 4068, [1, 4, 10, 11, 21, 31, 40, 44, 56, 61, 63, 70] - 4068, [1, 4, 10, 11, 21, 31, 40, 44, 56, 61, 63, 70] - 4068]
melhor indiv??duo da gera????o:[1, 4, 10, 11, 21, 31, 40, 44, 56, 61, 63, 70] - 4068
gera????o: 56: 
[[1, 4, 10, 11, 21, 31, 40, 44, 56, 61, 63, 70] - 4068, [1, 4, 10, 11, 21, 31, 40, 44, 56, 61, 63, 70] - 4068, [1, 4, 10, 11, 21, 31, 40, 44, 56, 61, 63, 70] - 4068, [1, 4, 10, 11, 21, 31, 40, 44, 56, 61, 63, 70] - 4068, [1, 4, 10, 11, 21, 31, 40, 44, 56, 61, 63, 70] - 4068, [1, 4, 10, 11, 21, 31, 40, 44, 56, 61, 63, 70] - 4068, [1, 4, 10, 11, 21, 31, 40, 44, 56, 61, 63, 70] - 4068, [1, 4, 10, 11, 21, 31, 40, 44, 56, 61, 63, 70] - 4068, [1, 4, 10, 11, 21, 31, 40, 44, 56, 61, 63, 70] - 4068]
melhor indiv??duo da gera????o:[1, 4, 10, 11, 21, 31, 40, 44, 56, 61, 63, 70] - 4068
gera????o: 57: 
[[1, 4, 10, 11, 21, 31, 40, 44, 56, 61, 63, 70] - 4068, [1, 4, 10, 11, 21, 31, 40, 44, 56, 61, 63, 70] - 4068, [1, 4, 10, 11, 21, 31, 40, 44, 56, 61, 63, 70] - 4068, [1, 4, 10, 11, 21, 31, 40, 44, 56, 61, 63, 70] - 4068, [1, 4, 10, 11, 21, 31, 40, 44, 56, 61, 63, 70] - 4068, [1, 4, 10, 11, 21, 31, 40, 44, 56, 61, 63, 70] - 4068, [1, 4, 10, 11, 21, 31, 40, 44, 56, 61, 63, 70] - 4068, [1, 4, 10, 11, 21, 31, 40, 44, 56, 61, 63, 70] - 4068, [1, 4, 10, 11, 21, 31, 40, 44, 56, 61, 63, 70] - 4068]
melhor indiv??duo da gera????o:[1, 4, 10, 11, 21, 31, 40, 44, 56, 61, 63, 70] - 4068
gera????o: 58: 
[[1, 4, 10, 11, 21, 31, 40, 44, 56, 61, 63, 70] - 4068, [1, 4, 10, 11, 21, 31, 40, 44, 56, 61, 63, 70] - 4068, [1, 4, 10, 11, 21, 31, 40, 44, 56, 61, 63, 70] - 4068, [1, 4, 10, 11, 21, 31, 40, 44, 56, 61, 63, 70] - 4068, [1, 4, 10, 11, 21, 31, 40, 44, 56, 61, 63, 70] - 4068, [1, 4, 10, 11, 21, 31, 40, 44, 56, 61, 63, 70] - 4068, [1, 4, 10, 11, 21, 31, 40, 44, 56, 61, 63, 70] - 4068, [1, 4, 10, 11, 21, 31, 40, 44, 56, 61, 63, 70] - 4068, [1, 4, 10, 11, 21, 31, 40, 44, 56, 61, 63, 70] - 4068]
melhor indiv??duo da gera????o:[1, 4, 10, 11, 21, 31, 40, 44, 56, 61, 63, 70] - 4068
gera????o: 59: 
[[1, 4, 10, 11, 21, 31, 40, 44, 56, 61, 63, 70] - 4068, [1, 4, 10, 11, 21, 31, 40, 44, 56, 61, 63, 70] - 4068, [1, 4, 10, 11, 21, 31, 40, 44, 56, 61, 63, 70] - 4068, [1, 4, 10, 11, 21, 31, 40, 44, 56, 61, 63, 70] - 4068, [1, 4, 10, 11, 21, 31, 40, 44, 56, 61, 63, 70] - 4068, [1, 4, 10, 11, 21, 31, 40, 44, 56, 61, 63, 70] - 4068, [1, 4, 10, 11, 21, 31, 40, 44, 56, 61, 63, 70] - 4068, [1, 4, 10, 11, 21, 31, 40, 44, 56, 61, 63, 70] - 4068, [1, 4, 10, 11, 21, 31, 40, 44, 56, 61, 63, 70] - 4068]
melhor indiv??duo da gera????o:[1, 4, 10, 11, 21, 31, 40, 44, 56, 61, 63, 70] - 4068
gera????o: 60: 
[[1, 4, 10, 11, 21, 31, 40, 44, 56, 61, 63, 70] - 4068, [1, 4, 10, 11, 21, 31, 40, 44, 56, 61, 63, 70] - 4068, [1, 4, 10, 11, 21, 31, 40, 44, 56, 61, 63, 70] - 4068, [1, 4, 10, 11, 21, 31, 40, 44, 56, 61, 63, 70] - 4068, [1, 4, 10, 11, 21, 31, 40, 44, 56, 61, 63, 70] - 4068, [1, 4, 10, 11, 21, 31, 40, 44, 56, 61, 63, 70] - 4068, [1, 4, 10, 11, 21, 31, 40, 44, 56, 61, 63, 70] - 4068, [1, 4, 10, 11, 21, 31, 40, 44, 56, 61, 63, 70] - 4068, [1, 4, 10, 11, 21, 31, 40, 44, 56, 61, 63, 70] - 4068]
melhor indiv??duo da gera????o:[1, 4, 10, 11, 21, 31, 40, 44, 56, 61, 63, 70] - 4068
gera????o: 61: 
[[1, 4, 10, 11, 21, 31, 40, 44, 56, 61, 63, 70] - 4068, [1, 4, 10, 11, 21, 31, 40, 44, 56, 61, 63, 70] - 4068, [1, 4, 10, 11, 21, 31, 40, 44, 56, 61, 63, 70] - 4068, [1, 4, 10, 11, 21, 31, 40, 44, 56, 61, 63, 70] - 4068, [1, 4, 10, 11, 21, 31, 40, 44, 56, 61, 63, 70] - 4068, [1, 4, 10, 11, 21, 31, 40, 44, 56, 61, 63, 70] - 4068, [1, 4, 10, 11, 21, 31, 40, 44, 56, 61, 63, 70] - 4068, [1, 4, 10, 11, 21, 31, 40, 44, 56, 61, 63, 70] - 4068, [1, 4, 10, 11, 21, 31, 40, 44, 56, 61, 63, 70] - 4068]
melhor indiv??duo da gera????o:[1, 4, 10, 11, 21, 31, 40, 44, 56, 61, 63, 70] - 4068
gera????o: 62: 
[[1, 4, 10, 11, 21, 31, 40, 44, 56, 61, 63, 70] - 4068, [1, 4, 10, 11, 21, 31, 40, 44, 56, 61, 63, 70] - 4068, [1, 4, 10, 11, 21, 31, 40, 44, 56, 61, 63, 70] - 4068, [1, 4, 10, 11, 21, 31, 40, 44, 56, 61, 63, 70] - 4068, [1, 4, 10, 11, 21, 31, 40, 44, 56, 61, 63, 70] - 4068, [1, 4, 10, 11, 21, 31, 40, 44, 56, 61, 63, 70] - 4068, [1, 4, 10, 11, 21, 31, 40, 44, 56, 61, 63, 70] - 4068, [1, 4, 10, 11, 21, 31, 40, 44, 56, 61, 63, 70] - 4068, [1, 4, 10, 11, 21, 31, 40, 44, 56, 61, 63, 70] - 4068]
melhor indiv??duo da gera????o:[1, 4, 10, 11, 21, 31, 40, 44, 56, 61, 63, 70] - 4068
gera????o: 63: 
[[1, 4, 10, 11, 21, 31, 40, 44, 56, 61, 63, 70] - 4068, [1, 4, 10, 11, 21, 31, 40, 44, 56, 61, 63, 70] - 4068, [1, 4, 10, 11, 21, 31, 40, 44, 56, 61, 63, 70] - 4068, [1, 4, 10, 11, 21, 31, 40, 44, 56, 61, 63, 70] - 4068, [1, 4, 10, 11, 21, 31, 40, 44, 56, 61, 63, 70] - 4068, [1, 4, 10, 11, 21, 31, 40, 44, 56, 61, 63, 70] - 4068, [1, 4, 10, 11, 21, 31, 40, 44, 56, 61, 63, 70] - 4068, [1, 4, 10, 11, 21, 31, 40, 44, 56, 61, 63, 70] - 4068, [1, 4, 10, 11, 21, 31, 40, 44, 56, 61, 63, 70] - 4068]
melhor indiv??duo da gera????o:[1, 4, 10, 11, 21, 31, 40, 44, 56, 61, 63, 70] - 4068
gera????o: 64: 
[[1, 4, 10, 11, 21, 31, 40, 44, 56, 61, 63, 70] - 4068, [1, 4, 10, 11, 21, 31, 40, 44, 56, 61, 63, 70] - 4068, [1, 4, 10, 11, 21, 31, 40, 44, 56, 61, 63, 70] - 4068, [1, 4, 10, 11, 21, 31, 40, 44, 56, 61, 63, 70] - 4068, [1, 4, 10, 11, 21, 31, 40, 44, 56, 61, 63, 70] - 4068, [1, 4, 10, 11, 21, 31, 40, 44, 56, 61, 63, 70] - 4068, [1, 4, 10, 11, 21, 31, 40, 44, 56, 61, 63, 70] - 4068, [1, 4, 10, 11, 21, 31, 40, 44, 56, 61, 63, 70] - 4068, [1, 4, 10, 11, 21, 31, 40, 44, 56, 61, 63, 70] - 4068]
melhor indiv??duo da gera????o:[1, 4, 10, 11, 21, 31, 40, 44, 56, 61, 63, 70] - 4068
gera????o: 65: 
[[1, 4, 10, 11, 21, 31, 40, 44, 56, 61, 63, 70] - 4068, [1, 4, 10, 11, 21, 31, 40, 44, 56, 61, 63, 70] - 4068, [1, 4, 10, 11, 21, 31, 40, 44, 56, 61, 63, 70] - 4068, [1, 4, 10, 11, 21, 31, 40, 44, 56, 61, 63, 70] - 4068, [1, 4, 10, 11, 21, 31, 40, 44, 56, 61, 63, 70] - 4068, [1, 4, 10, 11, 21, 31, 40, 44, 56, 61, 63, 70] - 4068, [1, 4, 10, 11, 21, 31, 40, 44, 56, 61, 63, 70] - 4068, [1, 4, 10, 11, 21, 31, 40, 44, 56, 61, 63, 70] - 4068, [1, 4, 10, 11, 21, 31, 40, 44, 56, 61, 63, 70] - 4068]
melhor indiv??duo da gera????o:[1, 4, 10, 11, 21, 31, 40, 44, 56, 61, 63, 70] - 4068
gera????o: 66: 
[[1, 4, 10, 11, 21, 31, 40, 44, 56, 61, 63, 70] - 4068, [1, 4, 10, 11, 21, 31, 40, 44, 56, 61, 63, 70] - 4068, [1, 4, 10, 11, 21, 31, 40, 44, 56, 61, 63, 70] - 4068, [1, 4, 10, 11, 21, 31, 40, 44, 56, 61, 63, 70] - 4068, [1, 4, 10, 11, 21, 31, 40, 44, 56, 61, 63, 70] - 4068, [1, 4, 10, 11, 21, 31, 40, 44, 56, 61, 63, 70] - 4068, [1, 4, 10, 11, 21, 31, 40, 44, 56, 61, 63, 70] - 4068, [1, 4, 10, 11, 21, 31, 40, 44, 56, 61, 63, 70] - 4068, [1, 4, 10, 11, 21, 31, 40, 44, 56, 61, 63, 70] - 4068]
melhor indiv??duo da gera????o:[1, 4, 10, 11, 21, 31, 40, 44, 56, 61, 63, 70] - 4068
gera????o: 67: 
[[1, 4, 10, 11, 21, 31, 40, 44, 56, 61, 63, 70] - 4068, [1, 4, 10, 11, 21, 31, 40, 44, 56, 61, 63, 70] - 4068, [1, 4, 10, 11, 21, 31, 40, 44, 56, 61, 63, 70] - 4068, [1, 4, 10, 11, 21, 31, 40, 44, 56, 61, 63, 70] - 4068, [1, 4, 10, 11, 21, 31, 40, 44, 56, 61, 63, 70] - 4068, [1, 4, 10, 11, 21, 31, 40, 44, 56, 61, 63, 70] - 4068, [1, 4, 10, 11, 21, 31, 40, 44, 56, 61, 63, 70] - 4068, [1, 4, 10, 11, 21, 31, 40, 44, 56, 61, 63, 70] - 4068, [1, 4, 10, 11, 21, 31, 40, 44, 56, 61, 63, 70] - 4068]
melhor indiv??duo da gera????o:[1, 4, 10, 11, 21, 31, 40, 44, 56, 61, 63, 70] - 4068
gera????o: 68: 
[[1, 4, 10, 11, 21, 31, 40, 44, 56, 61, 63, 70] - 4068, [1, 4, 10, 11, 21, 31, 40, 44, 56, 61, 63, 70] - 4068, [1, 4, 10, 11, 21, 31, 40, 44, 56, 61, 63, 70] - 4068, [1, 4, 10, 11, 21, 31, 40, 44, 56, 61, 63, 70] - 4068, [1, 4, 10, 11, 21, 31, 40, 44, 56, 61, 63, 70] - 4068, [1, 4, 10, 11, 21, 31, 40, 44, 56, 61, 63, 70] - 4068, [1, 4, 10, 11, 21, 31, 40, 44, 56, 61, 63, 70] - 4068, [1, 4, 10, 11, 21, 31, 40, 44, 56, 61, 63, 70] - 4068, [1, 4, 10, 11, 21, 31, 40, 44, 56, 61, 63, 70] - 4068]
melhor indiv??duo da gera????o:[1, 4, 10, 11, 21, 31, 40, 44, 56, 61, 63, 70] - 4068
gera????o: 69: 
[[1, 4, 10, 11, 21, 31, 40, 44, 56, 61, 63, 70] - 4068, [1, 4, 10, 11, 21, 31, 40, 44, 56, 61, 63, 70] - 4068, [1, 4, 10, 11, 21, 31, 40, 44, 56, 61, 63, 70] - 4068, [1, 4, 10, 11, 21, 31, 40, 44, 56, 61, 63, 70] - 4068, [1, 4, 10, 11, 21, 31, 40, 44, 56, 61, 63, 70] - 4068, [1, 4, 10, 11, 21, 31, 40, 44, 56, 61, 63, 70] - 4068, [1, 4, 10, 11, 21, 31, 40, 44, 56, 61, 63, 70] - 4068, [1, 4, 10, 11, 21, 31, 40, 44, 56, 61, 63, 70] - 4068, [1, 4, 10, 11, 21, 31, 40, 44, 56, 61, 63, 70] - 4068]
melhor indiv??duo da gera????o:[1, 4, 10, 11, 21, 31, 40, 44, 56, 61, 63, 70] - 4068
gera????o: 70: 
[[1, 4, 10, 11, 21, 31, 40, 44, 56, 61, 63, 70] - 4068, [1, 4, 10, 11, 21, 31, 40, 44, 56, 61, 63, 70] - 4068, [1, 4, 10, 11, 21, 31, 40, 44, 56, 61, 63, 70] - 4068, [1, 4, 10, 11, 21, 31, 40, 44, 56, 61, 63, 70] - 4068, [1, 4, 10, 11, 21, 31, 40, 44, 56, 61, 63, 70] - 4068, [1, 4, 10, 11, 21, 31, 40, 44, 56, 61, 63, 70] - 4068, [1, 4, 10, 11, 21, 31, 40, 44, 56, 61, 63, 70] - 4068, [1, 4, 10, 11, 21, 31, 40, 44, 56, 61, 63, 70] - 4068, [1, 4, 10, 11, 21, 31, 40, 44, 56, 61, 63, 70] - 4068]
melhor indiv??duo da gera????o:[1, 4, 10, 11, 21, 31, 40, 44, 56, 61, 63, 70] - 4068
gera????o: 71: 
[[1, 4, 10, 11, 21, 31, 40, 44, 56, 61, 63, 70] - 4068, [1, 4, 10, 11, 21, 31, 40, 44, 56, 61, 63, 70] - 4068, [1, 4, 10, 11, 21, 31, 40, 44, 56, 61, 63, 70] - 4068, [1, 4, 10, 11, 21, 31, 40, 44, 56, 61, 63, 70] - 4068, [1, 4, 10, 11, 21, 31, 40, 44, 56, 61, 63, 70] - 4068, [1, 4, 10, 11, 21, 31, 40, 44, 56, 61, 63, 70] - 4068, [1, 4, 10, 11, 21, 31, 40, 44, 56, 61, 63, 70] - 4068, [1, 4, 10, 11, 21, 31, 40, 44, 56, 61, 63, 70] - 4068, [1, 4, 10, 11, 21, 31, 40, 44, 56, 61, 63, 70] - 4068]
melhor indiv??duo da gera????o:[1, 4, 10, 11, 21, 31, 40, 44, 56, 61, 63, 70] - 4068
gera????o: 72: 
[[1, 4, 10, 11, 21, 31, 40, 44, 56, 61, 63, 70] - 4068, [1, 4, 10, 11, 21, 31, 40, 44, 56, 61, 63, 70] - 4068, [1, 4, 10, 11, 21, 31, 40, 44, 56, 61, 63, 70] - 4068, [1, 4, 10, 11, 21, 31, 40, 44, 56, 61, 63, 70] - 4068, [1, 4, 10, 11, 21, 31, 40, 44, 56, 61, 63, 70] - 4068, [1, 4, 10, 11, 21, 31, 40, 44, 56, 61, 63, 70] - 4068, [1, 4, 10, 11, 21, 31, 40, 44, 56, 61, 63, 70] - 4068, [1, 4, 10, 11, 21, 31, 40, 44, 56, 61, 63, 70] - 4068, [1, 4, 10, 11, 21, 31, 40, 44, 56, 61, 63, 70] - 4068]
melhor indiv??duo da gera????o:[1, 4, 10, 11, 21, 31, 40, 44, 56, 61, 63, 70] - 4068
gera????o: 73: 
[[1, 4, 10, 11, 21, 31, 40, 44, 56, 61, 63, 70] - 4068, [1, 4, 10, 11, 21, 31, 40, 44, 56, 61, 63, 70] - 4068, [1, 4, 10, 11, 21, 31, 40, 44, 56, 61, 63, 70] - 4068, [1, 4, 10, 11, 21, 31, 40, 44, 56, 61, 63, 70] - 4068, [1, 4, 10, 11, 21, 31, 40, 44, 56, 61, 63, 70] - 4068, [1, 4, 10, 11, 21, 31, 40, 44, 56, 61, 63, 70] - 4068, [1, 4, 10, 11, 21, 31, 40, 44, 56, 61, 63, 70] - 4068, [1, 4, 10, 11, 21, 31, 40, 44, 56, 61, 63, 70] - 4068, [1, 4, 10, 11, 21, 31, 40, 44, 56, 61, 63, 70] - 4068]
melhor indiv??duo da gera????o:[1, 4, 10, 11, 21, 31, 40, 44, 56, 61, 63, 70] - 4068
gera????o: 74: 
[[1, 4, 10, 11, 21, 31, 40, 44, 56, 61, 63, 70] - 4068, [1, 4, 10, 11, 21, 31, 40, 44, 56, 61, 63, 70] - 4068, [1, 4, 10, 11, 21, 31, 40, 44, 56, 61, 63, 70] - 4068, [1, 4, 10, 11, 21, 31, 40, 44, 56, 61, 63, 70] - 4068, [1, 4, 10, 11, 21, 31, 40, 44, 56, 61, 63, 70] - 4068, [1, 4, 10, 11, 21, 31, 40, 44, 56, 61, 63, 70] - 4068, [1, 4, 10, 11, 21, 31, 40, 44, 56, 61, 63, 70] - 4068, [1, 4, 10, 11, 21, 31, 40, 44, 56, 61, 63, 70] - 4068, [1, 4, 10, 11, 21, 31, 40, 44, 56, 61, 63, 70] - 4068]
melhor indiv??duo da gera????o:[1, 4, 10, 11, 21, 31, 40, 44, 56, 61, 63, 70] - 4068
gera????o: 75: 
[[1, 4, 10, 11, 21, 31, 40, 44, 56, 61, 63, 70] - 4068, [1, 4, 10, 11, 21, 31, 40, 44, 56, 61, 63, 70] - 4068, [1, 4, 10, 11, 21, 31, 40, 44, 56, 61, 63, 70] - 4068, [1, 4, 10, 11, 21, 31, 40, 44, 56, 61, 63, 70] - 4068, [1, 4, 10, 11, 21, 31, 40, 44, 56, 61, 63, 70] - 4068, [1, 4, 10, 11, 21, 31, 40, 44, 56, 61, 63, 70] - 4068, [1, 4, 10, 11, 21, 31, 40, 44, 56, 61, 63, 70] - 4068, [1, 4, 10, 11, 21, 31, 40, 44, 56, 61, 63, 70] - 4068, [1, 4, 10, 11, 21, 31, 40, 44, 56, 61, 63, 70] - 4068]
melhor indiv??duo da gera????o:[1, 4, 10, 11, 21, 31, 40, 44, 56, 61, 63, 70] - 4068
gera????o: 76: 
[[1, 4, 10, 11, 21, 31, 40, 44, 56, 61, 63, 70] - 4068, [1, 4, 10, 11, 21, 31, 40, 44, 56, 61, 63, 70] - 4068, [1, 4, 10, 11, 21, 31, 40, 44, 56, 61, 63, 70] - 4068, [1, 4, 10, 11, 21, 31, 40, 44, 56, 61, 63, 70] - 4068, [1, 4, 10, 11, 21, 31, 40, 44, 56, 61, 63, 70] - 4068, [1, 4, 10, 11, 21, 31, 40, 44, 56, 61, 63, 70] - 4068, [1, 4, 10, 11, 21, 31, 40, 44, 56, 61, 63, 70] - 4068, [1, 4, 10, 11, 21, 31, 40, 44, 56, 61, 63, 70] - 4068, [1, 4, 10, 11, 21, 31, 40, 44, 56, 61, 63, 70] - 4068]
melhor indiv??duo da gera????o:[1, 4, 10, 11, 21, 31, 40, 44, 56, 61, 63, 70] - 4068
gera????o: 77: 
[[1, 4, 10, 11, 21, 31, 40, 44, 56, 61, 63, 70] - 4068, [1, 4, 10, 11, 21, 31, 40, 44, 56, 61, 63, 70] - 4068, [1, 4, 10, 11, 21, 31, 40, 44, 56, 61, 63, 70] - 4068, [1, 4, 10, 11, 21, 31, 40, 44, 56, 61, 63, 70] - 4068, [1, 4, 10, 11, 21, 31, 40, 44, 56, 61, 63, 70] - 4068, [1, 4, 10, 11, 21, 31, 40, 44, 56, 61, 63, 70] - 4068, [1, 4, 10, 11, 21, 31, 40, 44, 56, 61, 63, 70] - 4068, [1, 4, 10, 11, 21, 31, 40, 44, 56, 61, 63, 70] - 4068, [1, 4, 10, 11, 21, 31, 40, 44, 56, 61, 63, 70] - 4068]
melhor indiv??duo da gera????o:[1, 4, 10, 11, 21, 31, 40, 44, 56, 61, 63, 70] - 4068
gera????o: 78: 
[[1, 4, 10, 11, 21, 31, 40, 44, 56, 61, 63, 70] - 4068, [1, 4, 10, 11, 21, 31, 40, 44, 56, 61, 63, 70] - 4068, [1, 4, 10, 11, 21, 31, 40, 44, 56, 61, 63, 70] - 4068, [1, 4, 10, 11, 21, 31, 40, 44, 56, 61, 63, 70] - 4068, [1, 4, 10, 11, 21, 31, 40, 44, 56, 61, 63, 70] - 4068, [1, 4, 10, 11, 21, 31, 40, 44, 56, 61, 63, 70] - 4068, [1, 4, 10, 11, 21, 31, 40, 44, 56, 61, 63, 70] - 4068, [1, 4, 10, 11, 21, 31, 40, 44, 56, 61, 63, 70] - 4068, [1, 4, 10, 11, 21, 31, 40, 44, 56, 61, 63, 70] - 4068]
melhor indiv??duo da gera????o:[1, 4, 10, 11, 21, 31, 40, 44, 56, 61, 63, 70] - 4068
gera????o: 79: 
[[1, 4, 10, 11, 21, 31, 40, 44, 56, 61, 63, 70] - 4068, [1, 4, 10, 11, 21, 31, 40, 44, 56, 61, 63, 70] - 4068, [1, 4, 10, 11, 21, 31, 40, 44, 56, 61, 63, 70] - 4068, [1, 4, 10, 11, 21, 31, 40, 44, 56, 61, 63, 70] - 4068, [1, 4, 10, 11, 21, 31, 40, 44, 56, 61, 63, 70] - 4068, [1, 4, 10, 11, 21, 31, 40, 44, 56, 61, 63, 70] - 4068, [1, 4, 10, 11, 21, 31, 40, 44, 56, 61, 63, 70] - 4068, [1, 4, 10, 11, 21, 31, 40, 44, 56, 61, 63, 70] - 4068, [1, 4, 10, 11, 21, 31, 40, 44, 56, 61, 63, 70] - 4068]
melhor indiv??duo da gera????o:[1, 4, 10, 11, 21, 31, 40, 44, 56, 61, 63, 70] - 4068
gera????o: 80: 
[[1, 4, 10, 11, 21, 31, 40, 44, 56, 61, 63, 70] - 4068, [1, 4, 10, 11, 21, 31, 40, 44, 56, 61, 63, 70] - 4068, [1, 4, 10, 11, 21, 31, 40, 44, 56, 61, 63, 70] - 4068, [1, 4, 10, 11, 21, 31, 40, 44, 56, 61, 63, 70] - 4068, [1, 4, 10, 11, 21, 31, 40, 44, 56, 61, 63, 70] - 4068, [1, 4, 10, 11, 21, 31, 40, 44, 56, 61, 63, 70] - 4068, [1, 4, 10, 11, 21, 31, 40, 44, 56, 61, 63, 70] - 4068, [1, 4, 10, 11, 21, 31, 40, 44, 56, 61, 63, 70] - 4068, [1, 4, 10, 11, 21, 31, 40, 44, 56, 61, 63, 70] - 4068]
melhor indiv??duo da gera????o:[1, 4, 10, 11, 21, 31, 40, 44, 56, 61, 63, 70] - 4068
gera????o: 81: 
[[1, 4, 10, 11, 21, 31, 40, 44, 56, 61, 63, 70] - 4068, [1, 4, 10, 11, 21, 31, 40, 44, 56, 61, 63, 70] - 4068, [1, 4, 10, 11, 21, 31, 40, 44, 56, 61, 63, 70] - 4068, [1, 4, 10, 11, 21, 31, 40, 44, 56, 61, 63, 70] - 4068, [1, 4, 10, 11, 21, 31, 40, 44, 56, 61, 63, 70] - 4068, [1, 4, 10, 11, 21, 31, 40, 44, 56, 61, 63, 70] - 4068, [1, 4, 10, 11, 21, 31, 40, 44, 56, 61, 63, 70] - 4068, [1, 4, 10, 11, 21, 31, 40, 44, 56, 61, 63, 70] - 4068, [1, 4, 10, 11, 21, 31, 40, 44, 56, 61, 63, 70] - 4068]
melhor indiv??duo da gera????o:[1, 4, 10, 11, 21, 31, 40, 44, 56, 61, 63, 70] - 4068
gera????o: 82: 
[[1, 4, 10, 11, 21, 31, 40, 44, 56, 61, 63, 70] - 4068, [1, 4, 10, 11, 21, 31, 40, 44, 56, 61, 63, 70] - 4068, [1, 4, 10, 11, 21, 31, 40, 44, 56, 61, 63, 70] - 4068, [1, 4, 10, 11, 21, 31, 40, 44, 56, 61, 63, 70] - 4068, [1, 4, 10, 11, 21, 31, 40, 44, 56, 61, 63, 70] - 4068, [1, 4, 10, 11, 21, 31, 40, 44, 56, 61, 63, 70] - 4068, [1, 4, 10, 11, 21, 31, 40, 44, 56, 61, 63, 70] - 4068, [1, 4, 10, 11, 21, 31, 40, 44, 56, 61, 63, 70] - 4068, [1, 4, 10, 11, 21, 31, 40, 44, 56, 61, 63, 70] - 4068]
melhor indiv??duo da gera????o:[1, 4, 10, 11, 21, 31, 40, 44, 56, 61, 63, 70] - 4068
gera????o: 83: 
[[1, 4, 10, 11, 21, 31, 40, 44, 56, 61, 63, 70] - 4068, [1, 4, 10, 11, 21, 31, 40, 44, 56, 61, 63, 70] - 4068, [1, 4, 10, 11, 21, 31, 40, 44, 56, 61, 63, 70] - 4068, [1, 4, 10, 11, 21, 31, 40, 44, 56, 61, 63, 70] - 4068, [1, 4, 10, 11, 21, 31, 40, 44, 56, 61, 63, 70] - 4068, [1, 4, 10, 11, 21, 31, 40, 44, 56, 61, 63, 70] - 4068, [1, 4, 10, 11, 21, 31, 40, 44, 56, 61, 63, 70] - 4068, [1, 4, 10, 11, 21, 31, 40, 44, 56, 61, 63, 70] - 4068, [1, 4, 10, 11, 21, 31, 40, 44, 56, 61, 63, 70] - 4068]
melhor indiv??duo da gera????o:[1, 4, 10, 11, 21, 31, 40, 44, 56, 61, 63, 70] - 4068
gera????o: 84: 
[[1, 4, 10, 11, 21, 31, 40, 44, 56, 61, 63, 70] - 4068, [1, 4, 10, 11, 21, 31, 40, 44, 56, 61, 63, 70] - 4068, [1, 4, 10, 11, 21, 31, 40, 44, 56, 61, 63, 70] - 4068, [1, 4, 10, 11, 21, 31, 40, 44, 56, 61, 63, 70] - 4068, [1, 4, 10, 11, 21, 31, 40, 44, 56, 61, 63, 70] - 4068, [1, 4, 10, 11, 21, 31, 40, 44, 56, 61, 63, 70] - 4068, [1, 4, 10, 11, 21, 31, 40, 44, 56, 61, 63, 70] - 4068, [1, 4, 10, 11, 21, 31, 40, 44, 56, 61, 63, 70] - 4068, [1, 4, 10, 11, 21, 31, 40, 44, 56, 61, 63, 70] - 4068]
melhor indiv??duo da gera????o:[1, 4, 10, 11, 21, 31, 40, 44, 56, 61, 63, 70] - 4068
gera????o: 85: 
[[1, 4, 10, 11, 21, 31, 40, 44, 56, 61, 63, 70] - 4068, [1, 4, 10, 11, 21, 31, 40, 44, 56, 61, 63, 70] - 4068, [1, 4, 10, 11, 21, 31, 40, 44, 56, 61, 63, 70] - 4068, [1, 4, 10, 11, 21, 31, 40, 44, 56, 61, 63, 70] - 4068, [1, 4, 10, 11, 21, 31, 40, 44, 56, 61, 63, 70] - 4068, [1, 4, 10, 11, 21, 31, 40, 44, 56, 61, 63, 70] - 4068, [1, 4, 10, 11, 21, 31, 40, 44, 56, 61, 63, 70] - 4068, [1, 4, 10, 11, 21, 31, 40, 44, 56, 61, 63, 70] - 4068, [1, 4, 10, 11, 21, 31, 40, 44, 56, 61, 63, 70] - 4068]
melhor indiv??duo da gera????o:[1, 4, 10, 11, 21, 31, 40, 44, 56, 61, 63, 70] - 4068
gera????o: 86: 
[[1, 4, 10, 11, 21, 31, 40, 44, 56, 61, 63, 70] - 4068, [1, 4, 10, 11, 21, 31, 40, 44, 56, 61, 63, 70] - 4068, [1, 4, 10, 11, 21, 31, 40, 44, 56, 61, 63, 70] - 4068, [1, 4, 10, 11, 21, 31, 40, 44, 56, 61, 63, 70] - 4068, [1, 4, 10, 11, 21, 31, 40, 44, 56, 61, 63, 70] - 4068, [1, 4, 10, 11, 21, 31, 40, 44, 56, 61, 63, 70] - 4068, [1, 4, 10, 11, 21, 31, 40, 44, 56, 61, 63, 70] - 4068, [1, 4, 10, 11, 21, 31, 40, 44, 56, 61, 63, 70] - 4068, [1, 4, 10, 11, 21, 31, 40, 44, 56, 61, 63, 70] - 4068]
melhor indiv??duo da gera????o:[1, 4, 10, 11, 21, 31, 40, 44, 56, 61, 63, 70] - 4068
gera????o: 87: 
[[1, 4, 10, 11, 21, 31, 40, 44, 56, 61, 63, 70] - 4068, [1, 4, 10, 11, 21, 31, 40, 44, 56, 61, 63, 70] - 4068, [1, 4, 10, 11, 21, 31, 40, 44, 56, 61, 63, 70] - 4068, [1, 4, 10, 11, 21, 31, 40, 44, 56, 61, 63, 70] - 4068, [1, 4, 10, 11, 21, 31, 40, 44, 56, 61, 63, 70] - 4068, [1, 4, 10, 11, 21, 31, 40, 44, 56, 61, 63, 70] - 4068, [1, 4, 10, 11, 21, 31, 40, 44, 56, 61, 63, 70] - 4068, [1, 4, 10, 11, 21, 31, 40, 44, 56, 61, 63, 70] - 4068, [1, 4, 10, 11, 21, 31, 40, 44, 56, 61, 63, 70] - 4068]
melhor indiv??duo da gera????o:[1, 4, 10, 11, 21, 31, 40, 44, 56, 61, 63, 70] - 4068
gera????o: 88: 
[[1, 4, 10, 11, 21, 31, 40, 44, 56, 61, 63, 70] - 4068, [1, 4, 10, 11, 21, 31, 40, 44, 56, 61, 63, 70] - 4068, [1, 4, 10, 11, 21, 31, 40, 44, 56, 61, 63, 70] - 4068, [1, 4, 10, 11, 21, 31, 40, 44, 56, 61, 63, 70] - 4068, [1, 4, 10, 11, 21, 31, 40, 44, 56, 61, 63, 70] - 4068, [1, 4, 10, 11, 21, 31, 40, 44, 56, 61, 63, 70] - 4068, [1, 4, 10, 11, 21, 31, 40, 44, 56, 61, 63, 70] - 4068, [1, 4, 10, 11, 21, 31, 40, 44, 56, 61, 63, 70] - 4068, [1, 4, 10, 11, 21, 31, 40, 44, 56, 61, 63, 70] - 4068]
melhor indiv??duo da gera????o:[1, 4, 10, 11, 21, 31, 40, 44, 56, 61, 63, 70] - 4068
gera????o: 89: 
[[1, 4, 10, 11, 21, 31, 40, 44, 56, 61, 63, 70] - 4068, [1, 4, 10, 11, 21, 31, 40, 44, 56, 61, 63, 70] - 4068, [1, 4, 10, 11, 21, 31, 40, 44, 56, 61, 63, 70] - 4068, [1, 4, 10, 11, 21, 31, 40, 44, 56, 61, 63, 70] - 4068, [1, 4, 10, 11, 21, 31, 40, 44, 56, 61, 63, 70] - 4068, [1, 4, 10, 11, 21, 31, 40, 44, 56, 61, 63, 70] - 4068, [1, 4, 10, 11, 21, 31, 40, 44, 56, 61, 63, 70] - 4068, [1, 4, 10, 11, 21, 31, 40, 44, 56, 61, 63, 70] - 4068, [1, 4, 10, 11, 21, 31, 40, 44, 56, 61, 63, 70] - 4068]
melhor indiv??duo da gera????o:[1, 4, 10, 11, 21, 31, 40, 44, 56, 61, 63, 70] - 4068
gera????o: 90: 
[[1, 4, 10, 11, 21, 31, 40, 44, 56, 61, 63, 70] - 4068, [1, 4, 10, 11, 21, 31, 40, 44, 56, 61, 63, 70] - 4068, [1, 4, 10, 11, 21, 31, 40, 44, 56, 61, 63, 70] - 4068, [1, 4, 10, 11, 21, 31, 40, 44, 56, 61, 63, 70] - 4068, [1, 4, 10, 11, 21, 31, 40, 44, 56, 61, 63, 70] - 4068, [1, 4, 10, 11, 21, 31, 40, 44, 56, 61, 63, 70] - 4068, [1, 4, 10, 11, 21, 31, 40, 44, 56, 61, 63, 70] - 4068, [1, 4, 10, 11, 21, 31, 40, 44, 56, 61, 63, 70] - 4068, [1, 4, 10, 11, 21, 31, 40, 44, 56, 61, 63, 70] - 4068]
melhor indiv??duo da gera????o:[1, 4, 10, 11, 21, 31, 40, 44, 56, 61, 63, 70] - 4068
gera????o: 91: 
[[1, 4, 10, 11, 21, 31, 40, 44, 56, 61, 63, 70] - 4068, [1, 4, 10, 11, 21, 31, 40, 44, 56, 61, 63, 70] - 4068, [1, 4, 10, 11, 21, 31, 40, 44, 56, 61, 63, 70] - 4068, [1, 4, 10, 11, 21, 31, 40, 44, 56, 61, 63, 70] - 4068, [1, 4, 10, 11, 21, 31, 40, 44, 56, 61, 63, 70] - 4068, [1, 4, 10, 11, 21, 31, 40, 44, 56, 61, 63, 70] - 4068, [1, 4, 10, 11, 21, 31, 40, 44, 56, 61, 63, 70] - 4068, [1, 4, 10, 11, 21, 31, 40, 44, 56, 61, 63, 70] - 4068, [1, 4, 10, 11, 21, 31, 40, 44, 56, 61, 63, 70] - 4068]
melhor indiv??duo da gera????o:[1, 4, 10, 11, 21, 31, 40, 44, 56, 61, 63, 70] - 4068
gera????o: 92: 
[[1, 4, 10, 11, 21, 31, 40, 44, 56, 61, 63, 70] - 4068, [1, 4, 10, 11, 21, 31, 40, 44, 56, 61, 63, 70] - 4068, [1, 4, 10, 11, 21, 31, 40, 44, 56, 61, 63, 70] - 4068, [1, 4, 10, 11, 21, 31, 40, 44, 56, 61, 63, 70] - 4068, [1, 4, 10, 11, 21, 31, 40, 44, 56, 61, 63, 70] - 4068, [1, 4, 10, 11, 21, 31, 40, 44, 56, 61, 63, 70] - 4068, [1, 4, 10, 11, 21, 31, 40, 44, 56, 61, 63, 70] - 4068, [1, 4, 10, 11, 21, 31, 40, 44, 56, 61, 63, 70] - 4068, [1, 4, 10, 11, 21, 31, 40, 44, 56, 61, 63, 70] - 4068]
melhor indiv??duo da gera????o:[1, 4, 10, 11, 21, 31, 40, 44, 56, 61, 63, 70] - 4068
gera????o: 93: 
[[1, 4, 10, 11, 21, 31, 40, 44, 56, 61, 63, 70] - 4068, [1, 4, 10, 11, 21, 31, 40, 44, 56, 61, 63, 70] - 4068, [1, 4, 10, 11, 21, 31, 40, 44, 56, 61, 63, 70] - 4068, [1, 4, 10, 11, 21, 31, 40, 44, 56, 61, 63, 70] - 4068, [1, 4, 10, 11, 21, 31, 40, 44, 56, 61, 63, 70] - 4068, [1, 4, 10, 11, 21, 31, 40, 44, 56, 61, 63, 70] - 4068, [1, 4, 10, 11, 21, 31, 40, 44, 56, 61, 63, 70] - 4068, [1, 4, 10, 11, 21, 31, 40, 44, 56, 61, 63, 70] - 4068, [1, 4, 10, 11, 21, 31, 40, 44, 56, 61, 63, 70] - 4068]
melhor indiv??duo da gera????o:[1, 4, 10, 11, 21, 31, 40, 44, 56, 61, 63, 70] - 4068
gera????o: 94: 
[[1, 4, 10, 11, 21, 31, 40, 44, 56, 61, 63, 70] - 4068, [1, 4, 10, 11, 21, 31, 40, 44, 56, 61, 63, 70] - 4068, [1, 4, 10, 11, 21, 31, 40, 44, 56, 61, 63, 70] - 4068, [1, 4, 10, 11, 21, 31, 40, 44, 56, 61, 63, 70] - 4068, [1, 4, 10, 11, 21, 31, 40, 44, 56, 61, 63, 70] - 4068, [1, 4, 10, 11, 21, 31, 40, 44, 56, 61, 63, 70] - 4068, [1, 4, 10, 11, 21, 31, 40, 44, 56, 61, 63, 70] - 4068, [1, 4, 10, 11, 21, 31, 40, 44, 56, 61, 63, 70] - 4068, [1, 4, 10, 11, 21, 31, 40, 44, 56, 61, 63, 70] - 4068]
melhor indiv??duo da gera????o:[1, 4, 10, 11, 21, 31, 40, 44, 56, 61, 63, 70] - 4068
gera????o: 95: 
[[1, 4, 10, 11, 21, 31, 40, 44, 56, 61, 63, 70] - 4068, [1, 4, 10, 11, 21, 31, 40, 44, 56, 61, 63, 70] - 4068, [1, 4, 10, 11, 21, 31, 40, 44, 56, 61, 63, 70] - 4068, [1, 4, 10, 11, 21, 31, 40, 44, 56, 61, 63, 70] - 4068, [1, 4, 10, 11, 21, 31, 40, 44, 56, 61, 63, 70] - 4068, [1, 4, 10, 11, 21, 31, 40, 44, 56, 61, 63, 70] - 4068, [1, 4, 10, 11, 21, 31, 40, 44, 56, 61, 63, 70] - 4068, [1, 4, 10, 11, 21, 31, 40, 44, 56, 61, 63, 70] - 4068, [1, 4, 10, 11, 21, 31, 40, 44, 56, 61, 63, 70] - 4068]
melhor indiv??duo da gera????o:[1, 4, 10, 11, 21, 31, 40, 44, 56, 61, 63, 70] - 4068
gera????o: 96: 
[[1, 4, 10, 11, 21, 31, 40, 44, 56, 61, 63, 70] - 4068, [1, 4, 10, 11, 21, 31, 40, 44, 56, 61, 63, 70] - 4068, [1, 4, 10, 11, 21, 31, 40, 44, 56, 61, 63, 70] - 4068, [1, 4, 10, 11, 21, 31, 40, 44, 56, 61, 63, 70] - 4068, [1, 4, 10, 11, 21, 31, 40, 44, 56, 61, 63, 70] - 4068, [1, 4, 10, 11, 21, 31, 40, 44, 56, 61, 63, 70] - 4068, [1, 4, 10, 11, 21, 31, 40, 44, 56, 61, 63, 70] - 4068, [1, 4, 10, 11, 21, 31, 40, 44, 56, 61, 63, 70] - 4068, [1, 4, 10, 11, 21, 31, 40, 44, 56, 61, 63, 70] - 4068]
melhor indiv??duo da gera????o:[1, 4, 10, 11, 21, 31, 40, 44, 56, 61, 63, 70] - 4068
gera????o: 97: 
[[1, 4, 10, 11, 21, 31, 40, 44, 56, 61, 63, 70] - 4068, [1, 4, 10, 11, 21, 31, 40, 44, 56, 61, 63, 70] - 4068, [1, 4, 10, 11, 21, 31, 40, 44, 56, 61, 63, 70] - 4068, [1, 4, 10, 11, 21, 31, 40, 44, 56, 61, 63, 70] - 4068, [1, 4, 10, 11, 21, 31, 40, 44, 56, 61, 63, 70] - 4068, [1, 4, 10, 11, 21, 31, 40, 44, 56, 61, 63, 70] - 4068, [1, 4, 10, 11, 21, 31, 40, 44, 56, 61, 63, 70] - 4068, [1, 4, 10, 11, 21, 31, 40, 44, 56, 61, 63, 70] - 4068, [1, 4, 10, 11, 21, 31, 40, 44, 56, 61, 63, 70] - 4068]
melhor indiv??duo da gera????o:[1, 4, 10, 11, 21, 31, 40, 44, 56, 61, 63, 70] - 4068
gera????o: 98: 
[[1, 4, 10, 11, 21, 31, 40, 44, 56, 61, 63, 70] - 4068, [1, 4, 10, 11, 21, 31, 40, 44, 56, 61, 63, 70] - 4068, [1, 4, 10, 11, 21, 31, 40, 44, 56, 61, 63, 70] - 4068, [1, 4, 10, 11, 21, 31, 40, 44, 56, 61, 63, 70] - 4068, [1, 4, 10, 11, 21, 31, 40, 44, 56, 61, 63, 70] - 4068, [1, 4, 10, 11, 21, 31, 40, 44, 56, 61, 63, 70] - 4068, [1, 4, 10, 11, 21, 31, 40, 44, 56, 61, 63, 70] - 4068, [1, 4, 10, 11, 21, 31, 40, 44, 56, 61, 63, 70] - 4068, [1, 4, 10, 11, 21, 31, 40, 44, 56, 61, 63, 70] - 4068]
melhor indiv??duo da gera????o:[1, 4, 10, 11, 21, 31, 40, 44, 56, 61, 63, 70] - 4068
gera????o: 99: 
[[1, 4, 10, 11, 21, 31, 40, 44, 56, 61, 63, 70] - 4068, [1, 4, 10, 11, 21, 31, 40, 44, 56, 61, 63, 70] - 4068, [1, 4, 10, 11, 21, 31, 40, 44, 56, 61, 63, 70] - 4068, [1, 4, 10, 11, 21, 31, 40, 44, 56, 61, 63, 70] - 4068, [1, 4, 10, 11, 21, 31, 40, 44, 56, 61, 63, 70] - 4068, [1, 4, 10, 11, 21, 31, 40, 44, 56, 61, 63, 70] - 4068, [1, 4, 10, 11, 21, 31, 40, 44, 56, 61, 63, 70] - 4068, [1, 4, 10, 11, 21, 31, 40, 44, 56, 61, 63, 70] - 4068, [1, 4, 10, 11, 21, 31, 40, 44, 56, 61, 63, 70] - 4068]
melhor indiv??duo da gera????o:[1, 4, 10, 11, 21, 31, 40, 44, 56, 61, 63, 70] - 4068
gera????o: 100: 
[[1, 4, 10, 11, 21, 31, 40, 44, 56, 61, 63, 70] - 4068, [1, 4, 10, 11, 21, 31, 40, 44, 56, 61, 63, 70] - 4068, [1, 4, 10, 11, 21, 31, 40, 44, 56, 61, 63, 70] - 4068, [1, 4, 10, 11, 21, 31, 40, 44, 56, 61, 63, 70] - 4068, [1, 4, 10, 11, 21, 31, 40, 44, 56, 61, 63, 70] - 4068, [1, 4, 10, 11, 21, 31, 40, 44, 56, 61, 63, 70] - 4068, [1, 4, 10, 11, 21, 31, 40, 44, 56, 61, 63, 70] - 4068, [1, 4, 10, 11, 21, 31, 40, 44, 56, 61, 63, 70] - 4068, [1, 4, 10, 11, 21, 31, 40, 44, 56, 61, 63, 70] - 4068]
melhor indiv??duo da gera????o:[1, 4, 10, 11, 21, 31, 40, 44, 56, 61, 63, 70] - 4068
gera????o: 101: 
[[1, 4, 10, 11, 21, 31, 40, 44, 56, 61, 63, 70] - 4068, [1, 4, 10, 11, 21, 31, 40, 44, 56, 61, 63, 70] - 4068, [1, 4, 10, 11, 21, 31, 40, 44, 56, 61, 63, 70] - 4068, [1, 4, 10, 11, 21, 31, 40, 44, 56, 61, 63, 70] - 4068, [1, 4, 10, 11, 21, 31, 40, 44, 56, 61, 63, 70] - 4068, [1, 4, 10, 11, 21, 31, 40, 44, 56, 61, 63, 70] - 4068, [1, 4, 10, 11, 21, 31, 40, 44, 56, 61, 63, 70] - 4068, [1, 4, 10, 11, 21, 31, 40, 44, 56, 61, 63, 70] - 4068, [1, 4, 10, 11, 21, 31, 40, 44, 56, 61, 63, 70] - 4068]
melhor indiv??duo da gera????o:[1, 4, 10, 11, 21, 31, 40, 44, 56, 61, 63, 70] - 4068
gera????o: 102: 
[[1, 4, 10, 11, 21, 31, 40, 44, 56, 61, 63, 70] - 4068, [1, 4, 10, 11, 21, 31, 40, 44, 56, 61, 63, 70] - 4068, [1, 4, 10, 11, 21, 31, 40, 44, 56, 61, 63, 70] - 4068, [1, 4, 10, 11, 21, 31, 40, 44, 56, 61, 63, 70] - 4068, [1, 4, 10, 11, 21, 31, 40, 44, 56, 61, 63, 70] - 4068, [1, 4, 10, 11, 21, 31, 40, 44, 56, 61, 63, 70] - 4068, [1, 4, 10, 11, 21, 31, 40, 44, 56, 61, 63, 70] - 4068, [1, 4, 10, 11, 21, 31, 40, 44, 56, 61, 63, 70] - 4068, [1, 4, 10, 11, 21, 31, 40, 44, 56, 61, 63, 70] - 4068]
melhor indiv??duo da gera????o:[1, 4, 10, 11, 21, 31, 40, 44, 56, 61, 63, 70] - 4068
gera????o: 103: 
[[1, 4, 10, 11, 21, 31, 40, 44, 56, 61, 63, 70] - 4068, [1, 4, 10, 11, 21, 31, 40, 44, 56, 61, 63, 70] - 4068, [1, 4, 10, 11, 21, 31, 40, 44, 56, 61, 63, 70] - 4068, [1, 4, 10, 11, 21, 31, 40, 44, 56, 61, 63, 70] - 4068, [1, 4, 10, 11, 21, 31, 40, 44, 56, 61, 63, 70] - 4068, [1, 4, 10, 11, 21, 31, 40, 44, 56, 61, 63, 70] - 4068, [1, 4, 10, 11, 21, 31, 40, 44, 56, 61, 63, 70] - 4068, [1, 4, 10, 11, 21, 31, 40, 44, 56, 61, 63, 70] - 4068, [1, 4, 10, 11, 21, 31, 40, 44, 56, 61, 63, 70] - 4068]
melhor indiv??duo da gera????o:[1, 4, 10, 11, 21, 31, 40, 44, 56, 61, 63, 70] - 4068
gera????o: 104: 
[[1, 4, 10, 11, 21, 31, 40, 44, 56, 61, 63, 70] - 4068, [1, 4, 10, 11, 21, 31, 40, 44, 56, 61, 63, 70] - 4068, [1, 4, 10, 11, 21, 31, 40, 44, 56, 61, 63, 70] - 4068, [1, 4, 10, 11, 21, 31, 40, 44, 56, 61, 63, 70] - 4068, [1, 4, 10, 11, 21, 31, 40, 44, 56, 61, 63, 70] - 4068, [1, 4, 10, 11, 21, 31, 40, 44, 56, 61, 63, 70] - 4068, [1, 4, 10, 11, 21, 31, 40, 44, 56, 61, 63, 70] - 4068, [1, 4, 10, 11, 21, 31, 40, 44, 56, 61, 63, 70] - 4068, [1, 4, 10, 11, 21, 31, 40, 44, 56, 61, 63, 70] - 4068]
melhor indiv??duo da gera????o:[1, 4, 10, 11, 21, 31, 40, 44, 56, 61, 63, 70] - 4068
gera????o: 105: 
[[1, 4, 10, 11, 21, 31, 40, 44, 56, 61, 63, 70] - 4068, [1, 4, 10, 11, 21, 31, 40, 44, 56, 61, 63, 70] - 4068, [1, 4, 10, 11, 21, 31, 40, 44, 56, 61, 63, 70] - 4068, [1, 4, 10, 11, 21, 31, 40, 44, 56, 61, 63, 70] - 4068, [1, 4, 10, 11, 21, 31, 40, 44, 56, 61, 63, 70] - 4068, [1, 4, 10, 11, 21, 31, 40, 44, 56, 61, 63, 70] - 4068, [1, 4, 10, 11, 21, 31, 40, 44, 56, 61, 63, 70] - 4068, [1, 4, 10, 11, 21, 31, 40, 44, 56, 61, 63, 70] - 4068, [1, 4, 10, 11, 21, 31, 40, 44, 56, 61, 63, 70] - 4068]
melhor indiv??duo da gera????o:[1, 4, 10, 11, 21, 31, 40, 44, 56, 61, 63, 70] - 4068
gera????o: 106: 
[[1, 4, 10, 11, 21, 31, 40, 44, 56, 61, 63, 70] - 4068, [1, 4, 10, 11, 21, 31, 40, 44, 56, 61, 63, 70] - 4068, [1, 4, 10, 11, 21, 31, 40, 44, 56, 61, 63, 70] - 4068, [1, 4, 10, 11, 21, 31, 40, 44, 56, 61, 63, 70] - 4068, [1, 4, 10, 11, 21, 31, 40, 44, 56, 61, 63, 70] - 4068, [1, 4, 10, 11, 21, 31, 40, 44, 56, 61, 63, 70] - 4068, [1, 4, 10, 11, 21, 31, 40, 44, 56, 61, 63, 70] - 4068, [1, 4, 10, 11, 21, 31, 40, 44, 56, 61, 63, 70] - 4068, [1, 4, 10, 11, 21, 31, 40, 44, 56, 61, 63, 70] - 4068]
melhor indiv??duo da gera????o:[1, 4, 10, 11, 21, 31, 40, 44, 56, 61, 63, 70] - 4068
gera????o: 107: 
[[1, 4, 10, 11, 21, 31, 40, 44, 56, 61, 63, 70] - 4068, [1, 4, 10, 11, 21, 31, 40, 44, 56, 61, 63, 70] - 4068, [1, 4, 10, 11, 21, 31, 40, 44, 56, 61, 63, 70] - 4068, [1, 4, 10, 11, 21, 31, 40, 44, 56, 61, 63, 70] - 4068, [1, 4, 10, 11, 21, 31, 40, 44, 56, 61, 63, 70] - 4068, [1, 4, 10, 11, 21, 31, 40, 44, 56, 61, 63, 70] - 4068, [1, 4, 10, 11, 21, 31, 40, 44, 56, 61, 63, 70] - 4068, [1, 4, 10, 11, 21, 31, 40, 44, 56, 61, 63, 70] - 4068, [1, 4, 10, 11, 21, 31, 40, 44, 56, 61, 63, 70] - 4068]
melhor indiv??duo da gera????o:[1, 4, 10, 11, 21, 31, 40, 44, 56, 61, 63, 70] - 4068
gera????o: 108: 
[[1, 4, 10, 11, 21, 31, 40, 44, 56, 61, 63, 70] - 4068, [1, 4, 10, 11, 21, 31, 40, 44, 56, 61, 63, 70] - 4068, [1, 4, 10, 11, 21, 31, 40, 44, 56, 61, 63, 70] - 4068, [1, 4, 10, 11, 21, 31, 40, 44, 56, 61, 63, 70] - 4068, [1, 4, 10, 11, 21, 31, 40, 44, 56, 61, 63, 70] - 4068, [1, 4, 10, 11, 21, 31, 40, 44, 56, 61, 63, 70] - 4068, [1, 4, 10, 11, 21, 31, 40, 44, 56, 61, 63, 70] - 4068, [1, 4, 10, 11, 21, 31, 40, 44, 56, 61, 63, 70] - 4068, [1, 4, 10, 11, 21, 31, 40, 44, 56, 61, 63, 70] - 4068]
melhor indiv??duo da gera????o:[1, 4, 10, 11, 21, 31, 40, 44, 56, 61, 63, 70] - 4068
gera????o: 109: 
[[1, 4, 10, 11, 21, 31, 40, 44, 56, 61, 63, 70] - 4068, [1, 4, 10, 11, 21, 31, 40, 44, 56, 61, 63, 70] - 4068, [1, 4, 10, 11, 21, 31, 40, 44, 56, 61, 63, 70] - 4068, [1, 4, 10, 11, 21, 31, 40, 44, 56, 61, 63, 70] - 4068, [1, 4, 10, 11, 21, 31, 40, 44, 56, 61, 63, 70] - 4068, [1, 4, 10, 11, 21, 31, 40, 44, 56, 61, 63, 70] - 4068, [1, 4, 10, 11, 21, 31, 40, 44, 56, 61, 63, 70] - 4068, [1, 4, 10, 11, 21, 31, 40, 44, 56, 61, 63, 70] - 4068, [1, 4, 10, 11, 21, 31, 40, 44, 56, 61, 63, 70] - 4068]
melhor indiv??duo da gera????o:[1, 4, 10, 11, 21, 31, 40, 44, 56, 61, 63, 70] - 4068
gera????o: 110: 
[[1, 4, 10, 11, 21, 31, 40, 44, 56, 61, 63, 70] - 4068, [1, 4, 10, 11, 21, 31, 40, 44, 56, 61, 63, 70] - 4068, [1, 4, 10, 11, 21, 31, 40, 44, 56, 61, 63, 70] - 4068, [1, 4, 10, 11, 21, 31, 40, 44, 56, 61, 63, 70] - 4068, [1, 4, 10, 11, 21, 31, 40, 44, 56, 61, 63, 70] - 4068, [1, 4, 10, 11, 21, 31, 40, 44, 56, 61, 63, 70] - 4068, [1, 4, 10, 11, 21, 31, 40, 44, 56, 61, 63, 70] - 4068, [1, 4, 10, 11, 21, 31, 40, 44, 56, 61, 63, 70] - 4068, [1, 4, 10, 11, 21, 31, 40, 44, 56, 61, 63, 70] - 4068]
melhor indiv??duo da gera????o:[1, 4, 10, 11, 21, 31, 40, 44, 56, 61, 63, 70] - 4068
gera????o: 111: 
[[1, 4, 10, 11, 21, 31, 40, 44, 56, 61, 63, 70] - 4068, [1, 4, 10, 11, 21, 31, 40, 44, 56, 61, 63, 70] - 4068, [1, 4, 10, 11, 21, 31, 40, 44, 56, 61, 63, 70] - 4068, [1, 4, 10, 11, 21, 31, 40, 44, 56, 61, 63, 70] - 4068, [1, 4, 10, 11, 21, 31, 40, 44, 56, 61, 63, 70] - 4068, [1, 4, 10, 11, 21, 31, 40, 44, 56, 61, 63, 70] - 4068, [1, 4, 10, 11, 21, 31, 40, 44, 56, 61, 63, 70] - 4068, [1, 4, 10, 11, 21, 31, 40, 44, 56, 61, 63, 70] - 4068, [1, 4, 10, 11, 21, 31, 40, 44, 56, 61, 63, 70] - 4068]
melhor indiv??duo da gera????o:[1, 4, 10, 11, 21, 31, 40, 44, 56, 61, 63, 70] - 4068
gera????o: 112: 
[[1, 4, 10, 11, 21, 31, 40, 44, 56, 61, 63, 70] - 4068, [1, 4, 10, 11, 21, 31, 40, 44, 56, 61, 63, 70] - 4068, [1, 4, 10, 11, 21, 31, 40, 44, 56, 61, 63, 70] - 4068, [1, 4, 10, 11, 21, 31, 40, 44, 56, 61, 63, 70] - 4068, [1, 4, 10, 11, 21, 31, 40, 44, 56, 61, 63, 70] - 4068, [1, 4, 10, 11, 21, 31, 40, 44, 56, 61, 63, 70] - 4068, [1, 4, 10, 11, 21, 31, 40, 44, 56, 61, 63, 70] - 4068, [1, 4, 10, 11, 21, 31, 40, 44, 56, 61, 63, 70] - 4068, [1, 4, 10, 11, 21, 31, 40, 44, 56, 61, 63, 70] - 4068]
melhor indiv??duo da gera????o:[1, 4, 10, 11, 21, 31, 40, 44, 56, 61, 63, 70] - 4068
gera????o: 113: 
[[1, 4, 10, 11, 21, 31, 40, 44, 56, 61, 63, 70] - 4068, [1, 4, 10, 11, 21, 31, 40, 44, 56, 61, 63, 70] - 4068, [1, 4, 10, 11, 21, 31, 40, 44, 56, 61, 63, 70] - 4068, [1, 4, 10, 11, 21, 31, 40, 44, 56, 61, 63, 70] - 4068, [1, 4, 10, 11, 21, 31, 40, 44, 56, 61, 63, 70] - 4068, [1, 4, 10, 11, 21, 31, 40, 44, 56, 61, 63, 70] - 4068, [1, 4, 10, 11, 21, 31, 40, 44, 56, 61, 63, 70] - 4068, [1, 4, 10, 11, 21, 31, 40, 44, 56, 61, 63, 70] - 4068, [1, 4, 10, 11, 21, 31, 40, 44, 56, 61, 63, 70] - 4068]
melhor indiv??duo da gera????o:[1, 4, 10, 11, 21, 31, 40, 44, 56, 61, 63, 70] - 4068
gera????o: 114: 
[[1, 4, 10, 11, 21, 31, 40, 44, 56, 61, 63, 70] - 4068, [1, 4, 10, 11, 21, 31, 40, 44, 56, 61, 63, 70] - 4068, [1, 4, 10, 11, 21, 31, 40, 44, 56, 61, 63, 70] - 4068, [1, 4, 10, 11, 21, 31, 40, 44, 56, 61, 63, 70] - 4068, [1, 4, 10, 11, 21, 31, 40, 44, 56, 61, 63, 70] - 4068, [1, 4, 10, 11, 21, 31, 40, 44, 56, 61, 63, 70] - 4068, [1, 4, 10, 11, 21, 31, 40, 44, 56, 61, 63, 70] - 4068, [1, 4, 10, 11, 21, 31, 40, 44, 56, 61, 63, 70] - 4068, [1, 4, 10, 11, 21, 31, 40, 44, 56, 61, 63, 70] - 4068]
melhor indiv??duo da gera????o:[1, 4, 10, 11, 21, 31, 40, 44, 56, 61, 63, 70] - 4068
gera????o: 115: 
[[1, 4, 10, 11, 21, 31, 40, 44, 56, 61, 63, 70] - 4068, [1, 4, 10, 11, 21, 31, 40, 44, 56, 61, 63, 70] - 4068, [1, 4, 10, 11, 21, 31, 40, 44, 56, 61, 63, 70] - 4068, [1, 4, 10, 11, 21, 31, 40, 44, 56, 61, 63, 70] - 4068, [1, 4, 10, 11, 21, 31, 40, 44, 56, 61, 63, 70] - 4068, [1, 4, 10, 11, 21, 31, 40, 44, 56, 61, 63, 70] - 4068, [1, 4, 10, 11, 21, 31, 40, 44, 56, 61, 63, 70] - 4068, [1, 4, 10, 11, 21, 31, 40, 44, 56, 61, 63, 70] - 4068, [1, 4, 10, 11, 21, 31, 40, 44, 56, 61, 63, 70] - 4068]
melhor indiv??duo da gera????o:[1, 4, 10, 11, 21, 31, 40, 44, 56, 61, 63, 70] - 4068
gera????o: 116: 
[[1, 4, 10, 11, 21, 31, 40, 44, 56, 61, 63, 70] - 4068, [1, 4, 10, 11, 21, 31, 40, 44, 56, 61, 63, 70] - 4068, [1, 4, 10, 11, 21, 31, 40, 44, 56, 61, 63, 70] - 4068, [1, 4, 10, 11, 21, 31, 40, 44, 56, 61, 63, 70] - 4068, [1, 4, 10, 11, 21, 31, 40, 44, 56, 61, 63, 70] - 4068, [1, 4, 10, 11, 21, 31, 40, 44, 56, 61, 63, 70] - 4068, [1, 4, 10, 11, 21, 31, 40, 44, 56, 61, 63, 70] - 4068, [1, 4, 10, 11, 21, 31, 40, 44, 56, 61, 63, 70] - 4068, [1, 4, 10, 11, 21, 31, 40, 44, 56, 61, 63, 70] - 4068]
melhor indiv??duo da gera????o:[1, 4, 10, 11, 21, 31, 40, 44, 56, 61, 63, 70] - 4068
gera????o: 117: 
[[1, 4, 10, 11, 21, 31, 40, 44, 56, 61, 63, 70] - 4068, [1, 4, 10, 11, 21, 31, 40, 44, 56, 61, 63, 70] - 4068, [1, 4, 10, 11, 21, 31, 40, 44, 56, 61, 63, 70] - 4068, [1, 4, 10, 11, 21, 31, 40, 44, 56, 61, 63, 70] - 4068, [1, 4, 10, 11, 21, 31, 40, 44, 56, 61, 63, 70] - 4068, [1, 4, 10, 11, 21, 31, 40, 44, 56, 61, 63, 70] - 4068, [1, 4, 10, 11, 21, 31, 40, 44, 56, 61, 63, 70] - 4068, [1, 4, 10, 11, 21, 31, 40, 44, 56, 61, 63, 70] - 4068, [1, 4, 10, 11, 21, 31, 40, 44, 56, 61, 63, 70] - 4068]
melhor indiv??duo da gera????o:[1, 4, 10, 11, 21, 31, 40, 44, 56, 61, 63, 70] - 4068
gera????o: 118: 
[[1, 4, 10, 11, 21, 31, 40, 44, 56, 61, 63, 70] - 4068, [1, 4, 10, 11, 21, 31, 40, 44, 56, 61, 63, 70] - 4068, [1, 4, 10, 11, 21, 31, 40, 44, 56, 61, 63, 70] - 4068, [1, 4, 10, 11, 21, 31, 40, 44, 56, 61, 63, 70] - 4068, [1, 4, 10, 11, 21, 31, 40, 44, 56, 61, 63, 70] - 4068, [1, 4, 10, 11, 21, 31, 40, 44, 56, 61, 63, 70] - 4068, [1, 4, 10, 11, 21, 31, 40, 44, 56, 61, 63, 70] - 4068, [1, 4, 10, 11, 21, 31, 40, 44, 56, 61, 63, 70] - 4068, [1, 4, 10, 11, 21, 31, 40, 44, 56, 61, 63, 70] - 4068]
melhor indiv??duo da gera????o:[1, 4, 10, 11, 21, 31, 40, 44, 56, 61, 63, 70] - 4068
gera????o: 119: 
[[1, 4, 10, 11, 21, 31, 40, 44, 56, 61, 63, 70] - 4068, [1, 4, 10, 11, 21, 31, 40, 44, 56, 61, 63, 70] - 4068, [1, 4, 10, 11, 21, 31, 40, 44, 56, 61, 63, 70] - 4068, [1, 4, 10, 11, 21, 31, 40, 44, 56, 61, 63, 70] - 4068, [1, 4, 10, 11, 21, 31, 40, 44, 56, 61, 63, 70] - 4068, [1, 4, 10, 11, 21, 31, 40, 44, 56, 61, 63, 70] - 4068, [1, 4, 10, 11, 21, 31, 40, 44, 56, 61, 63, 70] - 4068, [1, 4, 10, 11, 21, 31, 40, 44, 56, 61, 63, 70] - 4068, [1, 4, 10, 11, 21, 31, 40, 44, 56, 61, 63, 70] - 4068]
melhor indiv??duo da gera????o:[1, 4, 10, 11, 21, 31, 40, 44, 56, 61, 63, 70] - 4068
gera????o: 120: 
[[1, 4, 10, 11, 21, 31, 40, 44, 56, 61, 63, 70] - 4068, [1, 4, 10, 11, 21, 31, 40, 44, 56, 61, 63, 70] - 4068, [1, 4, 10, 11, 21, 31, 40, 44, 56, 61, 63, 70] - 4068, [1, 4, 10, 11, 21, 31, 40, 44, 56, 61, 63, 70] - 4068, [1, 4, 10, 11, 21, 31, 40, 44, 56, 61, 63, 70] - 4068, [1, 4, 10, 11, 21, 31, 40, 44, 56, 61, 63, 70] - 4068, [1, 4, 10, 11, 21, 31, 40, 44, 56, 61, 63, 70] - 4068, [1, 4, 10, 11, 21, 31, 40, 44, 56, 61, 63, 70] - 4068, [1, 4, 10, 11, 21, 31, 40, 44, 56, 61, 63, 70] - 4068]
melhor indiv??duo da gera????o:[1, 4, 10, 11, 21, 31, 40, 44, 56, 61, 63, 70] - 4068
gera????o: 121: 
[[1, 4, 10, 11, 21, 31, 40, 44, 56, 61, 63, 70] - 4068, [1, 4, 10, 11, 21, 31, 40, 44, 56, 61, 63, 70] - 4068, [1, 4, 10, 11, 21, 31, 40, 44, 56, 61, 63, 70] - 4068, [1, 4, 10, 11, 21, 31, 40, 44, 56, 61, 63, 70] - 4068, [1, 4, 10, 11, 21, 31, 40, 44, 56, 61, 63, 70] - 4068, [1, 4, 10, 11, 21, 31, 40, 44, 56, 61, 63, 70] - 4068, [1, 4, 10, 11, 21, 31, 40, 44, 56, 61, 63, 70] - 4068, [1, 4, 10, 11, 21, 31, 40, 44, 56, 61, 63, 70] - 4068, [1, 4, 10, 11, 21, 31, 40, 44, 56, 61, 63, 70] - 4068]
melhor indiv??duo da gera????o:[1, 4, 10, 11, 21, 31, 40, 44, 56, 61, 63, 70] - 4068
gera????o: 122: 
[[1, 4, 10, 11, 21, 31, 40, 44, 56, 61, 63, 70] - 4068, [1, 4, 10, 11, 21, 31, 40, 44, 56, 61, 63, 70] - 4068, [1, 4, 10, 11, 21, 31, 40, 44, 56, 61, 63, 70] - 4068, [1, 4, 10, 11, 21, 31, 40, 44, 56, 61, 63, 70] - 4068, [1, 4, 10, 11, 21, 31, 40, 44, 56, 61, 63, 70] - 4068, [1, 4, 10, 11, 21, 31, 40, 44, 56, 61, 63, 70] - 4068, [1, 4, 10, 11, 21, 31, 40, 44, 56, 61, 63, 70] - 4068, [1, 4, 10, 11, 21, 31, 40, 44, 56, 61, 63, 70] - 4068, [1, 4, 10, 11, 21, 31, 40, 44, 56, 61, 63, 70] - 4068]
melhor indiv??duo da gera????o:[1, 4, 10, 11, 21, 31, 40, 44, 56, 61, 63, 70] - 4068
gera????o: 123: 
[[1, 4, 10, 11, 21, 31, 40, 44, 56, 61, 63, 70] - 4068, [1, 4, 10, 11, 21, 31, 40, 44, 56, 61, 63, 70] - 4068, [1, 4, 10, 11, 21, 31, 40, 44, 56, 61, 63, 70] - 4068, [1, 4, 10, 11, 21, 31, 40, 44, 56, 61, 63, 70] - 4068, [1, 4, 10, 11, 21, 31, 40, 44, 56, 61, 63, 70] - 4068, [1, 4, 10, 11, 21, 31, 40, 44, 56, 61, 63, 70] - 4068, [1, 4, 10, 11, 21, 31, 40, 44, 56, 61, 63, 70] - 4068, [1, 4, 10, 11, 21, 31, 40, 44, 56, 61, 63, 70] - 4068, [1, 4, 10, 11, 21, 31, 40, 44, 56, 61, 63, 70] - 4068]
melhor indiv??duo da gera????o:[1, 4, 10, 11, 21, 31, 40, 44, 56, 61, 63, 70] - 4068
gera????o: 124: 
[[1, 4, 10, 11, 21, 31, 40, 44, 56, 61, 63, 70] - 4068, [1, 4, 10, 11, 21, 31, 40, 44, 56, 61, 63, 70] - 4068, [1, 4, 10, 11, 21, 31, 40, 44, 56, 61, 63, 70] - 4068, [1, 4, 10, 11, 21, 31, 40, 44, 56, 61, 63, 70] - 4068, [1, 4, 10, 11, 21, 31, 40, 44, 56, 61, 63, 70] - 4068, [1, 4, 10, 11, 21, 31, 40, 44, 56, 61, 63, 70] - 4068, [1, 4, 10, 11, 21, 31, 40, 44, 56, 61, 63, 70] - 4068, [1, 4, 10, 11, 21, 31, 40, 44, 56, 61, 63, 70] - 4068, [1, 4, 10, 11, 21, 31, 40, 44, 56, 61, 63, 70] - 4068]
melhor indiv??duo da gera????o:[1, 4, 10, 11, 21, 31, 40, 44, 56, 61, 63, 70] - 4068
gera????o: 125: 
[[1, 4, 10, 11, 21, 31, 40, 44, 56, 61, 63, 70] - 4068, [1, 4, 10, 11, 21, 31, 40, 44, 56, 61, 63, 70] - 4068, [1, 4, 10, 11, 21, 31, 40, 44, 56, 61, 63, 70] - 4068, [1, 4, 10, 11, 21, 31, 40, 44, 56, 61, 63, 70] - 4068, [1, 4, 10, 11, 21, 31, 40, 44, 56, 61, 63, 70] - 4068, [1, 4, 10, 11, 21, 31, 40, 44, 56, 61, 63, 70] - 4068, [1, 4, 10, 11, 21, 31, 40, 44, 56, 61, 63, 70] - 4068, [1, 4, 10, 11, 21, 31, 40, 44, 56, 61, 63, 70] - 4068, [1, 4, 10, 11, 21, 31, 40, 44, 56, 61, 63, 70] - 4068]
melhor indiv??duo da gera????o:[1, 4, 10, 11, 21, 31, 40, 44, 56, 61, 63, 70] - 4068
gera????o: 126: 
[[1, 4, 10, 11, 21, 31, 40, 44, 56, 61, 63, 70] - 4068, [1, 4, 10, 11, 21, 31, 40, 44, 56, 61, 63, 70] - 4068, [1, 4, 10, 11, 21, 31, 40, 44, 56, 61, 63, 70] - 4068, [1, 4, 10, 11, 21, 31, 40, 44, 56, 61, 63, 70] - 4068, [1, 4, 10, 11, 21, 31, 40, 44, 56, 61, 63, 70] - 4068, [1, 4, 10, 11, 21, 31, 40, 44, 56, 61, 63, 70] - 4068, [1, 4, 10, 11, 21, 31, 40, 44, 56, 61, 63, 70] - 4068, [1, 4, 10, 11, 21, 31, 40, 44, 56, 61, 63, 70] - 4068, [1, 4, 10, 11, 21, 31, 40, 44, 56, 61, 63, 70] - 4068]
melhor indiv??duo da gera????o:[1, 4, 10, 11, 21, 31, 40, 44, 56, 61, 63, 70] - 4068
gera????o: 127: 
[[1, 4, 10, 11, 21, 31, 40, 44, 56, 61, 63, 70] - 4068, [1, 4, 10, 11, 21, 31, 40, 44, 56, 61, 63, 70] - 4068, [1, 4, 10, 11, 21, 31, 40, 44, 56, 61, 63, 70] - 4068, [1, 4, 10, 11, 21, 31, 40, 44, 56, 61, 63, 70] - 4068, [1, 4, 10, 11, 21, 31, 40, 44, 56, 61, 63, 70] - 4068, [1, 4, 10, 11, 21, 31, 40, 44, 56, 61, 63, 70] - 4068, [1, 4, 10, 11, 21, 31, 40, 44, 56, 61, 63, 70] - 4068, [1, 4, 10, 11, 21, 31, 40, 44, 56, 61, 63, 70] - 4068, [1, 4, 10, 11, 21, 31, 40, 44, 56, 61, 63, 70] - 4068]
melhor indiv??duo da gera????o:[1, 4, 10, 11, 21, 31, 40, 44, 56, 61, 63, 70] - 4068
gera????o: 128: 
[[1, 4, 10, 11, 21, 31, 40, 44, 56, 61, 63, 70] - 4068, [1, 4, 10, 11, 21, 31, 40, 44, 56, 61, 63, 70] - 4068, [1, 4, 10, 11, 21, 31, 40, 44, 56, 61, 63, 70] - 4068, [1, 4, 10, 11, 21, 31, 40, 44, 56, 61, 63, 70] - 4068, [1, 4, 10, 11, 21, 31, 40, 44, 56, 61, 63, 70] - 4068, [1, 4, 10, 11, 21, 31, 40, 44, 56, 61, 63, 70] - 4068, [1, 4, 10, 11, 21, 31, 40, 44, 56, 61, 63, 70] - 4068, [1, 4, 10, 11, 21, 31, 40, 44, 56, 61, 63, 70] - 4068, [1, 4, 10, 11, 21, 31, 40, 44, 56, 61, 63, 70] - 4068]
melhor indiv??duo da gera????o:[1, 4, 10, 11, 21, 31, 40, 44, 56, 61, 63, 70] - 4068
gera????o: 129: 
[[1, 4, 10, 11, 21, 31, 40, 44, 56, 61, 63, 70] - 4068, [1, 4, 10, 11, 21, 31, 40, 44, 56, 61, 63, 70] - 4068, [1, 4, 10, 11, 21, 31, 40, 44, 56, 61, 63, 70] - 4068, [1, 4, 10, 11, 21, 31, 40, 44, 56, 61, 63, 70] - 4068, [1, 4, 10, 11, 21, 31, 40, 44, 56, 61, 63, 70] - 4068, [1, 4, 10, 11, 21, 31, 40, 44, 56, 61, 63, 70] - 4068, [1, 4, 10, 11, 21, 31, 40, 44, 56, 61, 63, 70] - 4068, [1, 4, 10, 11, 21, 31, 40, 44, 56, 61, 63, 70] - 4068, [1, 4, 10, 11, 21, 31, 40, 44, 56, 61, 63, 70] - 4068]
melhor indiv??duo da gera????o:[1, 4, 10, 11, 21, 31, 40, 44, 56, 61, 63, 70] - 4068
gera????o: 130: 
[[1, 4, 10, 11, 21, 31, 40, 44, 56, 61, 63, 70] - 4068, [1, 4, 10, 11, 21, 31, 40, 44, 56, 61, 63, 70] - 4068, [1, 4, 10, 11, 21, 31, 40, 44, 56, 61, 63, 70] - 4068, [1, 4, 10, 11, 21, 31, 40, 44, 56, 61, 63, 70] - 4068, [1, 4, 10, 11, 21, 31, 40, 44, 56, 61, 63, 70] - 4068, [1, 4, 10, 11, 21, 31, 40, 44, 56, 61, 63, 70] - 4068, [1, 4, 10, 11, 21, 31, 40, 44, 56, 61, 63, 70] - 4068, [1, 4, 10, 11, 21, 31, 40, 44, 56, 61, 63, 70] - 4068, [1, 4, 10, 11, 21, 31, 40, 44, 56, 61, 63, 70] - 4068]
melhor indiv??duo da gera????o:[1, 4, 10, 11, 21, 31, 40, 44, 56, 61, 63, 70] - 4068
gera????o: 131: 
[[1, 4, 10, 11, 21, 31, 40, 44, 56, 61, 63, 70] - 4068, [1, 4, 10, 11, 21, 31, 40, 44, 56, 61, 63, 70] - 4068, [1, 4, 10, 11, 21, 31, 40, 44, 56, 61, 63, 70] - 4068, [1, 4, 10, 11, 21, 31, 40, 44, 56, 61, 63, 70] - 4068, [1, 4, 10, 11, 21, 31, 40, 44, 56, 61, 63, 70] - 4068, [1, 4, 10, 11, 21, 31, 40, 44, 56, 61, 63, 70] - 4068, [1, 4, 10, 11, 21, 31, 40, 44, 56, 61, 63, 70] - 4068, [1, 4, 10, 11, 21, 31, 40, 44, 56, 61, 63, 70] - 4068, [1, 4, 10, 11, 21, 31, 40, 44, 56, 61, 63, 70] - 4068]
melhor indiv??duo da gera????o:[1, 4, 10, 11, 21, 31, 40, 44, 56, 61, 63, 70] - 4068
gera????o: 132: 
[[1, 4, 10, 11, 21, 31, 40, 44, 56, 61, 63, 70] - 4068, [1, 4, 10, 11, 21, 31, 40, 44, 56, 61, 63, 70] - 4068, [1, 4, 10, 11, 21, 31, 40, 44, 56, 61, 63, 70] - 4068, [1, 4, 10, 11, 21, 31, 40, 44, 56, 61, 63, 70] - 4068, [1, 4, 10, 11, 21, 31, 40, 44, 56, 61, 63, 70] - 4068, [1, 4, 10, 11, 21, 31, 40, 44, 56, 61, 63, 70] - 4068, [1, 4, 10, 11, 21, 31, 40, 44, 56, 61, 63, 70] - 4068, [1, 4, 10, 11, 21, 31, 40, 44, 56, 61, 63, 70] - 4068, [1, 4, 10, 11, 21, 31, 40, 44, 56, 61, 63, 70] - 4068]
melhor indiv??duo da gera????o:[1, 4, 10, 11, 21, 31, 40, 44, 56, 61, 63, 70] - 4068
gera????o: 133: 
[[1, 4, 10, 11, 21, 31, 40, 44, 56, 61, 63, 70] - 4068, [1, 4, 10, 11, 21, 31, 40, 44, 56, 61, 63, 70] - 4068, [1, 4, 10, 11, 21, 31, 40, 44, 56, 61, 63, 70] - 4068, [1, 4, 10, 11, 21, 31, 40, 44, 56, 61, 63, 70] - 4068, [1, 4, 10, 11, 21, 31, 40, 44, 56, 61, 63, 70] - 4068, [1, 4, 10, 11, 21, 31, 40, 44, 56, 61, 63, 70] - 4068, [1, 4, 10, 11, 21, 31, 40, 44, 56, 61, 63, 70] - 4068, [1, 4, 10, 11, 21, 31, 40, 44, 56, 61, 63, 70] - 4068, [1, 4, 10, 11, 21, 31, 40, 44, 56, 61, 63, 70] - 4068]
melhor indiv??duo da gera????o:[1, 4, 10, 11, 21, 31, 40, 44, 56, 61, 63, 70] - 4068
gera????o: 134: 
[[1, 4, 10, 11, 21, 31, 40, 44, 56, 61, 63, 70] - 4068, [1, 4, 10, 11, 21, 31, 40, 44, 56, 61, 63, 70] - 4068, [1, 4, 10, 11, 21, 31, 40, 44, 56, 61, 63, 70] - 4068, [1, 4, 10, 11, 21, 31, 40, 44, 56, 61, 63, 70] - 4068, [1, 4, 10, 11, 21, 31, 40, 44, 56, 61, 63, 70] - 4068, [1, 4, 10, 11, 21, 31, 40, 44, 56, 61, 63, 70] - 4068, [1, 4, 10, 11, 21, 31, 40, 44, 56, 61, 63, 70] - 4068, [1, 4, 10, 11, 21, 31, 40, 44, 56, 61, 63, 70] - 4068, [1, 4, 10, 11, 21, 31, 40, 44, 56, 61, 63, 70] - 4068]
melhor indiv??duo da gera????o:[1, 4, 10, 11, 21, 31, 40, 44, 56, 61, 63, 70] - 4068
gera????o: 135: 
[[1, 4, 10, 11, 21, 31, 40, 44, 56, 61, 63, 70] - 4068, [1, 4, 10, 11, 21, 31, 40, 44, 56, 61, 63, 70] - 4068, [1, 4, 10, 11, 21, 31, 40, 44, 56, 61, 63, 70] - 4068, [1, 4, 10, 11, 21, 31, 40, 44, 56, 61, 63, 70] - 4068, [1, 4, 10, 11, 21, 31, 40, 44, 56, 61, 63, 70] - 4068, [1, 4, 10, 11, 21, 31, 40, 44, 56, 61, 63, 70] - 4068, [1, 4, 10, 11, 21, 31, 40, 44, 56, 61, 63, 70] - 4068, [1, 4, 10, 11, 21, 31, 40, 44, 56, 61, 63, 70] - 4068, [1, 4, 10, 11, 21, 31, 40, 44, 56, 61, 63, 70] - 4068]
melhor indiv??duo da gera????o:[1, 4, 10, 11, 21, 31, 40, 44, 56, 61, 63, 70] - 4068
gera????o: 136: 
[[1, 4, 10, 11, 21, 31, 40, 44, 56, 61, 63, 70] - 4068, [1, 4, 10, 11, 21, 31, 40, 44, 56, 61, 63, 70] - 4068, [1, 4, 10, 11, 21, 31, 40, 44, 56, 61, 63, 70] - 4068, [1, 4, 10, 11, 21, 31, 40, 44, 56, 61, 63, 70] - 4068, [1, 4, 10, 11, 21, 31, 40, 44, 56, 61, 63, 70] - 4068, [1, 4, 10, 11, 21, 31, 40, 44, 56, 61, 63, 70] - 4068, [1, 4, 10, 11, 21, 31, 40, 44, 56, 61, 63, 70] - 4068, [1, 4, 10, 11, 21, 31, 40, 44, 56, 61, 63, 70] - 4068, [1, 4, 10, 11, 21, 31, 40, 44, 56, 61, 63, 70] - 4068]
melhor indiv??duo da gera????o:[1, 4, 10, 11, 21, 31, 40, 44, 56, 61, 63, 70] - 4068
gera????o: 137: 
[[1, 4, 10, 11, 21, 31, 40, 44, 56, 61, 63, 70] - 4068, [1, 4, 10, 11, 21, 31, 40, 44, 56, 61, 63, 70] - 4068, [1, 4, 10, 11, 21, 31, 40, 44, 56, 61, 63, 70] - 4068, [1, 4, 10, 11, 21, 31, 40, 44, 56, 61, 63, 70] - 4068, [1, 4, 10, 11, 21, 31, 40, 44, 56, 61, 63, 70] - 4068, [1, 4, 10, 11, 21, 31, 40, 44, 56, 61, 63, 70] - 4068, [1, 4, 10, 11, 21, 31, 40, 44, 56, 61, 63, 70] - 4068, [1, 4, 10, 11, 21, 31, 40, 44, 56, 61, 63, 70] - 4068, [1, 4, 10, 11, 21, 31, 40, 44, 56, 61, 63, 70] - 4068]
melhor indiv??duo da gera????o:[1, 4, 10, 11, 21, 31, 40, 44, 56, 61, 63, 70] - 4068
gera????o: 138: 
[[1, 4, 10, 11, 21, 31, 40, 44, 56, 61, 63, 70] - 4068, [1, 4, 10, 11, 21, 31, 40, 44, 56, 61, 63, 70] - 4068, [1, 4, 10, 11, 21, 31, 40, 44, 56, 61, 63, 70] - 4068, [1, 4, 10, 11, 21, 31, 40, 44, 56, 61, 63, 70] - 4068, [1, 4, 10, 11, 21, 31, 40, 44, 56, 61, 63, 70] - 4068, [1, 4, 10, 11, 21, 31, 40, 44, 56, 61, 63, 70] - 4068, [1, 4, 10, 11, 21, 31, 40, 44, 56, 61, 63, 70] - 4068, [1, 4, 10, 11, 21, 31, 40, 44, 56, 61, 63, 70] - 4068, [1, 4, 10, 11, 21, 31, 40, 44, 56, 61, 63, 70] - 4068]
melhor indiv??duo da gera????o:[1, 4, 10, 11, 21, 31, 40, 44, 56, 61, 63, 70] - 4068
gera????o: 139: 
[[1, 4, 10, 11, 21, 31, 40, 44, 56, 61, 63, 70] - 4068, [1, 4, 10, 11, 21, 31, 40, 44, 56, 61, 63, 70] - 4068, [1, 4, 10, 11, 21, 31, 40, 44, 56, 61, 63, 70] - 4068, [1, 4, 10, 11, 21, 31, 40, 44, 56, 61, 63, 70] - 4068, [1, 4, 10, 11, 21, 31, 40, 44, 56, 61, 63, 70] - 4068, [1, 4, 10, 11, 21, 31, 40, 44, 56, 61, 63, 70] - 4068, [1, 4, 10, 11, 21, 31, 40, 44, 56, 61, 63, 70] - 4068, [1, 4, 10, 11, 21, 31, 40, 44, 56, 61, 63, 70] - 4068, [1, 4, 10, 11, 21, 31, 40, 44, 56, 61, 63, 70] - 4068]
melhor indiv??duo da gera????o:[1, 4, 10, 11, 21, 31, 40, 44, 56, 61, 63, 70] - 4068
gera????o: 140: 
[[1, 4, 10, 11, 21, 31, 40, 44, 56, 61, 63, 70] - 4068, [1, 4, 10, 11, 21, 31, 40, 44, 56, 61, 63, 70] - 4068, [1, 4, 10, 11, 21, 31, 40, 44, 56, 61, 63, 70] - 4068, [1, 4, 10, 11, 21, 31, 40, 44, 56, 61, 63, 70] - 4068, [1, 4, 10, 11, 21, 31, 40, 44, 56, 61, 63, 70] - 4068, [1, 4, 10, 11, 21, 31, 40, 44, 56, 61, 63, 70] - 4068, [1, 4, 10, 11, 21, 31, 40, 44, 56, 61, 63, 70] - 4068, [1, 4, 10, 11, 21, 31, 40, 44, 56, 61, 63, 70] - 4068, [1, 4, 10, 11, 21, 31, 40, 44, 56, 61, 63, 70] - 4068]
melhor indiv??duo da gera????o:[1, 4, 10, 11, 21, 31, 40, 44, 56, 61, 63, 70] - 4068
gera????o: 141: 
[[1, 4, 10, 11, 21, 31, 40, 44, 56, 61, 63, 70] - 4068, [1, 4, 10, 11, 21, 31, 40, 44, 56, 61, 63, 70] - 4068, [1, 4, 10, 11, 21, 31, 40, 44, 56, 61, 63, 70] - 4068, [1, 4, 10, 11, 21, 31, 40, 44, 56, 61, 63, 70] - 4068, [1, 4, 10, 11, 21, 31, 40, 44, 56, 61, 63, 70] - 4068, [1, 4, 10, 11, 21, 31, 40, 44, 56, 61, 63, 70] - 4068, [1, 4, 10, 11, 21, 31, 40, 44, 56, 61, 63, 70] - 4068, [1, 4, 10, 11, 21, 31, 40, 44, 56, 61, 63, 70] - 4068, [1, 4, 10, 11, 21, 31, 40, 44, 56, 61, 63, 70] - 4068]
melhor indiv??duo da gera????o:[1, 4, 10, 11, 21, 31, 40, 44, 56, 61, 63, 70] - 4068
gera????o: 142: 
[[1, 4, 10, 11, 21, 31, 40, 44, 56, 61, 63, 70] - 4068, [1, 4, 10, 11, 21, 31, 40, 44, 56, 61, 63, 70] - 4068, [1, 4, 10, 11, 21, 31, 40, 44, 56, 61, 63, 70] - 4068, [1, 4, 10, 11, 21, 31, 40, 44, 56, 61, 63, 70] - 4068, [1, 4, 10, 11, 21, 31, 40, 44, 56, 61, 63, 70] - 4068, [1, 4, 10, 11, 21, 31, 40, 44, 56, 61, 63, 70] - 4068, [1, 4, 10, 11, 21, 31, 40, 44, 56, 61, 63, 70] - 4068, [1, 4, 10, 11, 21, 31, 40, 44, 56, 61, 63, 70] - 4068, [1, 4, 10, 11, 21, 31, 40, 44, 56, 61, 63, 70] - 4068]
melhor indiv??duo da gera????o:[1, 4, 10, 11, 21, 31, 40, 44, 56, 61, 63, 70] - 4068
gera????o: 143: 
[[1, 4, 10, 11, 21, 31, 40, 44, 56, 61, 63, 70] - 4068, [1, 4, 10, 11, 21, 31, 40, 44, 56, 61, 63, 70] - 4068, [1, 4, 10, 11, 21, 31, 40, 44, 56, 61, 63, 70] - 4068, [1, 4, 10, 11, 21, 31, 40, 44, 56, 61, 63, 70] - 4068, [1, 4, 10, 11, 21, 31, 40, 44, 56, 61, 63, 70] - 4068, [1, 4, 10, 11, 21, 31, 40, 44, 56, 61, 63, 70] - 4068, [1, 4, 10, 11, 21, 31, 40, 44, 56, 61, 63, 70] - 4068, [1, 4, 10, 11, 21, 31, 40, 44, 56, 61, 63, 70] - 4068, [1, 4, 10, 11, 21, 31, 40, 44, 56, 61, 63, 70] - 4068]
melhor indiv??duo da gera????o:[1, 4, 10, 11, 21, 31, 40, 44, 56, 61, 63, 70] - 4068
gera????o: 144: 
[[1, 4, 10, 11, 21, 31, 40, 44, 56, 61, 63, 70] - 4068, [1, 4, 10, 11, 21, 31, 40, 44, 56, 61, 63, 70] - 4068, [1, 4, 10, 11, 21, 31, 40, 44, 56, 61, 63, 70] - 4068, [1, 4, 10, 11, 21, 31, 40, 44, 56, 61, 63, 70] - 4068, [1, 4, 10, 11, 21, 31, 40, 44, 56, 61, 63, 70] - 4068, [1, 4, 10, 11, 21, 31, 40, 44, 56, 61, 63, 70] - 4068, [1, 4, 10, 11, 21, 31, 40, 44, 56, 61, 63, 70] - 4068, [1, 4, 10, 11, 21, 31, 40, 44, 56, 61, 63, 70] - 4068, [1, 4, 10, 11, 21, 31, 40, 44, 56, 61, 63, 70] - 4068]
melhor indiv??duo da gera????o:[1, 4, 10, 11, 21, 31, 40, 44, 56, 61, 63, 70] - 4068
gera????o: 145: 
[[1, 4, 10, 11, 21, 31, 40, 44, 56, 61, 63, 70] - 4068, [1, 4, 10, 11, 21, 31, 40, 44, 56, 61, 63, 70] - 4068, [1, 4, 10, 11, 21, 31, 40, 44, 56, 61, 63, 70] - 4068, [1, 4, 10, 11, 21, 31, 40, 44, 56, 61, 63, 70] - 4068, [1, 4, 10, 11, 21, 31, 40, 44, 56, 61, 63, 70] - 4068, [1, 4, 10, 11, 21, 31, 40, 44, 56, 61, 63, 70] - 4068, [1, 4, 10, 11, 21, 31, 40, 44, 56, 61, 63, 70] - 4068, [1, 4, 10, 11, 21, 31, 40, 44, 56, 61, 63, 70] - 4068, [1, 4, 10, 11, 21, 31, 40, 44, 56, 61, 63, 70] - 4068]
melhor indiv??duo da gera????o:[1, 4, 10, 11, 21, 31, 40, 44, 56, 61, 63, 70] - 4068
gera????o: 146: 
[[1, 4, 10, 11, 21, 31, 40, 44, 56, 61, 63, 70] - 4068, [1, 4, 10, 11, 21, 31, 40, 44, 56, 61, 63, 70] - 4068, [1, 4, 10, 11, 21, 31, 40, 44, 56, 61, 63, 70] - 4068, [1, 4, 10, 11, 21, 31, 40, 44, 56, 61, 63, 70] - 4068, [1, 4, 10, 11, 21, 31, 40, 44, 56, 61, 63, 70] - 4068, [1, 4, 10, 11, 21, 31, 40, 44, 56, 61, 63, 70] - 4068, [1, 4, 10, 11, 21, 31, 40, 44, 56, 61, 63, 70] - 4068, [1, 4, 10, 11, 21, 31, 40, 44, 56, 61, 63, 70] - 4068, [1, 4, 10, 11, 21, 31, 40, 44, 56, 61, 63, 70] - 4068]
melhor indiv??duo da gera????o:[1, 4, 10, 11, 21, 31, 40, 44, 56, 61, 63, 70] - 4068
gera????o: 147: 
[[1, 4, 10, 11, 21, 31, 40, 44, 56, 61, 63, 70] - 4068, [1, 4, 10, 11, 21, 31, 40, 44, 56, 61, 63, 70] - 4068, [1, 4, 10, 11, 21, 31, 40, 44, 56, 61, 63, 70] - 4068, [1, 4, 10, 11, 21, 31, 40, 44, 56, 61, 63, 70] - 4068, [1, 4, 10, 11, 21, 31, 40, 44, 56, 61, 63, 70] - 4068, [1, 4, 10, 11, 21, 31, 40, 44, 56, 61, 63, 70] - 4068, [1, 4, 10, 11, 21, 31, 40, 44, 56, 61, 63, 70] - 4068, [1, 4, 10, 11, 21, 31, 40, 44, 56, 61, 63, 70] - 4068, [1, 4, 10, 11, 21, 31, 40, 44, 56, 61, 63, 70] - 4068]
melhor indiv??duo da gera????o:[1, 4, 10, 11, 21, 31, 40, 44, 56, 61, 63, 70] - 4068
gera????o: 148: 
[[1, 4, 10, 11, 21, 31, 40, 44, 56, 61, 63, 70] - 4068, [1, 4, 10, 11, 21, 31, 40, 44, 56, 61, 63, 70] - 4068, [1, 4, 10, 11, 21, 31, 40, 44, 56, 61, 63, 70] - 4068, [1, 4, 10, 11, 21, 31, 40, 44, 56, 61, 63, 70] - 4068, [1, 4, 10, 11, 21, 31, 40, 44, 56, 61, 63, 70] - 4068, [1, 4, 10, 11, 21, 31, 40, 44, 56, 61, 63, 70] - 4068, [1, 4, 10, 11, 21, 31, 40, 44, 56, 61, 63, 70] - 4068, [1, 4, 10, 11, 21, 31, 40, 44, 56, 61, 63, 70] - 4068, [1, 4, 10, 11, 21, 31, 40, 44, 56, 61, 63, 70] - 4068]
melhor indiv??duo da gera????o:[1, 4, 10, 11, 21, 31, 40, 44, 56, 61, 63, 70] - 4068
gera????o: 149: 
[[1, 4, 10, 11, 21, 31, 40, 44, 56, 61, 63, 70] - 4068, [1, 4, 10, 11, 21, 31, 40, 44, 56, 61, 63, 70] - 4068, [1, 4, 10, 11, 21, 31, 40, 44, 56, 61, 63, 70] - 4068, [1, 4, 10, 11, 21, 31, 40, 44, 56, 61, 63, 70] - 4068, [1, 4, 10, 11, 21, 31, 40, 44, 56, 61, 63, 70] - 4068, [1, 4, 10, 11, 21, 31, 40, 44, 56, 61, 63, 70] - 4068, [1, 4, 10, 11, 21, 31, 40, 44, 56, 61, 63, 70] - 4068, [1, 4, 10, 11, 21, 31, 40, 44, 56, 61, 63, 70] - 4068, [1, 4, 10, 11, 21, 31, 40, 44, 56, 61, 63, 70] - 4068]
melhor indiv??duo da gera????o:[1, 4, 10, 11, 21, 31, 40, 44, 56, 61, 63, 70] - 4068
gera????o: 150: 
[[1, 4, 10, 11, 21, 31, 40, 44, 56, 61, 63, 70] - 4068, [1, 4, 10, 11, 21, 31, 40, 44, 56, 61, 63, 70] - 4068, [1, 4, 10, 11, 21, 31, 40, 44, 56, 61, 63, 70] - 4068, [1, 4, 10, 11, 21, 31, 40, 44, 56, 61, 63, 70] - 4068, [1, 4, 10, 11, 21, 31, 40, 44, 56, 61, 63, 70] - 4068, [1, 4, 10, 11, 21, 31, 40, 44, 56, 61, 63, 70] - 4068, [1, 4, 10, 11, 21, 31, 40, 44, 56, 61, 63, 70] - 4068, [1, 4, 10, 11, 21, 31, 40, 44, 56, 61, 63, 70] - 4068, [1, 4, 10, 11, 21, 31, 40, 44, 56, 61, 63, 70] - 4068]
melhor indiv??duo da gera????o:[1, 4, 10, 11, 21, 31, 40, 44, 56, 61, 63, 70] - 4068
______________________________________________________________________________________________________________________________
