gera????o: 1: 
[[1, 2, 4, 11, 20, 30, 32, 40, 41, 45, 47, 55, 58, 62, 70] - 4855, [1, 3, 12, 22, 23, 33, 40, 44, 45, 56, 60, 64, 67, 69, 70] - 5882, [1, 4, 11, 20, 31, 32, 39, 40, 44, 54, 56, 61, 65, 68, 70] - 5755, [1, 2, 9, 13, 21, 22, 25, 26, 28, 34, 46, 49, 55, 58, 62, 70] - 4560, [1, 3, 13, 22, 23, 33, 34, 46, 49, 55, 56, 57, 70] - 4904, [1, 3, 13, 14, 22, 33, 47, 56, 57, 70] - 4487, [1, 4, 10, 20, 29, 38, 43, 52, 59, 60, 64, 67, 68, 70] - 6164, [1, 4, 11, 20, 32, 40, 44, 50, 53, 61, 63, 70] - 4825, [1, 4, 11, 21, 23, 33, 40, 44, 54, 56, 63, 70] - 4310, [1, 2, 9, 11, 20, 21, 31, 32, 40, 44, 50, 53, 60, 61, 63, 70] - 5414, [1, 3, 23, 31, 41, 44, 54, 61, 65, 66, 67, 68, 70] - 5891, [1, 2, 3, 9, 21, 31, 33, 47, 56, 60, 65, 66, 67, 68, 70] - 6729, [1, 4, 11, 20, 30, 32, 39, 40, 41, 45, 56, 60, 65, 66, 67, 68, 70] - 7304, [1, 3, 23, 31, 32, 37, 38, 43, 52, 53, 61, 65, 66, 67, 68, 70] - 6858, [1, 3, 23, 25, 33, 40, 44, 56, 60, 61, 68, 70] - 5587, [1, 3, 5, 6, 8, 15, 17, 26, 33, 49, 55, 57, 70] - 4241, [1, 2, 9, 11, 20, 32, 37, 42, 52, 59, 66, 67, 68, 70] - 6147, [1, 4, 11, 20, 30, 31, 33, 41, 47, 49, 58, 62, 70] - 5034, [1, 4, 11, 21, 22, 23, 33, 49, 55, 57, 70] - 4008, [1, 3, 13, 22, 23, 33, 41, 45, 57, 70] - 3787]
melhor indiv??duo da gera????o:[1, 3, 13, 22, 23, 33, 41, 45, 57, 70] - 3787
gera????o: 2: 
[[1, 3, 12, 22, 23, 33, 40, 44, 45, 56, 60, 64, 67, 69, 70] - 5882, [1, 2, 9, 13, 21, 22, 25, 26, 28, 34, 46, 49, 55, 58, 62, 70] - 4560, [1, 3, 13, 14, 22, 33, 47, 56, 57, 70] - 4487, [1, 4, 11, 20, 32, 40, 44, 50, 53, 61, 63, 70] - 4825, [1, 2, 9, 11, 20, 21, 31, 32, 40, 44, 50, 53, 60, 61, 63, 70] - 5414, [1, 2, 3, 9, 21, 31, 33, 47, 56, 60, 65, 66, 67, 68, 70] - 6729, [1, 3, 23, 31, 32, 37, 38, 43, 52, 53, 61, 65, 66, 67, 68, 70] - 6858, [1, 3, 5, 6, 8, 15, 17, 26, 33, 49, 55, 57, 70] - 4241, [1, 4, 11, 20, 30, 31, 33, 41, 47, 49, 58, 62, 70] - 5034, [1, 3, 13, 22, 23, 33, 41, 45, 57, 70] - 3787, [1, 4, 10, 20, 29, 38, 43, 52, 59, 60, 64, 67, 68, 70] - 6164, [1, 3, 23, 25, 33, 40, 44, 56, 60, 61, 68, 70] - 5587, [1, 2, 9, 11, 20, 21, 31, 32, 40, 44, 50, 53, 60, 61, 63, 70] - 5414, [1, 3, 13, 22, 23, 33, 41, 45, 57, 70] - 3787, [1, 3, 12, 22, 23, 33, 40, 44, 45, 56, 60, 64, 67, 69, 70] - 5882]
melhor indiv??duo da gera????o:[1, 3, 13, 22, 23, 33, 41, 45, 57, 70] - 3787
gera????o: 3: 
[[1, 2, 9, 13, 21, 22, 25, 26, 28, 34, 46, 49, 55, 58, 62, 70] - 4560, [1, 4, 11, 20, 32, 40, 44, 50, 53, 61, 63, 70] - 4825, [1, 2, 3, 9, 21, 31, 33, 47, 56, 60, 65, 66, 67, 68, 70] - 6729, [1, 3, 5, 6, 8, 15, 17, 26, 33, 49, 55, 57, 70] - 4241, [1, 3, 13, 22, 23, 33, 41, 45, 57, 70] - 3787, [1, 3, 23, 25, 33, 40, 44, 56, 60, 61, 68, 70] - 5587, [1, 3, 13, 22, 23, 33, 41, 45, 57, 70] - 3787, [1, 3, 13, 22, 23, 33, 41, 45, 57, 70] - 3787, [1, 3, 23, 31, 32, 37, 38, 43, 52, 53, 61, 65, 66, 67, 68, 70] - 6858, [1, 2, 3, 9, 21, 31, 33, 47, 56, 60, 65, 66, 67, 68, 70] - 6729, [1, 3, 13, 14, 22, 33, 47, 56, 57, 70] - 4487, [1, 3, 13, 22, 23, 33, 41, 45, 57, 70] - 3787]
melhor indiv??duo da gera????o:[1, 3, 13, 22, 23, 33, 41, 45, 57, 70] - 3787
______________________________________________________________________________________________________________________________
