gera????o: 1: 
[[1, 3, 9, 11, 20, 21, 23, 31, 40, 44, 45, 57, 70] - 4855, [1, 3, 9, 13, 40, 44, 53, 54, 61, 65, 66, 67, 68, 70] - 6085, [1, 2, 3, 9, 11, 20, 29, 37, 39, 53, 61, 63, 70] - 4780, [1, 4, 10, 11, 21, 22, 24, 28, 35, 49, 58, 62, 70] - 4572, [1, 4, 10, 20, 21, 23, 33, 47, 56, 63, 70] - 4524, [1, 2, 9, 11, 20, 37, 42, 51, 59, 60, 61, 68, 70] - 5205, [1, 3, 13, 22, 23, 25, 33, 39, 42, 51, 59, 66, 67, 69, 70] - 6375, [1, 3, 13, 23, 33, 40, 41, 47, 49, 58, 62, 70] - 4524, [1, 2, 4, 10, 11, 21, 23, 25, 26, 33, 34, 46, 47, 49, 55, 58, 62, 70] - 5199, [1, 2, 4, 11, 20, 30, 32, 40, 44, 50, 53, 54, 56, 63, 70] - 4932, [1, 4, 11, 21, 22, 24, 36, 49, 58, 62, 70] - 4905, [1, 2, 4, 11, 21, 23, 33, 41, 45, 56, 63, 70] - 4110, [1, 4, 11, 20, 37, 38, 43, 51, 59, 64, 65, 66, 67, 69, 70] - 6520, [1, 3, 23, 33, 47, 55, 58, 62, 70] - 3571, [1, 2, 4, 10, 20, 32, 37, 42, 52, 59, 60, 65, 66, 67, 68, 70] - 6646, [1, 4, 10, 20, 30, 31, 33, 39, 53, 60, 64, 65, 68, 70] - 6074, [1, 2, 4, 10, 20, 30, 32, 40, 44, 50, 53, 60, 64, 65, 68, 70] - 5559, [1, 3, 5, 6, 17, 24, 26, 28, 34, 46, 49, 58, 62, 70] - 4250, [1, 4, 11, 21, 23, 31, 32, 37, 38, 43, 51, 59, 66, 67, 69, 70] - 6074, [1, 2, 9, 11, 20, 30, 31, 32, 37, 39, 50, 53, 60, 61, 63, 70] - 5429]
melhor indiv??duo da gera????o:[1, 3, 23, 33, 47, 55, 58, 62, 70] - 3571
gera????o: 2: 
[[1, 3, 9, 13, 40, 44, 53, 54, 61, 65, 66, 67, 68, 70] - 6085, [1, 4, 10, 11, 21, 22, 24, 28, 35, 49, 58, 62, 70] - 4572, [1, 2, 9, 11, 20, 37, 42, 51, 59, 60, 61, 68, 70] - 5205, [1, 3, 13, 23, 33, 40, 41, 47, 49, 58, 62, 70] - 4524, [1, 2, 4, 11, 20, 30, 32, 40, 44, 50, 53, 54, 56, 63, 70] - 4932, [1, 2, 4, 11, 21, 23, 33, 41, 45, 56, 63, 70] - 4110, [1, 3, 23, 33, 47, 55, 58, 62, 70] - 3571, [1, 4, 10, 20, 30, 31, 33, 39, 53, 60, 64, 65, 68, 70] - 6074, [1, 3, 5, 6, 17, 24, 26, 28, 34, 46, 49, 58, 62, 70] - 4250, [1, 2, 9, 11, 20, 30, 31, 32, 37, 39, 50, 53, 60, 61, 63, 70] - 5429, [1, 2, 4, 11, 20, 30, 32, 40, 44, 50, 53, 54, 56, 63, 70] - 4932, [1, 3, 13, 23, 33, 40, 41, 47, 49, 58, 62, 70] - 4524, [1, 4, 10, 11, 21, 22, 24, 28, 35, 49, 58, 62, 70] - 4572, [1, 3, 13, 23, 33, 40, 41, 47, 49, 58, 62, 70] - 4524, [1, 3, 13, 23, 33, 40, 41, 47, 49, 58, 62, 70] - 4524, [1, 3, 23, 33, 47, 55, 58, 62, 70] - 3571, [1, 3, 23, 33, 47, 55, 58, 62, 70] - 3571, [1, 3, 9, 13, 40, 44, 53, 54, 61, 65, 66, 67, 68, 70] - 6085, [1, 3, 9, 11, 20, 21, 23, 31, 40, 44, 45, 57, 70] - 4855]
melhor indiv??duo da gera????o:[1, 3, 23, 33, 47, 55, 58, 62, 70] - 3571
gera????o: 3: 
[[1, 4, 10, 11, 21, 22, 24, 28, 35, 49, 58, 62, 70] - 4572, [1, 3, 13, 23, 33, 40, 41, 47, 49, 58, 62, 70] - 4524, [1, 2, 4, 11, 21, 23, 33, 41, 45, 56, 63, 70] - 4110, [1, 3, 23, 33, 47, 55, 58, 62, 70] - 3571, [1, 3, 5, 6, 17, 24, 26, 28, 34, 46, 49, 58, 62, 70] - 4250, [1, 2, 4, 11, 20, 30, 32, 40, 44, 50, 53, 54, 56, 63, 70] - 4932, [1, 4, 10, 11, 21, 22, 24, 28, 35, 49, 58, 62, 70] - 4572, [1, 3, 13, 23, 33, 40, 41, 47, 49, 58, 62, 70] - 4524, [1, 3, 23, 33, 47, 55, 58, 62, 70] - 3571, [1, 3, 23, 33, 47, 55, 58, 62, 70] - 3571, [1, 3, 9, 11, 20, 21, 23, 31, 40, 44, 45, 57, 70] - 4855, [1, 2, 4, 11, 21, 23, 33, 41, 45, 56, 63, 70] - 4110, [1, 3, 13, 23, 33, 40, 41, 47, 49, 58, 62, 70] - 4524, [1, 3, 5, 6, 17, 24, 26, 28, 34, 46, 49, 58, 62, 70] - 4250, [1, 3, 23, 33, 47, 55, 58, 62, 70] - 3571, [1, 3, 23, 33, 47, 55, 58, 62, 70] - 3571, [1, 3, 23, 33, 47, 55, 58, 62, 70] - 3571, [1, 3, 23, 33, 47, 55, 58, 62, 70] - 3571, [1, 3, 23, 33, 47, 55, 58, 62, 70] - 3571, [1, 3, 13, 23, 33, 40, 41, 47, 49, 58, 62, 70] - 4524, [1, 3, 13, 23, 33, 40, 41, 47, 49, 58, 62, 70] - 4524]
melhor indiv??duo da gera????o:[1, 3, 23, 33, 47, 55, 58, 62, 70] - 3571
gera????o: 4: 
[[1, 3, 13, 23, 33, 40, 41, 47, 49, 58, 62, 70] - 4524, [1, 3, 23, 33, 47, 55, 58, 62, 70] - 3571, [1, 2, 4, 11, 20, 30, 32, 40, 44, 50, 53, 54, 56, 63, 70] - 4932, [1, 3, 13, 23, 33, 40, 41, 47, 49, 58, 62, 70] - 4524, [1, 3, 23, 33, 47, 55, 58, 62, 70] - 3571, [1, 2, 4, 11, 21, 23, 33, 41, 45, 56, 63, 70] - 4110, [1, 3, 5, 6, 17, 24, 26, 28, 34, 46, 49, 58, 62, 70] - 4250, [1, 3, 23, 33, 47, 55, 58, 62, 70] - 3571, [1, 3, 23, 33, 47, 55, 58, 62, 70] - 3571, [1, 3, 13, 23, 33, 40, 41, 47, 49, 58, 62, 70] - 4524, [1, 3, 23, 33, 47, 55, 58, 62, 70] - 3571, [1, 3, 23, 33, 47, 55, 58, 62, 70] - 3571, [1, 3, 23, 33, 47, 55, 58, 62, 70] - 3571, [1, 3, 23, 33, 47, 55, 58, 62, 70] - 3571]
melhor indiv??duo da gera????o:[1, 3, 23, 33, 47, 55, 58, 62, 70] - 3571
gera????o: 5: 
[[1, 3, 23, 33, 47, 55, 58, 62, 70] - 3571, [1, 3, 13, 23, 33, 40, 41, 47, 49, 58, 62, 70] - 4524, [1, 2, 4, 11, 21, 23, 33, 41, 45, 56, 63, 70] - 4110, [1, 3, 23, 33, 47, 55, 58, 62, 70] - 3571, [1, 3, 13, 23, 33, 40, 41, 47, 49, 58, 62, 70] - 4524, [1, 3, 23, 33, 47, 55, 58, 62, 70] - 3571, [1, 3, 23, 33, 47, 55, 58, 62, 70] - 3571, [1, 3, 23, 33, 47, 55, 58, 62, 70] - 3571, [1, 3, 5, 6, 17, 24, 26, 28, 34, 46, 49, 58, 62, 70] - 4250, [1, 3, 23, 33, 47, 55, 58, 62, 70] - 3571, [1, 3, 13, 23, 33, 40, 41, 47, 49, 58, 62, 70] - 4524, [1, 3, 23, 33, 47, 55, 58, 62, 70] - 3571, [1, 3, 23, 33, 47, 55, 58, 62, 70] - 3571]
melhor indiv??duo da gera????o:[1, 3, 23, 33, 47, 55, 58, 62, 70] - 3571
gera????o: 6: 
[[1, 3, 13, 23, 33, 40, 41, 47, 49, 58, 62, 70] - 4524, [1, 3, 23, 33, 47, 55, 58, 62, 70] - 3571, [1, 3, 23, 33, 47, 55, 58, 62, 70] - 3571, [1, 3, 23, 33, 47, 55, 58, 62, 70] - 3571, [1, 3, 23, 33, 47, 55, 58, 62, 70] - 3571, [1, 3, 23, 33, 47, 55, 58, 62, 70] - 3571, [1, 3, 23, 33, 47, 55, 58, 62, 70] - 3571, [1, 3, 13, 23, 33, 40, 41, 47, 49, 58, 62, 70] - 4524, [1, 3, 23, 33, 47, 55, 58, 62, 70] - 3571, [1, 3, 13, 23, 33, 40, 41, 47, 49, 58, 62, 70] - 4524, [1, 3, 23, 33, 47, 55, 58, 62, 70] - 3571, [1, 3, 23, 33, 47, 55, 58, 62, 70] - 3571]
melhor indiv??duo da gera????o:[1, 3, 23, 33, 47, 55, 58, 62, 70] - 3571
gera????o: 7: 
[[1, 3, 23, 33, 47, 55, 58, 62, 70] - 3571, [1, 3, 23, 33, 47, 55, 58, 62, 70] - 3571, [1, 3, 23, 33, 47, 55, 58, 62, 70] - 3571, [1, 3, 13, 23, 33, 40, 41, 47, 49, 58, 62, 70] - 4524, [1, 3, 13, 23, 33, 40, 41, 47, 49, 58, 62, 70] - 4524, [1, 3, 23, 33, 47, 55, 58, 62, 70] - 3571, [1, 3, 23, 33, 47, 55, 58, 62, 70] - 3571, [1, 3, 23, 33, 47, 55, 58, 62, 70] - 3571, [1, 3, 23, 33, 47, 55, 58, 62, 70] - 3571, [1, 3, 23, 33, 47, 55, 58, 62, 70] - 3571, [1, 3, 23, 33, 47, 55, 58, 62, 70] - 3571]
melhor indiv??duo da gera????o:[1, 3, 23, 33, 47, 55, 58, 62, 70] - 3571
______________________________________________________________________________________________________________________________
