gera????o: 1: 
[[1, 3, 5, 6, 22, 33, 41, 45, 57, 70] - 3740, [1, 3, 9, 21, 22, 25, 33, 49, 55, 56, 63, 70] - 4376, [1, 3, 5, 12, 22, 33, 46, 47, 49, 55, 58, 62, 70] - 4450, [1, 4, 11, 20, 37, 39, 40, 44, 54, 61, 63, 70] - 4510, [1, 4, 11, 21, 31, 41, 44, 55, 58, 62, 70] - 4541, [1, 3, 5, 6, 8, 15, 16, 24, 27, 35, 49, 58, 62, 70] - 4588, [1, 4, 10, 20, 21, 23, 33, 47, 49, 55, 58, 62, 70] - 4643, [1, 2, 9, 11, 21, 23, 33, 34, 41, 44, 55, 57, 70] - 4732, [1, 2, 4, 11, 20, 39, 44, 45, 47, 55, 57, 70] - 4798, [1, 2, 9, 21, 23, 33, 34, 46, 49, 55, 56, 57, 70] - 4816, [1, 2, 9, 11, 20, 31, 32, 37, 39, 40, 44, 54, 56, 63, 70] - 4903, [1, 2, 4, 11, 20, 31, 41, 47, 49, 58, 62, 70] - 5017, [1, 3, 5, 6, 8, 15, 17, 18, 24, 36, 48, 58, 62, 70] - 5071, [1, 4, 10, 20, 21, 22, 25, 33, 40, 44, 53, 61, 63, 70] - 5315, [1, 3, 5, 12, 14, 22, 23, 33, 39, 50, 53, 60, 65, 68, 70] - 5436, [1, 2, 4, 10, 11, 20, 29, 38, 43, 52, 60, 65, 68, 70] - 5558, [1, 4, 11, 21, 23, 31, 32, 37, 42, 51, 59, 66, 67, 68, 70] - 6250, [1, 2, 4, 11, 20, 30, 31, 32, 37, 38, 43, 51, 59, 64, 65, 68, 70] - 6375, [1, 3, 9, 11, 20, 31, 41, 47, 49, 55, 56, 60, 61, 63, 70] - 6563, [1, 4, 11, 20, 39, 42, 43, 52, 59, 60, 61, 65, 67, 69, 70] - 7249]
melhor indiv??duo da gera????o:[1, 3, 5, 6, 22, 33, 41, 45, 57, 70] - 3740
gera????o: 2: 
[[1, 2, 9, 21, 22, 25, 33, 47, 55, 58, 62, 70] - 3791, [1, 3, 12, 22, 33, 40, 44, 55, 58, 62, 70] - 4326, [1, 3, 5, 12, 22, 33, 46, 47, 49, 55, 58, 62, 70] - 4450, [1, 2, 3, 5, 6, 22, 25, 26, 34, 35, 46, 49, 55, 57, 70] - 4482, [1, 4, 11, 21, 31, 41, 44, 55, 58, 62, 70] - 4541, [1, 4, 10, 20, 21, 23, 33, 47, 49, 55, 58, 62, 70] - 4643, [1, 2, 9, 11, 21, 23, 33, 34, 41, 44, 55, 57, 70] - 4732, [1, 3, 12, 14, 17, 26, 34, 35, 36, 48, 58, 62, 70] - 4750, [1, 2, 4, 11, 20, 39, 44, 45, 47, 55, 57, 70] - 4798, [1, 3, 23, 25, 26, 31, 41, 44, 54, 61, 63, 70] - 4818, [1, 2, 4, 10, 11, 20, 39, 44, 55, 58, 62, 70] - 4825, [1, 2, 9, 11, 20, 31, 32, 37, 39, 40, 44, 54, 56, 63, 70] - 4903, [1, 2, 4, 11, 20, 31, 41, 47, 49, 58, 62, 70] - 5017, [1, 4, 10, 11, 20, 37, 39, 50, 53, 54, 56, 61, 65, 68, 70] - 5278, [1, 4, 10, 20, 21, 22, 25, 33, 40, 44, 53, 61, 63, 70] - 5315, [1, 4, 10, 20, 37, 38, 43, 51, 59, 64, 66, 67, 69, 70] - 5502, [1, 2, 4, 10, 20, 39, 42, 51, 59, 64, 67, 69, 70] - 5810, [1, 2, 4, 11, 20, 30, 31, 32, 37, 38, 43, 51, 59, 64, 65, 68, 70] - 6375, [1, 4, 11, 20, 29, 38, 43, 52, 53, 54, 61, 65, 67, 69, 70] - 6519, [1, 4, 11, 21, 22, 25, 33, 39, 40, 44, 53, 60, 65, 67, 69, 70] - 6744, [1, 4, 11, 20, 39, 42, 43, 52, 59, 60, 61, 65, 67, 69, 70] - 7249]
melhor indiv??duo da gera????o:[1, 2, 9, 21, 22, 25, 33, 47, 55, 58, 62, 70] - 3791
gera????o: 3: 
[[1, 2, 3, 23, 31, 33, 49, 58, 62, 70] - 3871, [1, 3, 12, 22, 33, 40, 44, 55, 58, 62, 70] - 4326, [1, 2, 3, 5, 6, 22, 25, 26, 34, 35, 46, 49, 55, 57, 70] - 4482, [1, 4, 11, 21, 31, 41, 44, 55, 58, 62, 70] - 4541, [1, 3, 9, 21, 31, 32, 37, 39, 50, 53, 61, 63, 70] - 4558, [1, 4, 10, 20, 21, 23, 33, 47, 49, 55, 58, 62, 70] - 4643, [1, 2, 9, 11, 21, 23, 33, 34, 41, 44, 55, 57, 70] - 4732, [1, 2, 4, 11, 20, 39, 44, 45, 47, 55, 57, 70] - 4798, [1, 2, 4, 10, 11, 20, 39, 44, 55, 58, 62, 70] - 4825, [1, 3, 5, 6, 14, 22, 23, 31, 40, 41, 46, 47, 49, 58, 62, 70] - 4904, [1, 2, 4, 11, 20, 31, 41, 47, 49, 58, 62, 70] - 5017, [1, 4, 10, 11, 20, 37, 39, 50, 53, 54, 56, 61, 65, 68, 70] - 5278, [1, 4, 10, 20, 37, 38, 43, 51, 59, 64, 66, 67, 69, 70] - 5502, [1, 4, 10, 20, 32, 37, 39, 40, 44, 55, 56, 61, 68, 70] - 5764, [1, 2, 4, 11, 20, 30, 31, 32, 37, 38, 43, 51, 59, 64, 65, 68, 70] - 6375, [1, 4, 11, 21, 22, 25, 33, 39, 40, 44, 53, 60, 65, 67, 69, 70] - 6744]
melhor indiv??duo da gera????o:[1, 2, 3, 23, 31, 33, 49, 58, 62, 70] - 3871
gera????o: 4: 
[[1, 2, 3, 23, 31, 33, 49, 58, 62, 70] - 3871, [1, 3, 12, 22, 33, 40, 44, 55, 58, 62, 70] - 4326, [1, 4, 11, 21, 31, 41, 44, 55, 58, 62, 70] - 4541, [1, 3, 23, 31, 41, 47, 56, 61, 63, 70] - 4611, [1, 4, 10, 20, 21, 23, 33, 47, 49, 55, 58, 62, 70] - 4643, [1, 2, 4, 11, 20, 39, 44, 45, 47, 55, 57, 70] - 4798, [1, 3, 5, 6, 14, 22, 23, 31, 40, 41, 46, 47, 49, 58, 62, 70] - 4904, [1, 2, 4, 11, 20, 31, 41, 47, 49, 58, 62, 70] - 5017, [1, 2, 4, 10, 20, 21, 31, 40, 44, 45, 47, 49, 55, 58, 62, 70] - 5145, [1, 4, 11, 21, 22, 25, 26, 28, 36, 48, 49, 55, 56, 63, 70] - 5348, [1, 4, 10, 20, 37, 38, 43, 51, 59, 64, 66, 67, 69, 70] - 5502, [1, 4, 10, 20, 32, 37, 39, 40, 44, 55, 56, 61, 68, 70] - 5764, [1, 3, 5, 12, 13, 14, 22, 33, 41, 47, 55, 56, 60, 61, 63, 70] - 5860, [1, 4, 11, 20, 39, 42, 52, 59, 64, 66, 67, 68, 70] - 6411, [1, 4, 10, 20, 37, 39, 42, 43, 52, 53, 54, 61, 65, 67, 68, 70] - 6551, [1, 2, 3, 9, 21, 23, 25, 33, 39, 42, 52, 59, 66, 67, 68, 70] - 6801, [1, 2, 4, 11, 21, 22, 33, 39, 42, 43, 52, 59, 64, 67, 68, 70] - 7217]
melhor indiv??duo da gera????o:[1, 2, 3, 23, 31, 33, 49, 58, 62, 70] - 3871
gera????o: 5: 
[[1, 2, 3, 23, 31, 33, 49, 58, 62, 70] - 3871, [1, 3, 12, 22, 33, 40, 44, 55, 58, 62, 70] - 4326, [1, 3, 13, 21, 31, 41, 46, 49, 58, 62, 70] - 4479, [1, 4, 11, 21, 31, 33, 34, 35, 49, 58, 62, 70] - 4546, [1, 3, 23, 31, 41, 47, 56, 61, 63, 70] - 4611, [1, 3, 23, 31, 33, 47, 56, 61, 68, 70] - 4656, [1, 2, 9, 11, 20, 21, 22, 23, 31, 41, 45, 57, 70] - 4770, [1, 4, 10, 11, 21, 23, 31, 41, 46, 47, 55, 58, 62, 70] - 4803, [1, 2, 4, 10, 11, 20, 37, 42, 50, 53, 54, 61, 68, 70] - 4987, [1, 2, 4, 11, 20, 31, 41, 47, 49, 58, 62, 70] - 5017, [1, 3, 9, 13, 22, 24, 27, 35, 46, 47, 49, 58, 62, 70] - 5243, [1, 4, 11, 21, 22, 25, 26, 28, 36, 48, 49, 55, 56, 63, 70] - 5348, [1, 4, 10, 20, 37, 38, 43, 51, 59, 64, 66, 67, 69, 70] - 5502, [1, 4, 10, 20, 32, 37, 39, 40, 44, 55, 56, 61, 68, 70] - 5764, [1, 2, 9, 11, 21, 23, 31, 32, 39, 42, 43, 51, 59, 60, 64, 67, 68, 70] - 6013, [1, 4, 11, 20, 39, 42, 52, 59, 64, 66, 67, 68, 70] - 6411, [1, 2, 3, 9, 21, 23, 25, 33, 39, 42, 52, 59, 66, 67, 68, 70] - 6801, [1, 2, 4, 11, 21, 22, 33, 39, 42, 43, 52, 59, 64, 67, 68, 70] - 7217]
melhor indiv??duo da gera????o:[1, 2, 3, 23, 31, 33, 49, 58, 62, 70] - 3871
gera????o: 6: 
[[1, 2, 3, 23, 31, 33, 49, 58, 62, 70] - 3871, [1, 3, 12, 22, 33, 40, 44, 55, 58, 62, 70] - 4326, [1, 3, 13, 21, 31, 41, 46, 49, 58, 62, 70] - 4479, [1, 4, 11, 21, 31, 33, 34, 35, 49, 58, 62, 70] - 4546, [1, 3, 23, 31, 33, 47, 56, 61, 68, 70] - 4656, [1, 2, 3, 12, 13, 40, 41, 47, 55, 56, 57, 70] - 4790, [1, 4, 10, 11, 21, 23, 31, 41, 46, 47, 55, 58, 62, 70] - 4803, [1, 2, 4, 10, 11, 20, 37, 42, 50, 53, 54, 61, 68, 70] - 4987, [1, 4, 11, 21, 22, 33, 34, 35, 49, 55, 56, 63, 70] - 5146, [1, 3, 9, 13, 22, 24, 27, 35, 46, 47, 49, 58, 62, 70] - 5243, [1, 4, 10, 11, 21, 22, 23, 33, 41, 46, 47, 55, 56, 57, 70] - 5270, [1, 4, 10, 20, 37, 38, 43, 51, 59, 64, 66, 67, 69, 70] - 5502, [1, 4, 11, 21, 31, 40, 41, 47, 49, 55, 56, 61, 68, 70] - 5543, [1, 4, 10, 20, 32, 37, 39, 40, 44, 55, 56, 61, 68, 70] - 5764, [1, 2, 9, 11, 21, 23, 31, 32, 39, 42, 43, 51, 59, 60, 64, 67, 68, 70] - 6013, [1, 4, 11, 20, 39, 42, 52, 59, 64, 66, 67, 68, 70] - 6411, [1, 3, 13, 40, 41, 46, 47, 56, 61, 65, 66, 67, 69, 70] - 6530, [1, 2, 4, 11, 21, 22, 33, 39, 42, 43, 52, 59, 64, 67, 68, 70] - 7217]
melhor indiv??duo da gera????o:[1, 2, 3, 23, 31, 33, 49, 58, 62, 70] - 3871
gera????o: 7: 
[[1, 4, 11, 21, 31, 33, 49, 55, 57, 70] - 3943, [1, 3, 13, 22, 23, 33, 40, 44, 45, 57, 70] - 4184, [1, 3, 23, 25, 26, 33, 47, 56, 63, 70] - 4245, [1, 3, 12, 22, 33, 40, 44, 55, 58, 62, 70] - 4326, [1, 3, 13, 21, 31, 41, 46, 49, 58, 62, 70] - 4479, [1, 3, 5, 6, 26, 34, 41, 46, 49, 58, 62, 70] - 4624, [1, 3, 23, 31, 33, 47, 56, 61, 68, 70] - 4656, [1, 4, 10, 11, 21, 23, 31, 41, 46, 47, 55, 58, 62, 70] - 4803, [1, 2, 3, 5, 6, 8, 17, 24, 36, 49, 55, 56, 63, 70] - 4980, [1, 4, 11, 21, 22, 33, 34, 35, 49, 55, 56, 63, 70] - 5146, [1, 4, 10, 20, 29, 38, 43, 52, 53, 54, 61, 68, 70] - 5253, [1, 4, 10, 11, 20, 31, 33, 40, 44, 53, 54, 56, 63, 70] - 5276, [1, 4, 11, 21, 31, 40, 41, 47, 49, 55, 56, 61, 68, 70] - 5543, [1, 2, 9, 11, 21, 23, 31, 32, 39, 42, 43, 51, 59, 60, 64, 67, 68, 70] - 6013, [1, 4, 11, 21, 31, 32, 37, 42, 52, 60, 64, 65, 66, 67, 69, 70] - 6253, [1, 2, 9, 11, 20, 39, 56, 60, 65, 67, 68, 70] - 6377, [1, 2, 4, 10, 20, 31, 40, 44, 53, 60, 65, 66, 67, 68, 70] - 6516, [1, 2, 3, 9, 13, 40, 41, 47, 56, 60, 64, 66, 67, 68, 70] - 6598]
melhor indiv??duo da gera????o:[1, 4, 11, 21, 31, 33, 49, 55, 57, 70] - 3943
gera????o: 8: 
[[1, 4, 11, 21, 31, 33, 49, 55, 57, 70] - 3943, [1, 3, 13, 22, 23, 33, 40, 44, 45, 57, 70] - 4184, [1, 3, 5, 6, 8, 15, 17, 24, 34, 46, 49, 58, 62, 70] - 4248, [1, 3, 12, 14, 25, 33, 41, 46, 49, 55, 57, 70] - 4476, [1, 2, 4, 10, 11, 21, 22, 25, 33, 49, 55, 56, 63, 70] - 4479, [1, 3, 5, 6, 26, 34, 41, 46, 49, 58, 62, 70] - 4624, [1, 3, 23, 31, 33, 47, 56, 61, 68, 70] - 4656, [1, 4, 10, 11, 21, 31, 40, 41, 45, 47, 56, 57, 70] - 4706, [1, 4, 10, 20, 31, 33, 46, 47, 56, 63, 70] - 4857, [1, 2, 3, 5, 6, 8, 17, 24, 36, 49, 55, 56, 63, 70] - 4980, [1, 4, 10, 20, 31, 40, 44, 50, 53, 60, 61, 63, 70] - 5059, [1, 4, 10, 20, 29, 38, 43, 52, 53, 54, 61, 68, 70] - 5253, [1, 2, 9, 21, 31, 40, 44, 55, 56, 60, 61, 63, 70] - 5515, [1, 4, 11, 21, 31, 32, 39, 56, 61, 65, 67, 69, 70] - 5755, [1, 2, 9, 11, 21, 23, 31, 32, 39, 42, 43, 51, 59, 60, 64, 67, 68, 70] - 6013, [1, 2, 3, 13, 14, 22, 25, 33, 49, 55, 56, 60, 64, 65, 68, 70] - 6211, [1, 2, 9, 11, 20, 39, 56, 60, 65, 67, 68, 70] - 6377, [1, 2, 4, 10, 20, 31, 40, 44, 53, 60, 65, 66, 67, 68, 70] - 6516]
melhor indiv??duo da gera????o:[1, 4, 11, 21, 31, 33, 49, 55, 57, 70] - 3943
gera????o: 9: 
[[1, 3, 12, 22, 25, 26, 33, 49, 55, 57, 70] - 3875, [1, 3, 13, 22, 23, 33, 40, 44, 45, 57, 70] - 4184, [1, 3, 12, 22, 25, 26, 33, 40, 41, 45, 56, 63, 70] - 4401, [1, 3, 13, 40, 44, 53, 54, 56, 57, 70] - 4477, [1, 3, 5, 6, 26, 34, 41, 46, 49, 58, 62, 70] - 4624, [1, 4, 10, 11, 21, 31, 40, 41, 45, 47, 56, 57, 70] - 4706, [1, 4, 10, 20, 31, 33, 46, 47, 56, 63, 70] - 4857, [1, 2, 3, 5, 6, 8, 17, 24, 36, 49, 55, 56, 63, 70] - 4980, [1, 4, 10, 20, 31, 40, 44, 50, 53, 60, 61, 63, 70] - 5059, [1, 3, 5, 6, 8, 15, 17, 18, 24, 28, 35, 49, 55, 56, 63, 70] - 5324, [1, 3, 9, 11, 20, 21, 23, 25, 26, 34, 41, 47, 55, 58, 62, 70] - 5396, [1, 2, 9, 21, 31, 40, 44, 55, 56, 60, 61, 63, 70] - 5515, [1, 4, 11, 21, 31, 32, 39, 56, 61, 65, 67, 69, 70] - 5755, [1, 3, 23, 31, 33, 34, 46, 47, 56, 60, 65, 68, 70] - 5989, [1, 3, 13, 22, 33, 46, 47, 56, 61, 65, 67, 68, 70] - 6078, [1, 4, 10, 20, 30, 31, 32, 37, 42, 52, 59, 66, 67, 68, 70] - 6328, [1, 2, 9, 11, 20, 39, 56, 60, 65, 67, 68, 70] - 6377, [1, 2, 4, 10, 20, 32, 40, 41, 46, 49, 55, 56, 60, 64, 67, 69, 70] - 7025]
melhor indiv??duo da gera????o:[1, 3, 12, 22, 25, 26, 33, 49, 55, 57, 70] - 3875
gera????o: 10: 
[[1, 3, 12, 22, 25, 26, 33, 49, 55, 57, 70] - 3875, [1, 2, 9, 13, 31, 33, 47, 56, 61, 63, 70] - 4167, [1, 3, 9, 21, 22, 33, 46, 47, 55, 57, 70] - 4210, [1, 2, 9, 13, 40, 44, 54, 61, 65, 68, 70] - 4388, [1, 2, 4, 10, 20, 32, 40, 41, 47, 55, 58, 62, 70] - 4472, [1, 3, 5, 6, 26, 34, 46, 49, 55, 56, 61, 63, 70] - 4538, [1, 3, 5, 6, 26, 34, 41, 46, 49, 58, 62, 70] - 4624, [1, 2, 4, 10, 11, 20, 32, 40, 44, 45, 56, 57, 70] - 4769, [1, 2, 3, 5, 6, 8, 17, 24, 36, 49, 55, 56, 63, 70] - 4980, [1, 3, 5, 6, 8, 15, 17, 18, 24, 28, 35, 49, 55, 56, 63, 70] - 5324, [1, 4, 11, 20, 37, 39, 42, 52, 53, 60, 61, 63, 70] - 5429, [1, 3, 9, 21, 31, 40, 41, 46, 49, 55, 56, 61, 68, 70] - 5583, [1, 4, 11, 21, 31, 32, 39, 56, 61, 65, 67, 69, 70] - 5755, [1, 2, 3, 13, 23, 33, 40, 41, 44, 56, 60, 61, 68, 70] - 5937, [1, 3, 23, 31, 33, 34, 46, 47, 56, 60, 65, 68, 70] - 5989, [1, 4, 11, 20, 29, 38, 43, 52, 53, 54, 56, 61, 65, 68, 70] - 6079, [1, 2, 9, 11, 20, 39, 56, 60, 65, 67, 68, 70] - 6377, [1, 4, 11, 20, 32, 39, 56, 60, 65, 66, 67, 69, 70] - 6857]
melhor indiv??duo da gera????o:[1, 3, 12, 22, 25, 26, 33, 49, 55, 57, 70] - 3875
melhor valor ?? da gera????o 2!!!!
______________________________________________________________________________________________________________________________
