gera????o: 1: 
[[1, 4, 10, 20, 31, 33, 47, 55, 57, 70] - 4035, [1, 3, 12, 13, 22, 33, 46, 49, 58, 62, 70] - 4037, [1, 2, 3, 5, 12, 22, 33, 47, 56, 57, 70] - 4275, [1, 4, 10, 20, 39, 44, 56, 57, 70] - 4388, [1, 3, 13, 31, 32, 40, 41, 44, 54, 56, 57, 70] - 4433, [1, 3, 23, 25, 26, 28, 35, 36, 48, 58, 62, 70] - 4479, [1, 4, 11, 21, 22, 23, 31, 32, 40, 41, 45, 56, 63, 70] - 4540, [1, 4, 10, 11, 21, 31, 41, 47, 49, 55, 58, 62, 70] - 4562, [1, 2, 9, 13, 23, 25, 33, 41, 46, 49, 55, 58, 62, 70] - 4620, [1, 4, 10, 20, 39, 40, 41, 47, 56, 63, 70] - 4770, [1, 4, 10, 20, 31, 33, 34, 35, 49, 55, 57, 70] - 4834, [1, 4, 10, 11, 21, 31, 33, 40, 41, 47, 56, 63, 70] - 4862, [1, 3, 9, 21, 22, 25, 33, 39, 44, 55, 57, 70] - 5014, [1, 3, 12, 13, 40, 41, 47, 49, 55, 56, 57, 70] - 5029, [1, 2, 3, 12, 22, 24, 27, 28, 36, 49, 58, 62, 70] - 5110, [1, 2, 9, 11, 20, 37, 39, 42, 52, 53, 61, 65, 68, 70] - 5391, [1, 4, 10, 11, 20, 30, 31, 32, 37, 39, 44, 54, 61, 68, 70] - 5464, [1, 2, 4, 10, 20, 39, 50, 53, 60, 65, 67, 69, 70] - 5621, [1, 4, 11, 20, 37, 38, 43, 51, 59, 64, 66, 67, 69, 70] - 5824, [1, 4, 10, 20, 39, 42, 52, 59, 60, 65, 66, 67, 68, 70] - 6504]
melhor indiv??duo da gera????o:[1, 4, 10, 20, 31, 33, 47, 55, 57, 70] - 4035
gera????o: 2: 
[[1, 3, 5, 12, 13, 14, 25, 33, 49, 58, 62, 70] - 3878, [1, 4, 10, 20, 31, 33, 47, 55, 57, 70] - 4035, [1, 3, 5, 6, 26, 34, 35, 46, 49, 58, 62, 70] - 4166, [1, 2, 3, 5, 12, 22, 33, 47, 56, 57, 70] - 4275, [1, 4, 10, 11, 20, 39, 56, 63, 70] - 4348, [1, 3, 23, 31, 41, 44, 54, 56, 57, 70] - 4366, [1, 3, 13, 31, 32, 40, 41, 44, 54, 56, 57, 70] - 4433, [1, 4, 11, 21, 22, 33, 34, 46, 49, 55, 57, 70] - 4505, [1, 4, 11, 21, 22, 23, 31, 32, 40, 41, 45, 56, 63, 70] - 4540, [1, 4, 10, 11, 21, 31, 41, 47, 49, 55, 58, 62, 70] - 4562, [1, 3, 5, 12, 14, 24, 34, 46, 47, 49, 58, 62, 70] - 4602, [1, 4, 10, 20, 39, 40, 41, 47, 56, 63, 70] - 4770, [1, 2, 3, 5, 12, 22, 33, 39, 40, 44, 56, 61, 63, 70] - 4851, [1, 3, 9, 21, 22, 25, 33, 39, 44, 55, 57, 70] - 5014, [1, 3, 23, 31, 41, 44, 50, 53, 54, 56, 61, 68, 70] - 5052, [1, 2, 9, 11, 20, 37, 39, 42, 52, 53, 61, 65, 68, 70] - 5391, [1, 4, 10, 11, 20, 31, 33, 39, 44, 54, 56, 57, 70] - 5577, [1, 4, 11, 20, 37, 38, 43, 51, 59, 64, 66, 67, 69, 70] - 5824, [1, 2, 9, 11, 21, 31, 40, 44, 50, 53, 60, 61, 65, 67, 68, 70] - 6078, [1, 4, 11, 20, 39, 42, 51, 59, 64, 66, 67, 69, 70] - 6185, [1, 4, 10, 20, 29, 38, 43, 52, 53, 60, 61, 65, 66, 67, 69, 70] - 6945]
melhor indiv??duo da gera????o:[1, 3, 5, 12, 13, 14, 25, 33, 49, 58, 62, 70] - 3878
gera????o: 3: 
[[1, 3, 9, 13, 31, 40, 44, 55, 57, 70] - 4032, [1, 3, 5, 6, 26, 34, 35, 46, 49, 58, 62, 70] - 4166, [1, 4, 10, 11, 20, 39, 56, 63, 70] - 4348, [1, 3, 13, 31, 32, 40, 41, 44, 54, 56, 57, 70] - 4433, [1, 2, 4, 11, 21, 31, 32, 40, 44, 45, 47, 55, 58, 62, 70] - 4513, [1, 2, 4, 10, 11, 20, 31, 40, 44, 54, 56, 63, 70] - 4522, [1, 4, 10, 11, 21, 31, 41, 47, 49, 55, 58, 62, 70] - 4562, [1, 3, 5, 12, 14, 24, 34, 46, 47, 49, 58, 62, 70] - 4602, [1, 4, 10, 20, 39, 40, 41, 47, 56, 63, 70] - 4770, [1, 2, 3, 5, 12, 22, 33, 39, 40, 44, 56, 61, 63, 70] - 4851, [1, 4, 11, 20, 31, 40, 41, 47, 49, 58, 62, 70] - 4974, [1, 3, 9, 21, 22, 23, 25, 26, 28, 35, 46, 47, 49, 55, 57, 70] - 5041, [1, 3, 12, 14, 17, 18, 19, 24, 36, 48, 58, 62, 70] - 5111, [1, 2, 9, 11, 20, 37, 39, 42, 52, 53, 61, 65, 68, 70] - 5391, [1, 4, 11, 20, 37, 38, 43, 51, 59, 64, 66, 67, 69, 70] - 5824, [1, 4, 11, 20, 39, 42, 51, 59, 64, 66, 67, 69, 70] - 6185]
melhor indiv??duo da gera????o:[1, 3, 9, 13, 31, 40, 44, 55, 57, 70] - 4032
gera????o: 4: 
[[1, 3, 5, 6, 26, 34, 35, 46, 49, 58, 62, 70] - 4166, [1, 4, 10, 11, 20, 39, 56, 63, 70] - 4348, [1, 2, 4, 11, 21, 31, 32, 40, 44, 45, 47, 55, 58, 62, 70] - 4513, [1, 2, 4, 11, 21, 23, 33, 46, 47, 49, 58, 62, 70] - 4551, [1, 3, 9, 11, 20, 37, 42, 50, 53, 61, 63, 70] - 4583, [1, 3, 5, 12, 14, 24, 34, 46, 47, 49, 58, 62, 70] - 4602, [1, 2, 3, 12, 13, 40, 41, 46, 49, 55, 58, 62, 70] - 4750, [1, 2, 3, 9, 21, 22, 33, 40, 44, 54, 61, 68, 70] - 4824, [1, 2, 3, 5, 12, 22, 33, 39, 40, 44, 56, 61, 63, 70] - 4851, [1, 4, 11, 21, 31, 32, 39, 44, 45, 47, 55, 56, 63, 70] - 5015, [1, 3, 9, 21, 22, 23, 25, 26, 28, 35, 46, 47, 49, 55, 57, 70] - 5041, [1, 3, 23, 25, 26, 31, 40, 44, 55, 56, 63, 70] - 5159, [1, 2, 9, 11, 20, 37, 39, 42, 52, 53, 61, 65, 68, 70] - 5391, [1, 2, 4, 10, 20, 37, 39, 50, 53, 60, 64, 66, 67, 68, 70] - 5599, [1, 4, 11, 20, 29, 38, 43, 51, 59, 66, 67, 69, 70] - 5890, [1, 4, 11, 21, 23, 25, 33, 39, 42, 51, 59, 60, 61, 68, 70] - 6262, [1, 3, 5, 6, 8, 17, 26, 33, 40, 41, 44, 53, 60, 64, 65, 66, 67, 69, 70] - 7154]
melhor indiv??duo da gera????o:[1, 3, 5, 6, 26, 34, 35, 46, 49, 58, 62, 70] - 4166
gera????o: 5: 
[[1, 2, 9, 21, 23, 31, 40, 44, 55, 57, 70] - 4097, [1, 2, 3, 9, 11, 21, 31, 41, 47, 55, 58, 62, 70] - 4313, [1, 3, 13, 40, 41, 44, 55, 58, 62, 70] - 4371, [1, 2, 4, 11, 21, 31, 32, 40, 44, 45, 47, 55, 58, 62, 70] - 4513, [1, 2, 4, 11, 21, 23, 33, 46, 47, 49, 58, 62, 70] - 4551, [1, 3, 5, 12, 14, 24, 34, 46, 47, 49, 58, 62, 70] - 4602, [1, 3, 5, 12, 22, 24, 34, 35, 46, 49, 58, 62, 70] - 4734, [1, 2, 3, 12, 13, 40, 41, 46, 49, 55, 58, 62, 70] - 4750, [1, 2, 3, 5, 12, 22, 33, 39, 40, 44, 56, 61, 63, 70] - 4851, [1, 4, 11, 21, 31, 32, 39, 44, 45, 47, 55, 56, 63, 70] - 5015, [1, 2, 4, 10, 20, 31, 41, 46, 49, 55, 58, 62, 70] - 5065, [1, 4, 10, 20, 21, 31, 40, 41, 47, 56, 57, 70] - 5163, [1, 3, 23, 25, 26, 31, 41, 47, 56, 57, 70] - 5311, [1, 2, 9, 11, 20, 37, 39, 42, 52, 53, 61, 65, 68, 70] - 5391, [1, 2, 9, 21, 22, 24, 27, 35, 36, 49, 55, 56, 57, 70] - 5840, [1, 4, 11, 21, 23, 25, 33, 39, 42, 51, 59, 60, 61, 68, 70] - 6262, [1, 2, 4, 11, 20, 29, 38, 43, 52, 59, 66, 67, 68, 70] - 6635, [1, 4, 11, 20, 21, 23, 25, 33, 46, 49, 55, 56, 60, 64, 65, 66, 67, 69, 70] - 8157]
melhor indiv??duo da gera????o:[1, 2, 9, 21, 23, 31, 40, 44, 55, 57, 70] - 4097
gera????o: 6: 
[[1, 3, 5, 12, 13, 14, 26, 34, 46, 47, 55, 57, 70] - 4041, [1, 2, 9, 21, 23, 31, 40, 44, 55, 57, 70] - 4097, [1, 3, 9, 13, 40, 44, 45, 47, 55, 58, 62, 70] - 4205, [1, 3, 13, 40, 41, 44, 55, 58, 62, 70] - 4371, [1, 2, 4, 11, 21, 31, 32, 40, 44, 45, 47, 55, 58, 62, 70] - 4513, [1, 3, 5, 12, 14, 24, 34, 46, 47, 49, 58, 62, 70] - 4602, [1, 3, 13, 31, 33, 47, 55, 56, 61, 68, 70] - 4644, [1, 2, 9, 21, 23, 25, 26, 28, 34, 46, 47, 49, 55, 58, 62, 70] - 4725, [1, 2, 3, 12, 13, 40, 41, 46, 49, 55, 58, 62, 70] - 4750, [1, 2, 4, 11, 20, 21, 23, 25, 33, 49, 55, 58, 62, 70] - 4944, [1, 2, 4, 10, 20, 31, 41, 46, 49, 55, 58, 62, 70] - 5065, [1, 4, 10, 20, 21, 31, 40, 41, 47, 56, 57, 70] - 5163, [1, 4, 10, 20, 29, 38, 43, 52, 53, 60, 61, 63, 70] - 5381, [1, 4, 11, 20, 31, 33, 34, 41, 47, 55, 58, 62, 70] - 5442, [1, 4, 10, 20, 37, 42, 51, 59, 60, 65, 66, 67, 69, 70] - 5911, [1, 4, 10, 11, 21, 31, 33, 39, 50, 53, 61, 65, 66, 67, 69, 70] - 6419, [1, 2, 4, 11, 20, 29, 38, 43, 52, 59, 66, 67, 68, 70] - 6635, [1, 3, 9, 11, 20, 29, 37, 42, 51, 59, 64, 65, 66, 67, 68, 70] - 6819]
melhor indiv??duo da gera????o:[1, 3, 5, 12, 13, 14, 26, 34, 46, 47, 55, 57, 70] - 4041
gera????o: 7: 
[[1, 2, 9, 21, 23, 31, 40, 44, 55, 57, 70] - 4097, [1, 3, 9, 13, 40, 44, 45, 47, 55, 58, 62, 70] - 4205, [1, 3, 12, 22, 25, 26, 31, 33, 49, 58, 62, 70] - 4324, [1, 3, 13, 40, 41, 44, 55, 58, 62, 70] - 4371, [1, 2, 4, 11, 21, 31, 32, 40, 44, 45, 47, 55, 58, 62, 70] - 4513, [1, 3, 5, 12, 14, 24, 34, 46, 47, 49, 58, 62, 70] - 4602, [1, 3, 13, 31, 33, 47, 55, 56, 61, 68, 70] - 4644, [1, 2, 3, 12, 13, 40, 41, 46, 49, 55, 58, 62, 70] - 4750, [1, 2, 4, 11, 20, 21, 23, 25, 33, 49, 55, 58, 62, 70] - 4944, [1, 4, 10, 20, 30, 31, 32, 39, 44, 50, 53, 54, 61, 63, 70] - 5001, [1, 3, 23, 31, 32, 40, 44, 53, 60, 65, 68, 70] - 5128, [1, 3, 9, 11, 21, 22, 25, 26, 31, 41, 47, 49, 58, 62, 70] - 5195, [1, 2, 4, 11, 20, 30, 32, 40, 44, 50, 53, 54, 61, 68, 70] - 5289, [1, 4, 11, 20, 31, 33, 34, 41, 47, 55, 58, 62, 70] - 5442, [1, 4, 10, 20, 37, 42, 51, 59, 60, 65, 66, 67, 69, 70] - 5911, [1, 4, 10, 11, 21, 31, 33, 39, 50, 53, 61, 65, 66, 67, 69, 70] - 6419, [1, 2, 4, 11, 20, 29, 38, 43, 52, 59, 66, 67, 68, 70] - 6635, [1, 2, 4, 10, 11, 20, 31, 32, 37, 38, 43, 52, 59, 66, 67, 69, 70] - 6876]
melhor indiv??duo da gera????o:[1, 2, 9, 21, 23, 31, 40, 44, 55, 57, 70] - 4097
gera????o: 8: 
[[1, 3, 9, 13, 40, 44, 45, 47, 55, 58, 62, 70] - 4205, [1, 3, 13, 40, 41, 44, 55, 58, 62, 70] - 4371, [1, 3, 9, 13, 14, 22, 33, 46, 49, 58, 62, 70] - 4392, [1, 2, 4, 11, 21, 31, 32, 40, 44, 45, 47, 55, 58, 62, 70] - 4513, [1, 3, 5, 12, 14, 24, 34, 46, 47, 49, 58, 62, 70] - 4602, [1, 3, 23, 33, 34, 41, 44, 55, 57, 70] - 4645, [1, 3, 9, 21, 22, 33, 39, 40, 44, 54, 56, 63, 70] - 4843, [1, 4, 10, 20, 32, 40, 41, 46, 47, 49, 58, 62, 70] - 4945, [1, 3, 23, 31, 32, 40, 44, 53, 60, 65, 68, 70] - 5128, [1, 2, 9, 13, 21, 22, 24, 26, 31, 41, 45, 57, 70] - 5244, [1, 3, 9, 11, 21, 22, 24, 34, 35, 36, 49, 55, 58, 62, 70] - 5359, [1, 3, 13, 31, 32, 39, 42, 52, 59, 60, 61, 68, 70] - 5495, [1, 4, 10, 20, 37, 38, 43, 51, 59, 64, 67, 68, 70] - 5554, [1, 4, 10, 20, 39, 53, 60, 64, 65, 67, 69, 70] - 5786, [1, 4, 10, 20, 21, 31, 32, 40, 41, 45, 56, 60, 65, 68, 70] - 5942, [1, 4, 11, 20, 37, 38, 43, 52, 59, 66, 67, 68, 70] - 6406, [1, 4, 10, 20, 30, 32, 37, 38, 43, 52, 59, 64, 67, 68, 70] - 6542, [1, 4, 11, 21, 22, 23, 31, 32, 40, 44, 53, 60, 65, 66, 67, 68, 70] - 6691]
melhor indiv??duo da gera????o:[1, 3, 9, 13, 40, 44, 45, 47, 55, 58, 62, 70] - 4205
gera????o: 9: 
[[1, 3, 9, 13, 40, 44, 45, 47, 55, 58, 62, 70] - 4205, [1, 3, 12, 22, 25, 26, 28, 36, 49, 58, 62, 70] - 4269, [1, 3, 13, 40, 41, 44, 55, 58, 62, 70] - 4371, [1, 3, 9, 13, 14, 22, 33, 46, 49, 58, 62, 70] - 4392, [1, 2, 4, 11, 20, 31, 33, 49, 58, 62, 70] - 4462, [1, 3, 12, 22, 24, 28, 35, 46, 49, 55, 57, 70] - 4532, [1, 3, 5, 12, 14, 24, 34, 46, 47, 49, 58, 62, 70] - 4602, [1, 3, 5, 12, 14, 24, 36, 48, 49, 55, 57, 70] - 4733, [1, 4, 10, 20, 32, 40, 41, 46, 47, 49, 58, 62, 70] - 4945, [1, 3, 23, 31, 32, 40, 44, 53, 60, 65, 68, 70] - 5128, [1, 2, 9, 13, 21, 22, 24, 26, 31, 41, 45, 57, 70] - 5244, [1, 3, 9, 11, 21, 22, 24, 34, 35, 36, 49, 55, 58, 62, 70] - 5359, [1, 3, 5, 6, 7, 17, 18, 24, 27, 28, 35, 36, 49, 55, 57, 70] - 5406, [1, 4, 10, 20, 37, 38, 43, 51, 59, 64, 67, 68, 70] - 5554, [1, 4, 10, 20, 21, 31, 32, 40, 41, 45, 56, 60, 65, 68, 70] - 5942, [1, 4, 10, 20, 30, 32, 37, 38, 43, 52, 59, 64, 67, 68, 70] - 6542, [1, 4, 11, 21, 22, 23, 31, 32, 40, 44, 53, 60, 65, 66, 67, 68, 70] - 6691, [1, 2, 9, 13, 21, 23, 25, 33, 49, 55, 56, 60, 64, 65, 67, 68, 70] - 6789]
melhor indiv??duo da gera????o:[1, 3, 9, 13, 40, 44, 45, 47, 55, 58, 62, 70] - 4205
gera????o: 10: 
[[1, 4, 10, 11, 21, 23, 33, 49, 55, 58, 62, 70] - 3935, [1, 3, 9, 13, 40, 44, 45, 47, 55, 58, 62, 70] - 4205, [1, 3, 13, 40, 41, 44, 55, 58, 62, 70] - 4371, [1, 2, 4, 11, 20, 31, 33, 49, 58, 62, 70] - 4462, [1, 3, 12, 22, 24, 28, 35, 46, 49, 55, 57, 70] - 4532, [1, 3, 5, 12, 14, 24, 34, 46, 47, 49, 58, 62, 70] - 4602, [1, 3, 5, 12, 14, 24, 36, 48, 49, 55, 57, 70] - 4733, [1, 2, 3, 23, 33, 34, 41, 46, 49, 58, 62, 70] - 4937, [1, 3, 5, 12, 22, 23, 33, 39, 56, 61, 68, 70] - 5021, [1, 4, 10, 20, 21, 31, 33, 40, 41, 47, 55, 58, 62, 70] - 5057, [1, 2, 4, 10, 11, 20, 21, 23, 25, 33, 34, 46, 49, 58, 62, 70] - 5146, [1, 2, 9, 13, 21, 22, 24, 26, 31, 41, 45, 57, 70] - 5244, [1, 3, 9, 11, 21, 22, 24, 34, 35, 36, 49, 55, 58, 62, 70] - 5359, [1, 3, 5, 6, 7, 17, 18, 24, 27, 28, 35, 36, 49, 55, 57, 70] - 5406, [1, 4, 11, 20, 21, 22, 23, 31, 41, 46, 49, 58, 62, 70] - 5596, [1, 4, 10, 20, 21, 31, 32, 40, 41, 45, 56, 60, 65, 68, 70] - 5942, [1, 4, 10, 20, 29, 38, 43, 51, 59, 64, 65, 67, 68, 70] - 6252, [1, 4, 11, 21, 22, 23, 31, 32, 40, 44, 53, 60, 65, 66, 67, 68, 70] - 6691]
melhor indiv??duo da gera????o:[1, 4, 10, 11, 21, 23, 33, 49, 55, 58, 62, 70] - 3935
melhor valor ?? da gera????o 1!!!!
______________________________________________________________________________________________________________________________
