gera????o: 1: 
[[1, 4, 10, 11, 20, 31, 32, 37, 39, 42, 50, 53, 54, 61, 63, 70] - 5549, [1, 4, 11, 21, 31, 41, 46, 47, 55, 57, 70] - 4530, [1, 2, 9, 21, 22, 24, 28, 35, 36, 48, 49, 58, 62, 70] - 4833, [1, 3, 12, 13, 23, 25, 33, 39, 44, 53, 60, 64, 66, 67, 68, 70] - 6542, [1, 4, 10, 20, 21, 22, 25, 33, 47, 49, 55, 57, 70] - 4650, [1, 3, 23, 31, 40, 44, 53, 54, 56, 60, 61, 63, 70] - 5489, [1, 2, 3, 12, 14, 26, 34, 35, 36, 48, 58, 62, 70] - 4490, [1, 2, 9, 13, 31, 33, 39, 50, 53, 54, 61, 65, 68, 70] - 5290, [1, 2, 9, 13, 23, 31, 41, 47, 49, 55, 57, 70] - 4398, [1, 3, 12, 13, 21, 23, 25, 33, 41, 45, 56, 60, 61, 63, 70] - 5286, [1, 3, 12, 22, 24, 26, 33, 49, 58, 62, 70] - 4342, [1, 2, 4, 10, 11, 20, 32, 40, 44, 54, 61, 63, 70] - 4428, [1, 4, 11, 21, 31, 41, 47, 55, 57, 70] - 4126, [1, 4, 11, 21, 22, 24, 27, 28, 34, 46, 47, 49, 55, 58, 62, 70] - 5679, [1, 2, 4, 10, 11, 20, 39, 40, 41, 47, 55, 58, 62, 70] - 4838, [1, 4, 11, 20, 39, 42, 51, 59, 64, 66, 67, 69, 70] - 6185, [1, 2, 4, 10, 11, 20, 32, 39, 44, 54, 56, 57, 70] - 4910, [1, 4, 10, 11, 21, 23, 25, 26, 28, 34, 41, 44, 45, 56, 60, 64, 65, 67, 68, 70] - 7519, [1, 4, 11, 21, 31, 32, 37, 42, 51, 59, 64, 66, 67, 69, 70] - 5945, [1, 4, 10, 11, 20, 31, 33, 34, 41, 45, 47, 49, 58, 62, 70] - 5501]
melhor indiv??duo da gera????o:[1, 4, 11, 21, 31, 41, 47, 55, 57, 70] - 4126
gera????o: 2: 
[[1, 4, 11, 21, 31, 41, 46, 47, 55, 57, 70] - 4530, [1, 3, 12, 13, 23, 25, 33, 39, 44, 53, 60, 64, 66, 67, 68, 70] - 6542, [1, 3, 23, 31, 40, 44, 53, 54, 56, 60, 61, 63, 70] - 5489, [1, 2, 9, 13, 31, 33, 39, 50, 53, 54, 61, 65, 68, 70] - 5290, [1, 3, 12, 13, 21, 23, 25, 33, 41, 45, 56, 60, 61, 63, 70] - 5286, [1, 2, 4, 10, 11, 20, 32, 40, 44, 54, 61, 63, 70] - 4428, [1, 4, 11, 21, 22, 24, 27, 28, 34, 46, 47, 49, 55, 58, 62, 70] - 5679, [1, 4, 11, 20, 39, 42, 51, 59, 64, 66, 67, 69, 70] - 6185, [1, 4, 10, 11, 21, 23, 25, 26, 28, 34, 41, 44, 45, 56, 60, 64, 65, 67, 68, 70] - 7519, [1, 4, 10, 11, 20, 31, 33, 34, 41, 45, 47, 49, 58, 62, 70] - 5501, [1, 3, 12, 22, 24, 26, 33, 49, 58, 62, 70] - 4342, [1, 2, 3, 12, 14, 26, 34, 35, 36, 48, 58, 62, 70] - 4490, [1, 3, 12, 22, 24, 26, 33, 49, 58, 62, 70] - 4342, [1, 4, 11, 21, 31, 41, 47, 55, 57, 70] - 4126, [1, 2, 9, 13, 23, 31, 41, 47, 49, 55, 57, 70] - 4398, [1, 2, 4, 10, 11, 20, 32, 40, 44, 54, 61, 63, 70] - 4428, [1, 2, 4, 10, 11, 20, 32, 40, 44, 54, 61, 63, 70] - 4428, [1, 3, 12, 22, 24, 26, 33, 49, 58, 62, 70] - 4342]
melhor indiv??duo da gera????o:[1, 4, 11, 21, 31, 41, 47, 55, 57, 70] - 4126
gera????o: 3: 
[[1, 3, 12, 13, 23, 25, 33, 39, 44, 53, 60, 64, 66, 67, 68, 70] - 6542, [1, 2, 9, 13, 31, 33, 39, 50, 53, 54, 61, 65, 68, 70] - 5290, [1, 2, 4, 10, 11, 20, 32, 40, 44, 54, 61, 63, 70] - 4428, [1, 4, 11, 20, 39, 42, 51, 59, 64, 66, 67, 69, 70] - 6185, [1, 4, 10, 11, 20, 31, 33, 34, 41, 45, 47, 49, 58, 62, 70] - 5501, [1, 2, 3, 12, 14, 26, 34, 35, 36, 48, 58, 62, 70] - 4490, [1, 4, 11, 21, 31, 41, 47, 55, 57, 70] - 4126, [1, 2, 4, 10, 11, 20, 32, 40, 44, 54, 61, 63, 70] - 4428, [1, 3, 12, 22, 24, 26, 33, 49, 58, 62, 70] - 4342, [1, 2, 4, 10, 11, 20, 32, 40, 44, 54, 61, 63, 70] - 4428, [1, 3, 12, 22, 24, 26, 33, 49, 58, 62, 70] - 4342, [1, 4, 10, 11, 20, 31, 33, 34, 41, 45, 47, 49, 58, 62, 70] - 5501, [1, 2, 4, 10, 11, 20, 32, 40, 44, 54, 61, 63, 70] - 4428, [1, 3, 12, 22, 24, 26, 33, 49, 58, 62, 70] - 4342, [1, 2, 9, 13, 31, 33, 39, 50, 53, 54, 61, 65, 68, 70] - 5290, [1, 4, 11, 21, 22, 24, 27, 28, 34, 46, 47, 49, 55, 58, 62, 70] - 5679]
melhor indiv??duo da gera????o:[1, 4, 11, 21, 31, 41, 47, 55, 57, 70] - 4126
gera????o: 4: 
[[1, 2, 9, 13, 31, 33, 39, 50, 53, 54, 61, 65, 68, 70] - 5290, [1, 4, 11, 20, 39, 42, 51, 59, 64, 66, 67, 69, 70] - 6185, [1, 2, 3, 12, 14, 26, 34, 35, 36, 48, 58, 62, 70] - 4490, [1, 2, 4, 10, 11, 20, 32, 40, 44, 54, 61, 63, 70] - 4428, [1, 2, 4, 10, 11, 20, 32, 40, 44, 54, 61, 63, 70] - 4428, [1, 4, 10, 11, 20, 31, 33, 34, 41, 45, 47, 49, 58, 62, 70] - 5501, [1, 3, 12, 22, 24, 26, 33, 49, 58, 62, 70] - 4342, [1, 4, 11, 21, 22, 24, 27, 28, 34, 46, 47, 49, 55, 58, 62, 70] - 5679, [1, 2, 9, 13, 31, 33, 39, 50, 53, 54, 61, 65, 68, 70] - 5290, [1, 3, 12, 22, 24, 26, 33, 49, 58, 62, 70] - 4342, [1, 3, 12, 22, 24, 26, 33, 49, 58, 62, 70] - 4342, [1, 2, 4, 10, 11, 20, 32, 40, 44, 54, 61, 63, 70] - 4428, [1, 4, 11, 20, 39, 42, 51, 59, 64, 66, 67, 69, 70] - 6185, [1, 2, 4, 10, 11, 20, 32, 40, 44, 54, 61, 63, 70] - 4428, [1, 4, 11, 21, 31, 41, 47, 55, 57, 70] - 4126]
melhor indiv??duo da gera????o:[1, 4, 11, 21, 31, 41, 47, 55, 57, 70] - 4126
gera????o: 5: 
[[1, 4, 11, 20, 39, 42, 51, 59, 64, 66, 67, 69, 70] - 6185, [1, 2, 4, 10, 11, 20, 32, 40, 44, 54, 61, 63, 70] - 4428, [1, 4, 10, 11, 20, 31, 33, 34, 41, 45, 47, 49, 58, 62, 70] - 5501, [1, 4, 11, 21, 22, 24, 27, 28, 34, 46, 47, 49, 55, 58, 62, 70] - 5679, [1, 3, 12, 22, 24, 26, 33, 49, 58, 62, 70] - 4342, [1, 2, 4, 10, 11, 20, 32, 40, 44, 54, 61, 63, 70] - 4428, [1, 2, 4, 10, 11, 20, 32, 40, 44, 54, 61, 63, 70] - 4428, [1, 2, 9, 13, 31, 33, 39, 50, 53, 54, 61, 65, 68, 70] - 5290, [1, 2, 4, 10, 11, 20, 32, 40, 44, 54, 61, 63, 70] - 4428, [1, 2, 4, 10, 11, 20, 32, 40, 44, 54, 61, 63, 70] - 4428, [1, 2, 4, 10, 11, 20, 32, 40, 44, 54, 61, 63, 70] - 4428, [1, 2, 3, 12, 14, 26, 34, 35, 36, 48, 58, 62, 70] - 4490, [1, 3, 12, 22, 24, 26, 33, 49, 58, 62, 70] - 4342, [1, 2, 4, 10, 11, 20, 32, 40, 44, 54, 61, 63, 70] - 4428]
melhor indiv??duo da gera????o:[1, 3, 12, 22, 24, 26, 33, 49, 58, 62, 70] - 4342
gera????o: 6: 
[[1, 2, 4, 10, 11, 20, 32, 40, 44, 54, 61, 63, 70] - 4428, [1, 4, 11, 21, 22, 24, 27, 28, 34, 46, 47, 49, 55, 58, 62, 70] - 5679, [1, 2, 4, 10, 11, 20, 32, 40, 44, 54, 61, 63, 70] - 4428, [1, 2, 9, 13, 31, 33, 39, 50, 53, 54, 61, 65, 68, 70] - 5290, [1, 2, 4, 10, 11, 20, 32, 40, 44, 54, 61, 63, 70] - 4428, [1, 2, 3, 12, 14, 26, 34, 35, 36, 48, 58, 62, 70] - 4490, [1, 2, 4, 10, 11, 20, 32, 40, 44, 54, 61, 63, 70] - 4428, [1, 2, 4, 10, 11, 20, 32, 40, 44, 54, 61, 63, 70] - 4428, [1, 2, 4, 10, 11, 20, 32, 40, 44, 54, 61, 63, 70] - 4428, [1, 2, 4, 10, 11, 20, 32, 40, 44, 54, 61, 63, 70] - 4428, [1, 4, 10, 11, 20, 31, 33, 34, 41, 45, 47, 49, 58, 62, 70] - 5501, [1, 3, 12, 22, 24, 26, 33, 49, 58, 62, 70] - 4342, [1, 2, 4, 10, 11, 20, 32, 40, 44, 54, 61, 63, 70] - 4428]
melhor indiv??duo da gera????o:[1, 3, 12, 22, 24, 26, 33, 49, 58, 62, 70] - 4342
gera????o: 7: 
[[1, 4, 11, 21, 22, 24, 27, 28, 34, 46, 47, 49, 55, 58, 62, 70] - 5679, [1, 2, 9, 13, 31, 33, 39, 50, 53, 54, 61, 65, 68, 70] - 5290, [1, 2, 3, 12, 14, 26, 34, 35, 36, 48, 58, 62, 70] - 4490, [1, 2, 4, 10, 11, 20, 32, 40, 44, 54, 61, 63, 70] - 4428, [1, 2, 4, 10, 11, 20, 32, 40, 44, 54, 61, 63, 70] - 4428, [1, 3, 12, 22, 24, 26, 33, 49, 58, 62, 70] - 4342, [1, 2, 4, 10, 11, 20, 32, 40, 44, 54, 61, 63, 70] - 4428, [1, 4, 10, 11, 20, 31, 33, 34, 41, 45, 47, 49, 58, 62, 70] - 5501, [1, 2, 4, 10, 11, 20, 32, 40, 44, 54, 61, 63, 70] - 4428, [1, 2, 4, 10, 11, 20, 32, 40, 44, 54, 61, 63, 70] - 4428, [1, 2, 4, 10, 11, 20, 32, 40, 44, 54, 61, 63, 70] - 4428, [1, 2, 4, 10, 11, 20, 32, 40, 44, 54, 61, 63, 70] - 4428]
melhor indiv??duo da gera????o:[1, 3, 12, 22, 24, 26, 33, 49, 58, 62, 70] - 4342
gera????o: 8: 
[[1, 2, 9, 13, 31, 33, 39, 50, 53, 54, 61, 65, 68, 70] - 5290, [1, 2, 4, 10, 11, 20, 32, 40, 44, 54, 61, 63, 70] - 4428, [1, 3, 12, 22, 24, 26, 33, 49, 58, 62, 70] - 4342, [1, 4, 10, 11, 20, 31, 33, 34, 41, 45, 47, 49, 58, 62, 70] - 5501, [1, 2, 4, 10, 11, 20, 32, 40, 44, 54, 61, 63, 70] - 4428, [1, 2, 4, 10, 11, 20, 32, 40, 44, 54, 61, 63, 70] - 4428, [1, 2, 9, 13, 31, 33, 39, 50, 53, 54, 61, 65, 68, 70] - 5290, [1, 3, 12, 22, 24, 26, 33, 49, 58, 62, 70] - 4342, [1, 2, 9, 13, 31, 33, 39, 50, 53, 54, 61, 65, 68, 70] - 5290, [1, 2, 4, 10, 11, 20, 32, 40, 44, 54, 61, 63, 70] - 4428, [1, 3, 12, 22, 24, 26, 33, 49, 58, 62, 70] - 4342]
melhor indiv??duo da gera????o:[1, 3, 12, 22, 24, 26, 33, 49, 58, 62, 70] - 4342
______________________________________________________________________________________________________________________________
