gera????o: 1: 
[[1, 4, 11, 20, 21, 31, 41, 45, 47, 55, 56, 63, 70] - 5269, [1, 4, 11, 21, 31, 33, 40, 44, 53, 54, 56, 63, 70] - 4828, [1, 3, 5, 12, 22, 33, 34, 41, 46, 49, 55, 57, 70] - 4968, [1, 4, 10, 11, 21, 22, 24, 26, 31, 32, 40, 41, 44, 53, 61, 65, 66, 67, 68, 70] - 7967, [1, 2, 4, 10, 20, 29, 37, 39, 53, 60, 64, 67, 68, 70] - 5669, [1, 2, 9, 13, 21, 31, 32, 37, 42, 52, 60, 65, 66, 67, 69, 70] - 5849, [1, 4, 11, 20, 39, 42, 50, 53, 60, 64, 66, 67, 69, 70] - 6165, [1, 2, 9, 11, 21, 31, 32, 40, 44, 54, 61, 63, 70] - 3881, [1, 4, 10, 20, 32, 40, 44, 56, 63, 70] - 4028, [1, 2, 9, 21, 31, 32, 39, 53, 54, 61, 65, 66, 67, 69, 70] - 5681, [1, 4, 10, 20, 39, 56, 63, 70] - 4104, [1, 3, 5, 12, 22, 24, 28, 35, 46, 47, 49, 55, 56, 60, 64, 66, 67, 68, 70] - 7309, [1, 2, 3, 23, 31, 32, 39, 56, 63, 70] - 4272, [1, 3, 13, 22, 33, 39, 40, 44, 50, 53, 54, 56, 63, 70] - 5012, [1, 4, 11, 20, 31, 40, 41, 46, 47, 55, 57, 70] - 5090, [1, 2, 9, 21, 31, 40, 44, 54, 61, 63, 70] - 3755, [1, 3, 9, 11, 20, 29, 38, 43, 52, 59, 64, 65, 68, 70] - 6156, [1, 4, 10, 11, 21, 31, 33, 39, 40, 44, 45, 57, 70] - 4858, [1, 4, 10, 20, 39, 42, 50, 53, 60, 64, 65, 67, 68, 70] - 6441, [1, 4, 10, 11, 20, 30, 32, 39, 53, 61, 65, 68, 70] - 5346]
melhor indiv??duo da gera????o:[1, 2, 9, 21, 31, 40, 44, 54, 61, 63, 70] - 3755
gera????o: 2: 
[[1, 4, 11, 21, 31, 33, 40, 44, 53, 54, 56, 63, 70] - 4828, [1, 4, 10, 11, 21, 22, 24, 26, 31, 32, 40, 41, 44, 53, 61, 65, 66, 67, 68, 70] - 7967, [1, 2, 9, 13, 21, 31, 32, 37, 42, 52, 60, 65, 66, 67, 69, 70] - 5849, [1, 2, 9, 11, 21, 31, 32, 40, 44, 54, 61, 63, 70] - 3881, [1, 2, 9, 21, 31, 32, 39, 53, 54, 61, 65, 66, 67, 69, 70] - 5681, [1, 3, 5, 12, 22, 24, 28, 35, 46, 47, 49, 55, 56, 60, 64, 66, 67, 68, 70] - 7309, [1, 3, 13, 22, 33, 39, 40, 44, 50, 53, 54, 56, 63, 70] - 5012, [1, 2, 9, 21, 31, 40, 44, 54, 61, 63, 70] - 3755, [1, 4, 10, 11, 21, 31, 33, 39, 40, 44, 45, 57, 70] - 4858, [1, 4, 10, 11, 20, 30, 32, 39, 53, 61, 65, 68, 70] - 5346, [1, 2, 9, 13, 21, 31, 32, 37, 42, 52, 60, 65, 66, 67, 69, 70] - 5849, [1, 4, 10, 11, 21, 31, 33, 39, 40, 44, 45, 57, 70] - 4858, [1, 2, 3, 23, 31, 32, 39, 56, 63, 70] - 4272, [1, 4, 10, 11, 20, 30, 32, 39, 53, 61, 65, 68, 70] - 5346, [1, 3, 13, 22, 33, 39, 40, 44, 50, 53, 54, 56, 63, 70] - 5012, [1, 2, 9, 11, 21, 31, 32, 40, 44, 54, 61, 63, 70] - 3881, [1, 2, 9, 21, 31, 32, 39, 53, 54, 61, 65, 66, 67, 69, 70] - 5681, [1, 4, 10, 20, 32, 40, 44, 56, 63, 70] - 4028]
melhor indiv??duo da gera????o:[1, 2, 9, 21, 31, 40, 44, 54, 61, 63, 70] - 3755
gera????o: 3: 
[[1, 4, 10, 11, 21, 22, 24, 26, 31, 32, 40, 41, 44, 53, 61, 65, 66, 67, 68, 70] - 7967, [1, 2, 9, 11, 21, 31, 32, 40, 44, 54, 61, 63, 70] - 3881, [1, 3, 5, 12, 22, 24, 28, 35, 46, 47, 49, 55, 56, 60, 64, 66, 67, 68, 70] - 7309, [1, 2, 9, 21, 31, 40, 44, 54, 61, 63, 70] - 3755, [1, 4, 10, 11, 20, 30, 32, 39, 53, 61, 65, 68, 70] - 5346, [1, 4, 10, 11, 21, 31, 33, 39, 40, 44, 45, 57, 70] - 4858, [1, 4, 10, 11, 20, 30, 32, 39, 53, 61, 65, 68, 70] - 5346, [1, 2, 9, 11, 21, 31, 32, 40, 44, 54, 61, 63, 70] - 3881, [1, 4, 10, 20, 32, 40, 44, 56, 63, 70] - 4028, [1, 2, 9, 21, 31, 32, 39, 53, 54, 61, 65, 66, 67, 69, 70] - 5681, [1, 4, 10, 20, 32, 40, 44, 56, 63, 70] - 4028, [1, 4, 10, 11, 21, 22, 24, 26, 31, 32, 40, 41, 44, 53, 61, 65, 66, 67, 68, 70] - 7967, [1, 2, 9, 11, 21, 31, 32, 40, 44, 54, 61, 63, 70] - 3881, [1, 2, 9, 11, 21, 31, 32, 40, 44, 54, 61, 63, 70] - 3881, [1, 4, 11, 21, 31, 33, 40, 44, 53, 54, 56, 63, 70] - 4828, [1, 4, 10, 11, 20, 30, 32, 39, 53, 61, 65, 68, 70] - 5346]
melhor indiv??duo da gera????o:[1, 2, 9, 21, 31, 40, 44, 54, 61, 63, 70] - 3755
gera????o: 4: 
[[1, 2, 9, 11, 21, 31, 32, 40, 44, 54, 61, 63, 70] - 3881, [1, 2, 9, 21, 31, 40, 44, 54, 61, 63, 70] - 3755, [1, 4, 10, 11, 21, 31, 33, 39, 40, 44, 45, 57, 70] - 4858, [1, 2, 9, 11, 21, 31, 32, 40, 44, 54, 61, 63, 70] - 3881, [1, 2, 9, 21, 31, 32, 39, 53, 54, 61, 65, 66, 67, 69, 70] - 5681, [1, 4, 10, 11, 21, 22, 24, 26, 31, 32, 40, 41, 44, 53, 61, 65, 66, 67, 68, 70] - 7967, [1, 2, 9, 11, 21, 31, 32, 40, 44, 54, 61, 63, 70] - 3881, [1, 4, 10, 11, 20, 30, 32, 39, 53, 61, 65, 68, 70] - 5346, [1, 2, 9, 11, 21, 31, 32, 40, 44, 54, 61, 63, 70] - 3881, [1, 4, 10, 11, 21, 31, 33, 39, 40, 44, 45, 57, 70] - 4858, [1, 4, 10, 20, 32, 40, 44, 56, 63, 70] - 4028, [1, 2, 9, 11, 21, 31, 32, 40, 44, 54, 61, 63, 70] - 3881, [1, 2, 9, 21, 31, 40, 44, 54, 61, 63, 70] - 3755, [1, 4, 11, 21, 31, 33, 40, 44, 53, 54, 56, 63, 70] - 4828, [1, 2, 9, 21, 31, 40, 44, 54, 61, 63, 70] - 3755]
melhor indiv??duo da gera????o:[1, 2, 9, 21, 31, 40, 44, 54, 61, 63, 70] - 3755
gera????o: 5: 
[[1, 2, 9, 21, 31, 40, 44, 54, 61, 63, 70] - 3755, [1, 2, 9, 11, 21, 31, 32, 40, 44, 54, 61, 63, 70] - 3881, [1, 4, 10, 11, 21, 22, 24, 26, 31, 32, 40, 41, 44, 53, 61, 65, 66, 67, 68, 70] - 7967, [1, 4, 10, 11, 20, 30, 32, 39, 53, 61, 65, 68, 70] - 5346, [1, 4, 10, 11, 21, 31, 33, 39, 40, 44, 45, 57, 70] - 4858, [1, 2, 9, 11, 21, 31, 32, 40, 44, 54, 61, 63, 70] - 3881, [1, 4, 11, 21, 31, 33, 40, 44, 53, 54, 56, 63, 70] - 4828, [1, 2, 9, 11, 21, 31, 32, 40, 44, 54, 61, 63, 70] - 3881, [1, 4, 10, 20, 32, 40, 44, 56, 63, 70] - 4028, [1, 4, 10, 20, 32, 40, 44, 56, 63, 70] - 4028, [1, 4, 10, 11, 20, 30, 32, 39, 53, 61, 65, 68, 70] - 5346, [1, 2, 9, 11, 21, 31, 32, 40, 44, 54, 61, 63, 70] - 3881, [1, 2, 9, 21, 31, 40, 44, 54, 61, 63, 70] - 3755, [1, 2, 9, 11, 21, 31, 32, 40, 44, 54, 61, 63, 70] - 3881]
melhor indiv??duo da gera????o:[1, 2, 9, 21, 31, 40, 44, 54, 61, 63, 70] - 3755
gera????o: 6: 
[[1, 2, 9, 11, 21, 31, 32, 40, 44, 54, 61, 63, 70] - 3881, [1, 4, 10, 11, 20, 30, 32, 39, 53, 61, 65, 68, 70] - 5346, [1, 2, 9, 11, 21, 31, 32, 40, 44, 54, 61, 63, 70] - 3881, [1, 2, 9, 11, 21, 31, 32, 40, 44, 54, 61, 63, 70] - 3881, [1, 4, 10, 20, 32, 40, 44, 56, 63, 70] - 4028, [1, 2, 9, 11, 21, 31, 32, 40, 44, 54, 61, 63, 70] - 3881, [1, 2, 9, 11, 21, 31, 32, 40, 44, 54, 61, 63, 70] - 3881, [1, 2, 9, 11, 21, 31, 32, 40, 44, 54, 61, 63, 70] - 3881, [1, 2, 9, 11, 21, 31, 32, 40, 44, 54, 61, 63, 70] - 3881, [1, 2, 9, 11, 21, 31, 32, 40, 44, 54, 61, 63, 70] - 3881, [1, 2, 9, 21, 31, 40, 44, 54, 61, 63, 70] - 3755, [1, 2, 9, 21, 31, 40, 44, 54, 61, 63, 70] - 3755, [1, 4, 10, 20, 32, 40, 44, 56, 63, 70] - 4028]
melhor indiv??duo da gera????o:[1, 2, 9, 21, 31, 40, 44, 54, 61, 63, 70] - 3755
gera????o: 7: 
[[1, 4, 10, 11, 20, 30, 32, 39, 53, 61, 65, 68, 70] - 5346, [1, 2, 9, 11, 21, 31, 32, 40, 44, 54, 61, 63, 70] - 3881, [1, 2, 9, 11, 21, 31, 32, 40, 44, 54, 61, 63, 70] - 3881, [1, 2, 9, 11, 21, 31, 32, 40, 44, 54, 61, 63, 70] - 3881, [1, 2, 9, 11, 21, 31, 32, 40, 44, 54, 61, 63, 70] - 3881, [1, 2, 9, 21, 31, 40, 44, 54, 61, 63, 70] - 3755, [1, 2, 9, 11, 21, 31, 32, 40, 44, 54, 61, 63, 70] - 3881, [1, 2, 9, 21, 31, 40, 44, 54, 61, 63, 70] - 3755, [1, 2, 9, 11, 21, 31, 32, 40, 44, 54, 61, 63, 70] - 3881, [1, 4, 10, 20, 32, 40, 44, 56, 63, 70] - 4028, [1, 2, 9, 21, 31, 40, 44, 54, 61, 63, 70] - 3755, [1, 2, 9, 21, 31, 40, 44, 54, 61, 63, 70] - 3755]
melhor indiv??duo da gera????o:[1, 2, 9, 21, 31, 40, 44, 54, 61, 63, 70] - 3755
gera????o: 8: 
[[1, 2, 9, 11, 21, 31, 32, 40, 44, 54, 61, 63, 70] - 3881, [1, 2, 9, 11, 21, 31, 32, 40, 44, 54, 61, 63, 70] - 3881, [1, 2, 9, 21, 31, 40, 44, 54, 61, 63, 70] - 3755, [1, 2, 9, 21, 31, 40, 44, 54, 61, 63, 70] - 3755, [1, 4, 10, 20, 32, 40, 44, 56, 63, 70] - 4028, [1, 2, 9, 21, 31, 40, 44, 54, 61, 63, 70] - 3755, [1, 4, 10, 20, 32, 40, 44, 56, 63, 70] - 4028, [1, 4, 10, 20, 32, 40, 44, 56, 63, 70] - 4028, [1, 4, 10, 20, 32, 40, 44, 56, 63, 70] - 4028, [1, 2, 9, 21, 31, 40, 44, 54, 61, 63, 70] - 3755, [1, 2, 9, 21, 31, 40, 44, 54, 61, 63, 70] - 3755]
melhor indiv??duo da gera????o:[1, 2, 9, 21, 31, 40, 44, 54, 61, 63, 70] - 3755
______________________________________________________________________________________________________________________________
