geração: 1: 
[[1, 6, 8, 10, 14, 15, 20] - 35, [1, 2, 3, 5, 10, 14, 15, 20] - 34, [1, 2, 3, 6, 8, 10, 12, 16, 17, 19, 20] - 68, [1, 3, 6, 8, 9, 13, 19, 20] - 39, [1, 3, 8, 10, 14, 13, 19, 20] - 38, [1, 3, 6, 7, 8, 9, 16, 17, 18, 13, 19, 20] - 62, [1, 6, 8, 9, 12, 13, 15, 20] - 33, [1, 2, 3, 5, 12, 19, 20] - 37, [1, 6, 8, 9, 13, 15, 20] - 36, [1, 6, 7, 8, 10, 13, 19, 20] - 45, [1, 6, 8, 9, 13, 19, 20] - 36, [1, 2, 4, 10, 13, 15, 20] - 35, [1, 6, 7, 9, 16, 10, 13, 14, 15, 20] - 61, [1, 2, 4, 10, 13, 14, 15, 20] - 45, [1, 3, 5, 12, 13, 15, 20] - 30, [1, 3, 8, 10, 12, 5, 2, 4, 11, 14, 15, 20] - 71, [1, 3, 6, 8, 10, 14, 13, 9, 12, 16, 17, 18, 19, 20] - 93, [1, 3, 8, 9, 10, 14, 15, 20] - 34, [1, 2, 4, 11, 13, 15, 20] - 34, [1, 2, 5, 8, 3, 6, 7, 9, 12, 16, 10, 14, 13, 15, 20] - 73, [1, 2, 5, 10, 14, 13, 19, 20] - 35, [1, 2, 3, 5, 10, 12, 19, 20] - 45, [1, 6, 8, 10, 12, 5, 2, 3] - 53, [1, 2, 3, 8, 9, 10, 12, 5] - 48, [1, 3, 5, 8, 9, 13, 15, 20] - 39, [1, 6, 8, 9, 10, 13, 19, 20] - 41, [1, 3, 8, 10, 12, 19, 20] - 43, [1, 2, 3, 5, 10, 12, 13, 19, 20] - 43, [1, 3, 8, 10, 12, 5, 2, 4, 11, 13, 19, 20] - 71, [1, 3, 6, 8, 9, 13, 15, 20] - 39, [1, 6, 7, 8, 3, 5, 10, 13, 9, 16, 17, 19, 20] - 86, [1, 2, 4, 11, 10, 12, 19, 20] - 49, [1, 6, 8, 10, 12, 19, 20] - 46, [1, 3, 5, 8, 9, 12, 13, 14, 15, 20] - 46, [1, 3, 6, 8, 10, 14, 13, 19, 20] - 44, [1, 3, 6, 7, 9, 13, 19, 20] - 44, [1, 3, 6, 8, 10, 13, 19, 20] - 42, [1, 6, 8, 3, 5, 10, 12, 16, 17, 19, 20] - 63, [1, 6, 8, 3, 5, 2, 4, 11, 10, 14, 13, 19, 20] - 59, [1, 3, 8, 9, 16, 10, 14, 13, 19, 20] - 45]
melhor indivíduo da geração:[1, 3, 5, 12, 13, 15, 20] - 30
geração: 2: 
[[1, 6, 8, 10, 14, 15, 20] - 35, [1, 2, 3, 5, 10, 14, 15, 20] - 34, [1, 3, 6, 8, 9, 13, 19, 20] - 39, [1, 3, 8, 10, 14, 13, 19, 20] - 38, [1, 6, 8, 9, 12, 13, 15, 20] - 33, [1, 2, 3, 5, 12, 19, 20] - 37, [1, 6, 8, 9, 13, 15, 20] - 36, [1, 6, 7, 8, 10, 13, 19, 20] - 45, [1, 6, 8, 9, 13, 19, 20] - 36, [1, 2, 4, 10, 13, 15, 20] - 35, [1, 2, 4, 10, 13, 14, 15, 20] - 45, [1, 3, 5, 12, 13, 15, 20] - 30, [1, 3, 8, 9, 10, 14, 15, 20] - 34, [1, 2, 4, 11, 13, 15, 20] - 34, [1, 2, 5, 10, 14, 13, 19, 20] - 35, [1, 2, 3, 5, 10, 12, 19, 20] - 45, [1, 2, 3, 8, 9, 10, 12, 5] - 48, [1, 3, 5, 8, 9, 13, 15, 20] - 39, [1, 6, 8, 9, 10, 13, 19, 20] - 41, [1, 3, 8, 10, 12, 19, 20] - 43, [1, 2, 3, 5, 10, 12, 13, 19, 20] - 43, [1, 3, 6, 8, 9, 13, 15, 20] - 39, [1, 2, 4, 11, 10, 12, 19, 20] - 49, [1, 6, 8, 10, 12, 19, 20] - 46, [1, 3, 5, 8, 9, 12, 13, 14, 15, 20] - 46, [1, 3, 6, 8, 10, 14, 13, 19, 20] - 44, [1, 3, 6, 7, 9, 13, 19, 20] - 44, [1, 3, 6, 8, 10, 13, 19, 20] - 42, [1, 3, 8, 9, 16, 10, 14, 13, 19, 20] - 45, [1, 3, 8, 10, 14, 15, 20] - 32, [1, 2, 3, 8, 9, 13, 15, 20] - 38]
melhor indivíduo da geração:[1, 3, 5, 12, 13, 15, 20] - 30
geração: 3: 
[[1, 6, 8, 10, 14, 15, 20] - 35, [1, 2, 3, 5, 10, 14, 15, 20] - 34, [1, 3, 6, 8, 9, 13, 19, 20] - 39, [1, 3, 8, 10, 14, 13, 19, 20] - 38, [1, 6, 8, 9, 12, 13, 15, 20] - 33, [1, 2, 3, 5, 12, 19, 20] - 37, [1, 6, 8, 9, 13, 15, 20] - 36, [1, 6, 8, 9, 13, 19, 20] - 36, [1, 2, 4, 10, 13, 15, 20] - 35, [1, 3, 5, 12, 13, 15, 20] - 30, [1, 3, 8, 9, 10, 14, 15, 20] - 34, [1, 2, 4, 11, 13, 15, 20] - 34, [1, 2, 5, 10, 14, 13, 19, 20] - 35, [1, 3, 5, 8, 9, 13, 15, 20] - 39, [1, 3, 6, 8, 9, 13, 15, 20] - 39, [1, 3, 8, 10, 14, 15, 20] - 32, [1, 2, 3, 8, 9, 13, 15, 20] - 38, [1, 3, 5, 10, 13, 15, 20] - 33]
melhor indivíduo da geração:[1, 3, 5, 12, 13, 15, 20] - 30
geração: 4: 
[[1, 6, 8, 10, 14, 15, 20] - 35, [1, 2, 3, 5, 10, 14, 15, 20] - 34, [1, 3, 6, 8, 9, 13, 19, 20] - 39, [1, 3, 8, 10, 14, 13, 19, 20] - 38, [1, 6, 8, 9, 12, 13, 15, 20] - 33, [1, 2, 3, 5, 12, 19, 20] - 37, [1, 6, 8, 9, 13, 15, 20] - 36, [1, 6, 8, 9, 13, 19, 20] - 36, [1, 2, 4, 10, 13, 15, 20] - 35, [1, 3, 5, 12, 13, 15, 20] - 30, [1, 3, 8, 9, 10, 14, 15, 20] - 34, [1, 2, 4, 11, 13, 15, 20] - 34, [1, 2, 5, 10, 14, 13, 19, 20] - 35, [1, 3, 5, 8, 9, 13, 15, 20] - 39, [1, 3, 6, 8, 9, 13, 15, 20] - 39, [1, 3, 8, 10, 14, 15, 20] - 32, [1, 2, 3, 8, 9, 13, 15, 20] - 38, [1, 3, 5, 10, 13, 15, 20] - 33, [1, 3, 5, 10, 14, 13, 19, 20] - 35]
melhor indivíduo da geração:[1, 3, 5, 12, 13, 15, 20] - 30
geração: 5: 
[[1, 6, 8, 10, 14, 15, 20] - 35, [1, 2, 3, 5, 10, 14, 15, 20] - 34, [1, 3, 6, 8, 9, 13, 19, 20] - 39, [1, 3, 8, 10, 14, 13, 19, 20] - 38, [1, 6, 8, 9, 12, 13, 15, 20] - 33, [1, 2, 3, 5, 12, 19, 20] - 37, [1, 6, 8, 9, 13, 15, 20] - 36, [1, 6, 8, 9, 13, 19, 20] - 36, [1, 2, 4, 10, 13, 15, 20] - 35, [1, 3, 5, 12, 13, 15, 20] - 30, [1, 3, 8, 9, 10, 14, 15, 20] - 34, [1, 2, 4, 11, 13, 15, 20] - 34, [1, 2, 5, 10, 14, 13, 19, 20] - 35, [1, 3, 5, 8, 9, 13, 15, 20] - 39, [1, 3, 6, 8, 9, 13, 15, 20] - 39, [1, 3, 8, 10, 14, 15, 20] - 32, [1, 2, 3, 8, 9, 13, 15, 20] - 38, [1, 3, 5, 10, 13, 15, 20] - 33, [1, 3, 5, 10, 14, 13, 19, 20] - 35, [1, 2, 3, 8, 10, 14, 15, 20] - 37, [1, 2, 5, 12, 19, 20] - 32, [1, 2, 5, 10, 14, 15, 20] - 29]
melhor indivíduo da geração:[1, 2, 5, 10, 14, 15, 20] - 29
geração: 6: 
[[1, 6, 8, 10, 14, 15, 20] - 35, [1, 2, 3, 5, 10, 14, 15, 20] - 34, [1, 3, 8, 10, 14, 13, 19, 20] - 38, [1, 6, 8, 9, 12, 13, 15, 20] - 33, [1, 2, 3, 5, 12, 19, 20] - 37, [1, 6, 8, 9, 13, 15, 20] - 36, [1, 6, 8, 9, 13, 19, 20] - 36, [1, 2, 4, 10, 13, 15, 20] - 35, [1, 3, 5, 12, 13, 15, 20] - 30, [1, 3, 8, 9, 10, 14, 15, 20] - 34, [1, 2, 4, 11, 13, 15, 20] - 34, [1, 2, 5, 10, 14, 13, 19, 20] - 35, [1, 3, 8, 10, 14, 15, 20] - 32, [1, 2, 3, 8, 9, 13, 15, 20] - 38, [1, 3, 5, 10, 13, 15, 20] - 33, [1, 3, 5, 10, 14, 13, 19, 20] - 35, [1, 2, 3, 8, 10, 14, 15, 20] - 37, [1, 2, 5, 12, 19, 20] - 32, [1, 2, 5, 10, 14, 15, 20] - 29]
melhor indivíduo da geração:[1, 2, 5, 10, 14, 15, 20] - 29
geração: 7: 
[[1, 6, 8, 10, 14, 15, 20] - 35, [1, 2, 3, 5, 10, 14, 15, 20] - 34, [1, 3, 8, 10, 14, 13, 19, 20] - 38, [1, 6, 8, 9, 12, 13, 15, 20] - 33, [1, 2, 3, 5, 12, 19, 20] - 37, [1, 6, 8, 9, 13, 15, 20] - 36, [1, 6, 8, 9, 13, 19, 20] - 36, [1, 2, 4, 10, 13, 15, 20] - 35, [1, 3, 5, 12, 13, 15, 20] - 30, [1, 3, 8, 9, 10, 14, 15, 20] - 34, [1, 2, 4, 11, 13, 15, 20] - 34, [1, 2, 5, 10, 14, 13, 19, 20] - 35, [1, 3, 8, 10, 14, 15, 20] - 32, [1, 2, 3, 8, 9, 13, 15, 20] - 38, [1, 3, 5, 10, 13, 15, 20] - 33, [1, 3, 5, 10, 14, 13, 19, 20] - 35, [1, 2, 3, 8, 10, 14, 15, 20] - 37, [1, 2, 5, 12, 19, 20] - 32, [1, 2, 5, 10, 14, 15, 20] - 29, [1, 3, 5, 8, 10, 14, 15, 20] - 38, [1, 6, 8, 10, 13, 15, 20] - 39, [1, 2, 4, 11, 10, 14, 15, 20] - 38]
melhor indivíduo da geração:[1, 2, 5, 10, 14, 15, 20] - 29
geração: 8: 
[[1, 6, 8, 10, 14, 15, 20] - 35, [1, 2, 3, 5, 10, 14, 15, 20] - 34, [1, 6, 8, 9, 12, 13, 15, 20] - 33, [1, 6, 8, 9, 13, 15, 20] - 36, [1, 6, 8, 9, 13, 19, 20] - 36, [1, 2, 4, 10, 13, 15, 20] - 35, [1, 3, 5, 12, 13, 15, 20] - 30, [1, 3, 8, 9, 10, 14, 15, 20] - 34, [1, 2, 4, 11, 13, 15, 20] - 34, [1, 2, 5, 10, 14, 13, 19, 20] - 35, [1, 3, 8, 10, 14, 15, 20] - 32, [1, 3, 5, 10, 13, 15, 20] - 33, [1, 3, 5, 10, 14, 13, 19, 20] - 35, [1, 2, 5, 12, 19, 20] - 32, [1, 2, 5, 10, 14, 15, 20] - 29, [1, 2, 4, 10, 14, 15, 20] - 31]
melhor indivíduo da geração:[1, 2, 5, 10, 14, 15, 20] - 29
geração: 9: 
[[1, 6, 8, 10, 14, 15, 20] - 35, [1, 2, 3, 5, 10, 14, 15, 20] - 34, [1, 6, 8, 9, 12, 13, 15, 20] - 33, [1, 6, 8, 9, 13, 15, 20] - 36, [1, 6, 8, 9, 13, 19, 20] - 36, [1, 2, 4, 10, 13, 15, 20] - 35, [1, 3, 5, 12, 13, 15, 20] - 30, [1, 3, 8, 9, 10, 14, 15, 20] - 34, [1, 2, 4, 11, 13, 15, 20] - 34, [1, 2, 5, 10, 14, 13, 19, 20] - 35, [1, 3, 8, 10, 14, 15, 20] - 32, [1, 3, 5, 10, 13, 15, 20] - 33, [1, 3, 5, 10, 14, 13, 19, 20] - 35, [1, 2, 5, 12, 19, 20] - 32, [1, 2, 5, 10, 14, 15, 20] - 29, [1, 2, 4, 10, 14, 15, 20] - 31, [1, 3, 6, 8, 9, 12, 13, 19, 20] - 36]
melhor indivíduo da geração:[1, 2, 5, 10, 14, 15, 20] - 29
geração: 10: 
[[1, 6, 8, 10, 14, 15, 20] - 35, [1, 2, 3, 5, 10, 14, 15, 20] - 34, [1, 6, 8, 9, 12, 13, 15, 20] - 33, [1, 6, 8, 9, 13, 15, 20] - 36, [1, 6, 8, 9, 13, 19, 20] - 36, [1, 2, 4, 10, 13, 15, 20] - 35, [1, 3, 5, 12, 13, 15, 20] - 30, [1, 3, 8, 9, 10, 14, 15, 20] - 34, [1, 2, 4, 11, 13, 15, 20] - 34, [1, 2, 5, 10, 14, 13, 19, 20] - 35, [1, 3, 8, 10, 14, 15, 20] - 32, [1, 3, 5, 10, 13, 15, 20] - 33, [1, 3, 5, 10, 14, 13, 19, 20] - 35, [1, 2, 5, 12, 19, 20] - 32, [1, 2, 5, 10, 14, 15, 20] - 29, [1, 2, 4, 10, 14, 15, 20] - 31, [1, 3, 6, 8, 9, 12, 13, 19, 20] - 36, [1, 2, 5, 10, 13, 19, 20] - 33, [1, 3, 5, 8, 9, 12, 13, 15, 20] - 36]
melhor indivíduo da geração:[1, 2, 5, 10, 14, 15, 20] - 29
geração: 11: 
[[1, 6, 8, 10, 14, 15, 20] - 35, [1, 2, 3, 5, 10, 14, 15, 20] - 34, [1, 6, 8, 9, 12, 13, 15, 20] - 33, [1, 6, 8, 9, 13, 15, 20] - 36, [1, 6, 8, 9, 13, 19, 20] - 36, [1, 2, 4, 10, 13, 15, 20] - 35, [1, 3, 5, 12, 13, 15, 20] - 30, [1, 3, 8, 9, 10, 14, 15, 20] - 34, [1, 2, 4, 11, 13, 15, 20] - 34, [1, 2, 5, 10, 14, 13, 19, 20] - 35, [1, 3, 8, 10, 14, 15, 20] - 32, [1, 3, 5, 10, 13, 15, 20] - 33, [1, 3, 5, 10, 14, 13, 19, 20] - 35, [1, 2, 5, 12, 19, 20] - 32, [1, 2, 5, 10, 14, 15, 20] - 29, [1, 2, 4, 10, 14, 15, 20] - 31, [1, 3, 6, 8, 9, 12, 13, 19, 20] - 36, [1, 2, 5, 10, 13, 19, 20] - 33, [1, 3, 5, 8, 9, 12, 13, 15, 20] - 36, [1, 2, 4, 11, 14, 15, 20] - 34]
melhor indivíduo da geração:[1, 2, 5, 10, 14, 15, 20] - 29
geração: 12: 
[[1, 6, 8, 10, 14, 15, 20] - 35, [1, 2, 3, 5, 10, 14, 15, 20] - 34, [1, 6, 8, 9, 12, 13, 15, 20] - 33, [1, 6, 8, 9, 13, 15, 20] - 36, [1, 6, 8, 9, 13, 19, 20] - 36, [1, 2, 4, 10, 13, 15, 20] - 35, [1, 3, 5, 12, 13, 15, 20] - 30, [1, 3, 8, 9, 10, 14, 15, 20] - 34, [1, 2, 4, 11, 13, 15, 20] - 34, [1, 2, 5, 10, 14, 13, 19, 20] - 35, [1, 3, 8, 10, 14, 15, 20] - 32, [1, 3, 5, 10, 13, 15, 20] - 33, [1, 3, 5, 10, 14, 13, 19, 20] - 35, [1, 2, 5, 12, 19, 20] - 32, [1, 2, 5, 10, 14, 15, 20] - 29, [1, 2, 4, 10, 14, 15, 20] - 31, [1, 3, 6, 8, 9, 12, 13, 19, 20] - 36, [1, 2, 5, 10, 13, 19, 20] - 33, [1, 3, 5, 8, 9, 12, 13, 15, 20] - 36, [1, 2, 4, 11, 14, 15, 20] - 34, [1, 3, 8, 9, 12, 19, 20] - 32]
melhor indivíduo da geração:[1, 2, 5, 10, 14, 15, 20] - 29
geração: 13: 
[[1, 6, 8, 10, 14, 15, 20] - 35, [1, 2, 3, 5, 10, 14, 15, 20] - 34, [1, 6, 8, 9, 12, 13, 15, 20] - 33, [1, 6, 8, 9, 13, 15, 20] - 36, [1, 6, 8, 9, 13, 19, 20] - 36, [1, 2, 4, 10, 13, 15, 20] - 35, [1, 3, 5, 12, 13, 15, 20] - 30, [1, 3, 8, 9, 10, 14, 15, 20] - 34, [1, 2, 4, 11, 13, 15, 20] - 34, [1, 2, 5, 10, 14, 13, 19, 20] - 35, [1, 3, 8, 10, 14, 15, 20] - 32, [1, 3, 5, 10, 13, 15, 20] - 33, [1, 3, 5, 10, 14, 13, 19, 20] - 35, [1, 2, 5, 12, 19, 20] - 32, [1, 2, 5, 10, 14, 15, 20] - 29, [1, 2, 4, 10, 14, 15, 20] - 31, [1, 3, 6, 8, 9, 12, 13, 19, 20] - 36, [1, 2, 5, 10, 13, 19, 20] - 33, [1, 3, 5, 8, 9, 12, 13, 15, 20] - 36, [1, 2, 4, 11, 14, 15, 20] - 34, [1, 3, 8, 9, 12, 19, 20] - 32]
melhor indivíduo da geração:[1, 2, 5, 10, 14, 15, 20] - 29
geração: 14: 
[[1, 6, 8, 10, 14, 15, 20] - 35, [1, 2, 3, 5, 10, 14, 15, 20] - 34, [1, 6, 8, 9, 12, 13, 15, 20] - 33, [1, 2, 4, 10, 13, 15, 20] - 35, [1, 3, 5, 12, 13, 15, 20] - 30, [1, 3, 8, 9, 10, 14, 15, 20] - 34, [1, 2, 4, 11, 13, 15, 20] - 34, [1, 2, 5, 10, 14, 13, 19, 20] - 35, [1, 3, 8, 10, 14, 15, 20] - 32, [1, 3, 5, 10, 13, 15, 20] - 33, [1, 3, 5, 10, 14, 13, 19, 20] - 35, [1, 2, 5, 12, 19, 20] - 32, [1, 2, 5, 10, 14, 15, 20] - 29, [1, 2, 4, 10, 14, 15, 20] - 31, [1, 2, 5, 10, 13, 19, 20] - 33, [1, 2, 4, 11, 14, 15, 20] - 34, [1, 3, 8, 9, 12, 19, 20] - 32]
melhor indivíduo da geração:[1, 2, 5, 10, 14, 15, 20] - 29
geração: 15: 
[[1, 6, 8, 10, 14, 15, 20] - 35, [1, 2, 3, 5, 10, 14, 15, 20] - 34, [1, 6, 8, 9, 12, 13, 15, 20] - 33, [1, 2, 4, 10, 13, 15, 20] - 35, [1, 3, 5, 12, 13, 15, 20] - 30, [1, 3, 8, 9, 10, 14, 15, 20] - 34, [1, 2, 4, 11, 13, 15, 20] - 34, [1, 2, 5, 10, 14, 13, 19, 20] - 35, [1, 3, 8, 10, 14, 15, 20] - 32, [1, 3, 5, 10, 13, 15, 20] - 33, [1, 3, 5, 10, 14, 13, 19, 20] - 35, [1, 2, 5, 12, 19, 20] - 32, [1, 2, 5, 10, 14, 15, 20] - 29, [1, 2, 4, 10, 14, 15, 20] - 31, [1, 2, 5, 10, 13, 19, 20] - 33, [1, 2, 4, 11, 14, 15, 20] - 34, [1, 3, 8, 9, 12, 19, 20] - 32, [1, 2, 4, 11, 10, 14, 15, 20] - 38, [1, 2, 4, 11, 13, 19, 20] - 34]
melhor indivíduo da geração:[1, 2, 5, 10, 14, 15, 20] - 29
geração: 16: 
[[1, 6, 8, 10, 14, 15, 20] - 35, [1, 2, 3, 5, 10, 14, 15, 20] - 34, [1, 6, 8, 9, 12, 13, 15, 20] - 33, [1, 2, 4, 10, 13, 15, 20] - 35, [1, 3, 5, 12, 13, 15, 20] - 30, [1, 3, 8, 9, 10, 14, 15, 20] - 34, [1, 2, 4, 11, 13, 15, 20] - 34, [1, 2, 5, 10, 14, 13, 19, 20] - 35, [1, 3, 8, 10, 14, 15, 20] - 32, [1, 3, 5, 10, 13, 15, 20] - 33, [1, 3, 5, 10, 14, 13, 19, 20] - 35, [1, 2, 5, 12, 19, 20] - 32, [1, 2, 5, 10, 14, 15, 20] - 29, [1, 2, 4, 10, 14, 15, 20] - 31, [1, 2, 5, 10, 13, 19, 20] - 33, [1, 2, 4, 11, 14, 15, 20] - 34, [1, 3, 8, 9, 12, 19, 20] - 32, [1, 2, 4, 11, 10, 14, 15, 20] - 38, [1, 2, 4, 11, 13, 19, 20] - 34, [1, 6, 8, 9, 12, 19, 20] - 35, [1, 6, 8, 10, 13, 15, 20] - 39, [1, 3, 8, 9, 10, 13, 15, 20] - 38]
melhor indivíduo da geração:[1, 2, 5, 10, 14, 15, 20] - 29
geração: 17: 
[[1, 6, 8, 10, 14, 15, 20] - 35, [1, 2, 3, 5, 10, 14, 15, 20] - 34, [1, 6, 8, 9, 12, 13, 15, 20] - 33, [1, 2, 4, 10, 13, 15, 20] - 35, [1, 3, 5, 12, 13, 15, 20] - 30, [1, 3, 8, 9, 10, 14, 15, 20] - 34, [1, 2, 4, 11, 13, 15, 20] - 34, [1, 2, 5, 10, 14, 13, 19, 20] - 35, [1, 3, 8, 10, 14, 15, 20] - 32, [1, 3, 5, 10, 13, 15, 20] - 33, [1, 3, 5, 10, 14, 13, 19, 20] - 35, [1, 2, 5, 12, 19, 20] - 32, [1, 2, 5, 10, 14, 15, 20] - 29, [1, 2, 4, 10, 14, 15, 20] - 31, [1, 2, 5, 10, 13, 19, 20] - 33, [1, 2, 4, 11, 14, 15, 20] - 34, [1, 3, 8, 9, 12, 19, 20] - 32, [1, 2, 4, 11, 13, 19, 20] - 34, [1, 6, 8, 9, 12, 19, 20] - 35]
melhor indivíduo da geração:[1, 2, 5, 10, 14, 15, 20] - 29
geração: 18: 
[[1, 6, 8, 10, 14, 15, 20] - 35, [1, 2, 3, 5, 10, 14, 15, 20] - 34, [1, 6, 8, 9, 12, 13, 15, 20] - 33, [1, 2, 4, 10, 13, 15, 20] - 35, [1, 3, 5, 12, 13, 15, 20] - 30, [1, 3, 8, 9, 10, 14, 15, 20] - 34, [1, 2, 4, 11, 13, 15, 20] - 34, [1, 2, 5, 10, 14, 13, 19, 20] - 35, [1, 3, 8, 10, 14, 15, 20] - 32, [1, 3, 5, 10, 13, 15, 20] - 33, [1, 3, 5, 10, 14, 13, 19, 20] - 35, [1, 2, 5, 12, 19, 20] - 32, [1, 2, 5, 10, 14, 15, 20] - 29, [1, 2, 4, 10, 14, 15, 20] - 31, [1, 2, 5, 10, 13, 19, 20] - 33, [1, 2, 4, 11, 14, 15, 20] - 34, [1, 3, 8, 9, 12, 19, 20] - 32, [1, 2, 4, 11, 13, 19, 20] - 34, [1, 6, 8, 9, 12, 19, 20] - 35, [1, 2, 3, 5, 12, 19, 20] - 37]
melhor indivíduo da geração:[1, 2, 5, 10, 14, 15, 20] - 29
geração: 19: 
[[1, 6, 8, 10, 14, 15, 20] - 35, [1, 2, 3, 5, 10, 14, 15, 20] - 34, [1, 6, 8, 9, 12, 13, 15, 20] - 33, [1, 2, 4, 10, 13, 15, 20] - 35, [1, 3, 5, 12, 13, 15, 20] - 30, [1, 3, 8, 9, 10, 14, 15, 20] - 34, [1, 2, 4, 11, 13, 15, 20] - 34, [1, 2, 5, 10, 14, 13, 19, 20] - 35, [1, 3, 8, 10, 14, 15, 20] - 32, [1, 3, 5, 10, 13, 15, 20] - 33, [1, 3, 5, 10, 14, 13, 19, 20] - 35, [1, 2, 5, 12, 19, 20] - 32, [1, 2, 5, 10, 14, 15, 20] - 29, [1, 2, 4, 10, 14, 15, 20] - 31, [1, 2, 5, 10, 13, 19, 20] - 33, [1, 2, 4, 11, 14, 15, 20] - 34, [1, 3, 8, 9, 12, 19, 20] - 32, [1, 2, 4, 11, 13, 19, 20] - 34, [1, 6, 8, 9, 12, 19, 20] - 35, [1, 2, 3, 5, 12, 19, 20] - 37, [1, 3, 6, 8, 10, 14, 15, 20] - 38, [1, 2, 3, 8, 9, 12, 19, 20] - 37, [1, 3, 8, 9, 10, 13, 19, 20] - 38, [1, 3, 5, 8, 9, 13, 19, 20] - 39]
melhor indivíduo da geração:[1, 2, 5, 10, 14, 15, 20] - 29
geração: 20: 
[[1, 6, 8, 10, 14, 15, 20] - 35, [1, 2, 3, 5, 10, 14, 15, 20] - 34, [1, 6, 8, 9, 12, 13, 15, 20] - 33, [1, 2, 4, 10, 13, 15, 20] - 35, [1, 3, 5, 12, 13, 15, 20] - 30, [1, 3, 8, 9, 10, 14, 15, 20] - 34, [1, 2, 4, 11, 13, 15, 20] - 34, [1, 2, 5, 10, 14, 13, 19, 20] - 35, [1, 3, 8, 10, 14, 15, 20] - 32, [1, 3, 5, 10, 13, 15, 20] - 33, [1, 3, 5, 10, 14, 13, 19, 20] - 35, [1, 2, 5, 12, 19, 20] - 32, [1, 2, 5, 10, 14, 15, 20] - 29, [1, 2, 4, 10, 14, 15, 20] - 31, [1, 2, 5, 10, 13, 19, 20] - 33, [1, 2, 4, 11, 14, 15, 20] - 34, [1, 3, 8, 9, 12, 19, 20] - 32, [1, 2, 4, 11, 13, 19, 20] - 34, [1, 6, 8, 9, 12, 19, 20] - 35, [1, 2, 3, 5, 12, 19, 20] - 37, [1, 2, 3, 8, 9, 12, 19, 20] - 37]
melhor indivíduo da geração:[1, 2, 5, 10, 14, 15, 20] - 29
geração: 21: 
[[1, 2, 3, 5, 10, 14, 15, 20] - 34, [1, 6, 8, 9, 12, 13, 15, 20] - 33, [1, 3, 5, 12, 13, 15, 20] - 30, [1, 3, 8, 9, 10, 14, 15, 20] - 34, [1, 2, 4, 11, 13, 15, 20] - 34, [1, 3, 8, 10, 14, 15, 20] - 32, [1, 3, 5, 10, 13, 15, 20] - 33, [1, 2, 5, 12, 19, 20] - 32, [1, 2, 5, 10, 14, 15, 20] - 29, [1, 2, 4, 10, 14, 15, 20] - 31, [1, 2, 5, 10, 13, 19, 20] - 33, [1, 2, 4, 11, 14, 15, 20] - 34, [1, 3, 8, 9, 12, 19, 20] - 32, [1, 2, 4, 11, 13, 19, 20] - 34]
melhor indivíduo da geração:[1, 2, 5, 10, 14, 15, 20] - 29
geração: 22: 
[[1, 2, 3, 5, 10, 14, 15, 20] - 34, [1, 6, 8, 9, 12, 13, 15, 20] - 33, [1, 3, 5, 12, 13, 15, 20] - 30, [1, 3, 8, 9, 10, 14, 15, 20] - 34, [1, 2, 4, 11, 13, 15, 20] - 34, [1, 3, 8, 10, 14, 15, 20] - 32, [1, 3, 5, 10, 13, 15, 20] - 33, [1, 2, 5, 12, 19, 20] - 32, [1, 2, 5, 10, 14, 15, 20] - 29, [1, 2, 4, 10, 14, 15, 20] - 31, [1, 2, 5, 10, 13, 19, 20] - 33, [1, 2, 4, 11, 14, 15, 20] - 34, [1, 3, 8, 9, 12, 19, 20] - 32, [1, 2, 4, 11, 13, 19, 20] - 34, [1, 3, 8, 10, 13, 15, 20] - 36, [1, 6, 8, 10, 13, 19, 20] - 39]
melhor indivíduo da geração:[1, 2, 5, 10, 14, 15, 20] - 29
geração: 23: 
[[1, 2, 3, 5, 10, 14, 15, 20] - 34, [1, 6, 8, 9, 12, 13, 15, 20] - 33, [1, 3, 5, 12, 13, 15, 20] - 30, [1, 3, 8, 9, 10, 14, 15, 20] - 34, [1, 2, 4, 11, 13, 15, 20] - 34, [1, 3, 8, 10, 14, 15, 20] - 32, [1, 3, 5, 10, 13, 15, 20] - 33, [1, 2, 5, 12, 19, 20] - 32, [1, 2, 5, 10, 14, 15, 20] - 29, [1, 2, 4, 10, 14, 15, 20] - 31, [1, 2, 5, 10, 13, 19, 20] - 33, [1, 2, 4, 11, 14, 15, 20] - 34, [1, 3, 8, 9, 12, 19, 20] - 32, [1, 2, 4, 11, 13, 19, 20] - 34, [1, 3, 8, 10, 13, 15, 20] - 36, [1, 6, 8, 10, 13, 19, 20] - 39, [1, 6, 7, 9, 12, 19, 20] - 40, [1, 6, 8, 10, 13, 15, 20] - 39]
melhor indivíduo da geração:[1, 2, 5, 10, 14, 15, 20] - 29
geração: 24: 
[[1, 2, 3, 5, 10, 14, 15, 20] - 34, [1, 6, 8, 9, 12, 13, 15, 20] - 33, [1, 3, 5, 12, 13, 15, 20] - 30, [1, 3, 8, 9, 10, 14, 15, 20] - 34, [1, 2, 4, 11, 13, 15, 20] - 34, [1, 3, 8, 10, 14, 15, 20] - 32, [1, 3, 5, 10, 13, 15, 20] - 33, [1, 2, 5, 12, 19, 20] - 32, [1, 2, 5, 10, 14, 15, 20] - 29, [1, 2, 4, 10, 14, 15, 20] - 31, [1, 2, 5, 10, 13, 19, 20] - 33, [1, 2, 4, 11, 14, 15, 20] - 34, [1, 3, 8, 9, 12, 19, 20] - 32, [1, 2, 4, 11, 13, 19, 20] - 34, [1, 3, 8, 10, 13, 15, 20] - 36, [1, 6, 8, 10, 13, 19, 20] - 39, [1, 6, 7, 9, 12, 19, 20] - 40, [1, 6, 8, 10, 13, 15, 20] - 39, [1, 3, 5, 12, 19, 20] - 32]
melhor indivíduo da geração:[1, 2, 5, 10, 14, 15, 20] - 29
geração: 25: 
[[1, 2, 3, 5, 10, 14, 15, 20] - 34, [1, 6, 8, 9, 12, 13, 15, 20] - 33, [1, 3, 5, 12, 13, 15, 20] - 30, [1, 3, 8, 9, 10, 14, 15, 20] - 34, [1, 2, 4, 11, 13, 15, 20] - 34, [1, 3, 8, 10, 14, 15, 20] - 32, [1, 3, 5, 10, 13, 15, 20] - 33, [1, 2, 5, 12, 19, 20] - 32, [1, 2, 5, 10, 14, 15, 20] - 29, [1, 2, 4, 10, 14, 15, 20] - 31, [1, 2, 5, 10, 13, 19, 20] - 33, [1, 2, 4, 11, 14, 15, 20] - 34, [1, 3, 8, 9, 12, 19, 20] - 32, [1, 2, 4, 11, 13, 19, 20] - 34, [1, 3, 8, 10, 13, 15, 20] - 36, [1, 3, 5, 12, 19, 20] - 32, [1, 6, 8, 10, 14, 15, 20] - 35]
melhor indivíduo da geração:[1, 2, 5, 10, 14, 15, 20] - 29
geração: 26: 
[[1, 2, 3, 5, 10, 14, 15, 20] - 34, [1, 6, 8, 9, 12, 13, 15, 20] - 33, [1, 3, 5, 12, 13, 15, 20] - 30, [1, 3, 8, 9, 10, 14, 15, 20] - 34, [1, 2, 4, 11, 13, 15, 20] - 34, [1, 3, 8, 10, 14, 15, 20] - 32, [1, 3, 5, 10, 13, 15, 20] - 33, [1, 2, 5, 12, 19, 20] - 32, [1, 2, 5, 10, 14, 15, 20] - 29, [1, 2, 4, 10, 14, 15, 20] - 31, [1, 2, 5, 10, 13, 19, 20] - 33, [1, 2, 4, 11, 14, 15, 20] - 34, [1, 3, 8, 9, 12, 19, 20] - 32, [1, 2, 4, 11, 13, 19, 20] - 34, [1, 3, 8, 10, 13, 15, 20] - 36, [1, 3, 5, 12, 19, 20] - 32, [1, 6, 8, 10, 14, 15, 20] - 35, [1, 3, 5, 10, 13, 19, 20] - 33]
melhor indivíduo da geração:[1, 2, 5, 10, 14, 15, 20] - 29
geração: 27: 
[[1, 2, 3, 5, 10, 14, 15, 20] - 34, [1, 6, 8, 9, 12, 13, 15, 20] - 33, [1, 3, 5, 12, 13, 15, 20] - 30, [1, 3, 8, 9, 10, 14, 15, 20] - 34, [1, 2, 4, 11, 13, 15, 20] - 34, [1, 3, 8, 10, 14, 15, 20] - 32, [1, 3, 5, 10, 13, 15, 20] - 33, [1, 2, 5, 12, 19, 20] - 32, [1, 2, 5, 10, 14, 15, 20] - 29, [1, 2, 4, 10, 14, 15, 20] - 31, [1, 2, 5, 10, 13, 19, 20] - 33, [1, 2, 4, 11, 14, 15, 20] - 34, [1, 3, 8, 9, 12, 19, 20] - 32, [1, 2, 4, 11, 13, 19, 20] - 34, [1, 3, 8, 10, 13, 15, 20] - 36, [1, 3, 5, 12, 19, 20] - 32, [1, 6, 8, 10, 14, 15, 20] - 35, [1, 3, 5, 10, 13, 19, 20] - 33, [1, 6, 8, 9, 13, 19, 20] - 36, [1, 6, 8, 9, 13, 15, 20] - 36]
melhor indivíduo da geração:[1, 2, 5, 10, 14, 15, 20] - 29
geração: 28: 
[[1, 2, 3, 5, 10, 14, 15, 20] - 34, [1, 6, 8, 9, 12, 13, 15, 20] - 33, [1, 3, 5, 12, 13, 15, 20] - 30, [1, 3, 8, 9, 10, 14, 15, 20] - 34, [1, 2, 4, 11, 13, 15, 20] - 34, [1, 3, 8, 10, 14, 15, 20] - 32, [1, 3, 5, 10, 13, 15, 20] - 33, [1, 2, 5, 12, 19, 20] - 32, [1, 2, 5, 10, 14, 15, 20] - 29, [1, 2, 4, 10, 14, 15, 20] - 31, [1, 2, 5, 10, 13, 19, 20] - 33, [1, 2, 4, 11, 14, 15, 20] - 34, [1, 3, 8, 9, 12, 19, 20] - 32, [1, 2, 4, 11, 13, 19, 20] - 34, [1, 3, 8, 10, 13, 15, 20] - 36, [1, 3, 5, 12, 19, 20] - 32, [1, 6, 8, 10, 14, 15, 20] - 35, [1, 3, 5, 10, 13, 19, 20] - 33, [1, 6, 8, 9, 13, 19, 20] - 36, [1, 6, 8, 9, 13, 15, 20] - 36, [1, 6, 8, 10, 14, 13, 19, 20] - 41, [1, 2, 5, 10, 14, 13, 19, 20] - 35, [1, 3, 5, 12, 13, 19, 20] - 30]
melhor indivíduo da geração:[1, 2, 5, 10, 14, 15, 20] - 29
geração: 29: 
[[1, 2, 3, 5, 10, 14, 15, 20] - 34, [1, 6, 8, 9, 12, 13, 15, 20] - 33, [1, 3, 5, 12, 13, 15, 20] - 30, [1, 3, 8, 9, 10, 14, 15, 20] - 34, [1, 2, 4, 11, 13, 15, 20] - 34, [1, 3, 8, 10, 14, 15, 20] - 32, [1, 3, 5, 10, 13, 15, 20] - 33, [1, 2, 5, 12, 19, 20] - 32, [1, 2, 5, 10, 14, 15, 20] - 29, [1, 2, 4, 10, 14, 15, 20] - 31, [1, 2, 5, 10, 13, 19, 20] - 33, [1, 2, 4, 11, 14, 15, 20] - 34, [1, 3, 8, 9, 12, 19, 20] - 32, [1, 2, 4, 11, 13, 19, 20] - 34, [1, 3, 5, 12, 19, 20] - 32, [1, 6, 8, 10, 14, 15, 20] - 35, [1, 3, 5, 10, 13, 19, 20] - 33, [1, 2, 5, 10, 14, 13, 19, 20] - 35, [1, 3, 5, 12, 13, 19, 20] - 30]
melhor indivíduo da geração:[1, 2, 5, 10, 14, 15, 20] - 29
geração: 30: 
[[1, 2, 3, 5, 10, 14, 15, 20] - 34, [1, 6, 8, 9, 12, 13, 15, 20] - 33, [1, 3, 5, 12, 13, 15, 20] - 30, [1, 3, 8, 9, 10, 14, 15, 20] - 34, [1, 2, 4, 11, 13, 15, 20] - 34, [1, 3, 8, 10, 14, 15, 20] - 32, [1, 3, 5, 10, 13, 15, 20] - 33, [1, 2, 5, 12, 19, 20] - 32, [1, 2, 5, 10, 14, 15, 20] - 29, [1, 2, 4, 10, 14, 15, 20] - 31, [1, 2, 5, 10, 13, 19, 20] - 33, [1, 2, 4, 11, 14, 15, 20] - 34, [1, 3, 8, 9, 12, 19, 20] - 32, [1, 2, 4, 11, 13, 19, 20] - 34, [1, 3, 5, 12, 19, 20] - 32, [1, 6, 8, 10, 14, 15, 20] - 35, [1, 3, 5, 10, 13, 19, 20] - 33, [1, 2, 5, 10, 14, 13, 19, 20] - 35, [1, 3, 5, 12, 13, 19, 20] - 30, [1, 3, 5, 10, 14, 13, 19, 20] - 35, [1, 3, 5, 8, 10, 14, 15, 20] - 38]
melhor indivíduo da geração:[1, 2, 5, 10, 14, 15, 20] - 29
geração: 31: 
[[1, 2, 3, 5, 10, 14, 15, 20] - 34, [1, 6, 8, 9, 12, 13, 15, 20] - 33, [1, 3, 5, 12, 13, 15, 20] - 30, [1, 3, 8, 9, 10, 14, 15, 20] - 34, [1, 2, 4, 11, 13, 15, 20] - 34, [1, 3, 8, 10, 14, 15, 20] - 32, [1, 3, 5, 10, 13, 15, 20] - 33, [1, 2, 5, 12, 19, 20] - 32, [1, 2, 5, 10, 14, 15, 20] - 29, [1, 2, 4, 10, 14, 15, 20] - 31, [1, 2, 5, 10, 13, 19, 20] - 33, [1, 2, 4, 11, 14, 15, 20] - 34, [1, 3, 8, 9, 12, 19, 20] - 32, [1, 2, 4, 11, 13, 19, 20] - 34, [1, 3, 5, 12, 19, 20] - 32, [1, 3, 5, 10, 13, 19, 20] - 33, [1, 3, 5, 12, 13, 19, 20] - 30]
melhor indivíduo da geração:[1, 2, 5, 10, 14, 15, 20] - 29
geração: 32: 
[[1, 2, 3, 5, 10, 14, 15, 20] - 34, [1, 6, 8, 9, 12, 13, 15, 20] - 33, [1, 3, 5, 12, 13, 15, 20] - 30, [1, 3, 8, 9, 10, 14, 15, 20] - 34, [1, 2, 4, 11, 13, 15, 20] - 34, [1, 3, 8, 10, 14, 15, 20] - 32, [1, 3, 5, 10, 13, 15, 20] - 33, [1, 2, 5, 12, 19, 20] - 32, [1, 2, 5, 10, 14, 15, 20] - 29, [1, 2, 4, 10, 14, 15, 20] - 31, [1, 2, 5, 10, 13, 19, 20] - 33, [1, 2, 4, 11, 14, 15, 20] - 34, [1, 3, 8, 9, 12, 19, 20] - 32, [1, 2, 4, 11, 13, 19, 20] - 34, [1, 3, 5, 12, 19, 20] - 32, [1, 3, 5, 10, 13, 19, 20] - 33, [1, 3, 5, 12, 13, 19, 20] - 30, [1, 3, 5, 10, 12, 13, 15, 20] - 38, [1, 3, 5, 8, 10, 14, 15, 20] - 38]
melhor indivíduo da geração:[1, 2, 5, 10, 14, 15, 20] - 29
geração: 33: 
[[1, 2, 3, 5, 10, 14, 15, 20] - 34, [1, 6, 8, 9, 12, 13, 15, 20] - 33, [1, 3, 5, 12, 13, 15, 20] - 30, [1, 3, 8, 9, 10, 14, 15, 20] - 34, [1, 2, 4, 11, 13, 15, 20] - 34, [1, 3, 8, 10, 14, 15, 20] - 32, [1, 3, 5, 10, 13, 15, 20] - 33, [1, 2, 5, 12, 19, 20] - 32, [1, 2, 5, 10, 14, 15, 20] - 29, [1, 2, 4, 10, 14, 15, 20] - 31, [1, 2, 5, 10, 13, 19, 20] - 33, [1, 2, 4, 11, 14, 15, 20] - 34, [1, 3, 8, 9, 12, 19, 20] - 32, [1, 2, 4, 11, 13, 19, 20] - 34, [1, 3, 5, 12, 19, 20] - 32, [1, 3, 5, 10, 13, 19, 20] - 33, [1, 3, 5, 12, 13, 19, 20] - 30, [1, 3, 5, 10, 12, 13, 15, 20] - 38, [1, 3, 5, 8, 10, 14, 15, 20] - 38]
melhor indivíduo da geração:[1, 2, 5, 10, 14, 15, 20] - 29
geração: 34: 
[[1, 2, 3, 5, 10, 14, 15, 20] - 34, [1, 6, 8, 9, 12, 13, 15, 20] - 33, [1, 3, 5, 12, 13, 15, 20] - 30, [1, 3, 8, 9, 10, 14, 15, 20] - 34, [1, 2, 4, 11, 13, 15, 20] - 34, [1, 3, 8, 10, 14, 15, 20] - 32, [1, 3, 5, 10, 13, 15, 20] - 33, [1, 2, 5, 12, 19, 20] - 32, [1, 2, 5, 10, 14, 15, 20] - 29, [1, 2, 4, 10, 14, 15, 20] - 31, [1, 2, 5, 10, 13, 19, 20] - 33, [1, 2, 4, 11, 14, 15, 20] - 34, [1, 3, 8, 9, 12, 19, 20] - 32, [1, 2, 4, 11, 13, 19, 20] - 34, [1, 3, 5, 12, 19, 20] - 32, [1, 3, 5, 10, 13, 19, 20] - 33, [1, 3, 5, 12, 13, 19, 20] - 30, [1, 3, 5, 10, 12, 13, 15, 20] - 38, [1, 3, 5, 8, 10, 14, 15, 20] - 38, [1, 6, 7, 9, 12, 13, 19, 20] - 38, [1, 3, 6, 8, 9, 13, 15, 20] - 39, [1, 6, 8, 10, 13, 15, 20] - 39]
melhor indivíduo da geração:[1, 2, 5, 10, 14, 15, 20] - 29
geração: 35: 
[[1, 2, 3, 5, 10, 14, 15, 20] - 34, [1, 6, 8, 9, 12, 13, 15, 20] - 33, [1, 3, 5, 12, 13, 15, 20] - 30, [1, 3, 8, 9, 10, 14, 15, 20] - 34, [1, 2, 4, 11, 13, 15, 20] - 34, [1, 3, 8, 10, 14, 15, 20] - 32, [1, 3, 5, 10, 13, 15, 20] - 33, [1, 2, 5, 12, 19, 20] - 32, [1, 2, 5, 10, 14, 15, 20] - 29, [1, 2, 4, 10, 14, 15, 20] - 31, [1, 2, 5, 10, 13, 19, 20] - 33, [1, 2, 4, 11, 14, 15, 20] - 34, [1, 3, 8, 9, 12, 19, 20] - 32, [1, 2, 4, 11, 13, 19, 20] - 34, [1, 3, 5, 12, 19, 20] - 32, [1, 3, 5, 10, 13, 19, 20] - 33, [1, 3, 5, 12, 13, 19, 20] - 30]
melhor indivíduo da geração:[1, 2, 5, 10, 14, 15, 20] - 29
geração: 36: 
[[1, 2, 3, 5, 10, 14, 15, 20] - 34, [1, 6, 8, 9, 12, 13, 15, 20] - 33, [1, 3, 5, 12, 13, 15, 20] - 30, [1, 3, 8, 9, 10, 14, 15, 20] - 34, [1, 2, 4, 11, 13, 15, 20] - 34, [1, 3, 8, 10, 14, 15, 20] - 32, [1, 3, 5, 10, 13, 15, 20] - 33, [1, 2, 5, 12, 19, 20] - 32, [1, 2, 5, 10, 14, 15, 20] - 29, [1, 2, 4, 10, 14, 15, 20] - 31, [1, 2, 5, 10, 13, 19, 20] - 33, [1, 2, 4, 11, 14, 15, 20] - 34, [1, 3, 8, 9, 12, 19, 20] - 32, [1, 2, 4, 11, 13, 19, 20] - 34, [1, 3, 5, 12, 19, 20] - 32, [1, 3, 5, 10, 13, 19, 20] - 33, [1, 3, 5, 12, 13, 19, 20] - 30, [1, 2, 5, 10, 13, 15, 20] - 33]
melhor indivíduo da geração:[1, 2, 5, 10, 14, 15, 20] - 29
geração: 37: 
[[1, 2, 3, 5, 10, 14, 15, 20] - 34, [1, 6, 8, 9, 12, 13, 15, 20] - 33, [1, 3, 5, 12, 13, 15, 20] - 30, [1, 3, 8, 9, 10, 14, 15, 20] - 34, [1, 2, 4, 11, 13, 15, 20] - 34, [1, 3, 8, 10, 14, 15, 20] - 32, [1, 3, 5, 10, 13, 15, 20] - 33, [1, 2, 5, 12, 19, 20] - 32, [1, 2, 5, 10, 14, 15, 20] - 29, [1, 2, 4, 10, 14, 15, 20] - 31, [1, 2, 5, 10, 13, 19, 20] - 33, [1, 2, 4, 11, 14, 15, 20] - 34, [1, 3, 8, 9, 12, 19, 20] - 32, [1, 2, 4, 11, 13, 19, 20] - 34, [1, 3, 5, 12, 19, 20] - 32, [1, 3, 5, 10, 13, 19, 20] - 33, [1, 3, 5, 12, 13, 19, 20] - 30, [1, 2, 5, 10, 13, 15, 20] - 33, [1, 3, 5, 10, 12, 13, 19, 20] - 38, [1, 6, 8, 10, 14, 15, 20] - 35]
melhor indivíduo da geração:[1, 2, 5, 10, 14, 15, 20] - 29
geração: 38: 
[[1, 2, 3, 5, 10, 14, 15, 20] - 34, [1, 6, 8, 9, 12, 13, 15, 20] - 33, [1, 3, 5, 12, 13, 15, 20] - 30, [1, 3, 8, 9, 10, 14, 15, 20] - 34, [1, 2, 4, 11, 13, 15, 20] - 34, [1, 3, 8, 10, 14, 15, 20] - 32, [1, 3, 5, 10, 13, 15, 20] - 33, [1, 2, 5, 12, 19, 20] - 32, [1, 2, 5, 10, 14, 15, 20] - 29, [1, 2, 4, 10, 14, 15, 20] - 31, [1, 2, 5, 10, 13, 19, 20] - 33, [1, 2, 4, 11, 14, 15, 20] - 34, [1, 3, 8, 9, 12, 19, 20] - 32, [1, 2, 4, 11, 13, 19, 20] - 34, [1, 3, 5, 12, 19, 20] - 32, [1, 3, 5, 10, 13, 19, 20] - 33, [1, 3, 5, 12, 13, 19, 20] - 30, [1, 2, 5, 10, 13, 15, 20] - 33, [1, 3, 5, 10, 12, 13, 19, 20] - 38, [1, 6, 8, 10, 14, 15, 20] - 35, [1, 6, 7, 9, 13, 15, 20] - 41]
melhor indivíduo da geração:[1, 2, 5, 10, 14, 15, 20] - 29
geração: 39: 
[[1, 2, 3, 5, 10, 14, 15, 20] - 34, [1, 6, 8, 9, 12, 13, 15, 20] - 33, [1, 3, 5, 12, 13, 15, 20] - 30, [1, 3, 8, 9, 10, 14, 15, 20] - 34, [1, 2, 4, 11, 13, 15, 20] - 34, [1, 3, 8, 10, 14, 15, 20] - 32, [1, 3, 5, 10, 13, 15, 20] - 33, [1, 2, 5, 12, 19, 20] - 32, [1, 2, 5, 10, 14, 15, 20] - 29, [1, 2, 4, 10, 14, 15, 20] - 31, [1, 2, 5, 10, 13, 19, 20] - 33, [1, 2, 4, 11, 14, 15, 20] - 34, [1, 3, 8, 9, 12, 19, 20] - 32, [1, 2, 4, 11, 13, 19, 20] - 34, [1, 3, 5, 12, 19, 20] - 32, [1, 3, 5, 10, 13, 19, 20] - 33, [1, 3, 5, 12, 13, 19, 20] - 30, [1, 2, 5, 10, 13, 15, 20] - 33, [1, 6, 8, 10, 14, 15, 20] - 35]
melhor indivíduo da geração:[1, 2, 5, 10, 14, 15, 20] - 29
geração: 40: 
[[1, 2, 3, 5, 10, 14, 15, 20] - 34, [1, 6, 8, 9, 12, 13, 15, 20] - 33, [1, 3, 5, 12, 13, 15, 20] - 30, [1, 3, 8, 9, 10, 14, 15, 20] - 34, [1, 2, 4, 11, 13, 15, 20] - 34, [1, 3, 8, 10, 14, 15, 20] - 32, [1, 3, 5, 10, 13, 15, 20] - 33, [1, 2, 5, 12, 19, 20] - 32, [1, 2, 5, 10, 14, 15, 20] - 29, [1, 2, 4, 10, 14, 15, 20] - 31, [1, 2, 5, 10, 13, 19, 20] - 33, [1, 2, 4, 11, 14, 15, 20] - 34, [1, 3, 8, 9, 12, 19, 20] - 32, [1, 2, 4, 11, 13, 19, 20] - 34, [1, 3, 5, 12, 19, 20] - 32, [1, 3, 5, 10, 13, 19, 20] - 33, [1, 3, 5, 12, 13, 19, 20] - 30, [1, 2, 5, 10, 13, 15, 20] - 33, [1, 6, 8, 10, 14, 15, 20] - 35]
melhor indivíduo da geração:[1, 2, 5, 10, 14, 15, 20] - 29
geração: 41: 
[[1, 2, 3, 5, 10, 14, 15, 20] - 34, [1, 6, 8, 9, 12, 13, 15, 20] - 33, [1, 3, 5, 12, 13, 15, 20] - 30, [1, 3, 8, 9, 10, 14, 15, 20] - 34, [1, 2, 4, 11, 13, 15, 20] - 34, [1, 3, 8, 10, 14, 15, 20] - 32, [1, 3, 5, 10, 13, 15, 20] - 33, [1, 2, 5, 12, 19, 20] - 32, [1, 2, 5, 10, 14, 15, 20] - 29, [1, 2, 4, 10, 14, 15, 20] - 31, [1, 2, 5, 10, 13, 19, 20] - 33, [1, 2, 4, 11, 14, 15, 20] - 34, [1, 3, 8, 9, 12, 19, 20] - 32, [1, 2, 4, 11, 13, 19, 20] - 34, [1, 3, 5, 12, 19, 20] - 32, [1, 3, 5, 10, 13, 19, 20] - 33, [1, 3, 5, 12, 13, 19, 20] - 30, [1, 2, 5, 10, 13, 15, 20] - 33, [1, 6, 8, 10, 14, 15, 20] - 35, [1, 2, 3, 5, 12, 19, 20] - 37, [1, 6, 8, 9, 13, 19, 20] - 36]
melhor indivíduo da geração:[1, 2, 5, 10, 14, 15, 20] - 29
geração: 42: 
[[1, 2, 3, 5, 10, 14, 15, 20] - 34, [1, 6, 8, 9, 12, 13, 15, 20] - 33, [1, 3, 5, 12, 13, 15, 20] - 30, [1, 3, 8, 9, 10, 14, 15, 20] - 34, [1, 2, 4, 11, 13, 15, 20] - 34, [1, 3, 8, 10, 14, 15, 20] - 32, [1, 3, 5, 10, 13, 15, 20] - 33, [1, 2, 5, 12, 19, 20] - 32, [1, 2, 5, 10, 14, 15, 20] - 29, [1, 2, 4, 10, 14, 15, 20] - 31, [1, 2, 5, 10, 13, 19, 20] - 33, [1, 2, 4, 11, 14, 15, 20] - 34, [1, 3, 8, 9, 12, 19, 20] - 32, [1, 2, 4, 11, 13, 19, 20] - 34, [1, 3, 5, 12, 19, 20] - 32, [1, 3, 5, 10, 13, 19, 20] - 33, [1, 3, 5, 12, 13, 19, 20] - 30, [1, 2, 5, 10, 13, 15, 20] - 33, [1, 6, 8, 10, 14, 15, 20] - 35]
melhor indivíduo da geração:[1, 2, 5, 10, 14, 15, 20] - 29
geração: 43: 
[[1, 2, 3, 5, 10, 14, 15, 20] - 34, [1, 6, 8, 9, 12, 13, 15, 20] - 33, [1, 3, 5, 12, 13, 15, 20] - 30, [1, 3, 8, 9, 10, 14, 15, 20] - 34, [1, 2, 4, 11, 13, 15, 20] - 34, [1, 3, 8, 10, 14, 15, 20] - 32, [1, 3, 5, 10, 13, 15, 20] - 33, [1, 2, 5, 12, 19, 20] - 32, [1, 2, 5, 10, 14, 15, 20] - 29, [1, 2, 4, 10, 14, 15, 20] - 31, [1, 2, 5, 10, 13, 19, 20] - 33, [1, 2, 4, 11, 14, 15, 20] - 34, [1, 3, 8, 9, 12, 19, 20] - 32, [1, 2, 4, 11, 13, 19, 20] - 34, [1, 3, 5, 12, 19, 20] - 32, [1, 3, 5, 10, 13, 19, 20] - 33, [1, 3, 5, 12, 13, 19, 20] - 30, [1, 2, 5, 10, 13, 15, 20] - 33, [1, 6, 8, 10, 14, 15, 20] - 35]
melhor indivíduo da geração:[1, 2, 5, 10, 14, 15, 20] - 29
geração: 44: 
[[1, 2, 3, 5, 10, 14, 15, 20] - 34, [1, 6, 8, 9, 12, 13, 15, 20] - 33, [1, 3, 5, 12, 13, 15, 20] - 30, [1, 3, 8, 9, 10, 14, 15, 20] - 34, [1, 2, 4, 11, 13, 15, 20] - 34, [1, 3, 8, 10, 14, 15, 20] - 32, [1, 3, 5, 10, 13, 15, 20] - 33, [1, 2, 5, 12, 19, 20] - 32, [1, 2, 5, 10, 14, 15, 20] - 29, [1, 2, 4, 10, 14, 15, 20] - 31, [1, 2, 5, 10, 13, 19, 20] - 33, [1, 2, 4, 11, 14, 15, 20] - 34, [1, 3, 8, 9, 12, 19, 20] - 32, [1, 2, 4, 11, 13, 19, 20] - 34, [1, 3, 5, 12, 19, 20] - 32, [1, 3, 5, 10, 13, 19, 20] - 33, [1, 3, 5, 12, 13, 19, 20] - 30, [1, 2, 5, 10, 13, 15, 20] - 33, [1, 6, 8, 10, 14, 15, 20] - 35, [1, 3, 5, 10, 12, 13, 15, 20] - 38]
melhor indivíduo da geração:[1, 2, 5, 10, 14, 15, 20] - 29
geração: 45: 
[[1, 2, 3, 5, 10, 14, 15, 20] - 34, [1, 6, 8, 9, 12, 13, 15, 20] - 33, [1, 3, 5, 12, 13, 15, 20] - 30, [1, 3, 8, 9, 10, 14, 15, 20] - 34, [1, 2, 4, 11, 13, 15, 20] - 34, [1, 3, 8, 10, 14, 15, 20] - 32, [1, 3, 5, 10, 13, 15, 20] - 33, [1, 2, 5, 12, 19, 20] - 32, [1, 2, 5, 10, 14, 15, 20] - 29, [1, 2, 4, 10, 14, 15, 20] - 31, [1, 2, 5, 10, 13, 19, 20] - 33, [1, 2, 4, 11, 14, 15, 20] - 34, [1, 3, 8, 9, 12, 19, 20] - 32, [1, 2, 4, 11, 13, 19, 20] - 34, [1, 3, 5, 12, 19, 20] - 32, [1, 3, 5, 10, 13, 19, 20] - 33, [1, 3, 5, 12, 13, 19, 20] - 30, [1, 2, 5, 10, 13, 15, 20] - 33, [1, 6, 8, 10, 14, 15, 20] - 35, [1, 3, 5, 10, 12, 13, 15, 20] - 38, [1, 2, 5, 12, 13, 19, 20] - 30, [1, 3, 8, 9, 12, 13, 19, 20] - 30, [1, 2, 5, 8, 10, 14, 15, 20] - 38]
melhor indivíduo da geração:[1, 2, 5, 10, 14, 15, 20] - 29
geração: 46: 
[[1, 2, 3, 5, 10, 14, 15, 20] - 34, [1, 6, 8, 9, 12, 13, 15, 20] - 33, [1, 3, 5, 12, 13, 15, 20] - 30, [1, 3, 8, 9, 10, 14, 15, 20] - 34, [1, 2, 4, 11, 13, 15, 20] - 34, [1, 3, 8, 10, 14, 15, 20] - 32, [1, 3, 5, 10, 13, 15, 20] - 33, [1, 2, 5, 12, 19, 20] - 32, [1, 2, 5, 10, 14, 15, 20] - 29, [1, 2, 4, 10, 14, 15, 20] - 31, [1, 2, 5, 10, 13, 19, 20] - 33, [1, 2, 4, 11, 14, 15, 20] - 34, [1, 3, 8, 9, 12, 19, 20] - 32, [1, 2, 4, 11, 13, 19, 20] - 34, [1, 3, 5, 12, 19, 20] - 32, [1, 3, 5, 10, 13, 19, 20] - 33, [1, 3, 5, 12, 13, 19, 20] - 30, [1, 2, 5, 10, 13, 15, 20] - 33, [1, 2, 5, 12, 13, 19, 20] - 30, [1, 3, 8, 9, 12, 13, 19, 20] - 30]
melhor indivíduo da geração:[1, 2, 5, 10, 14, 15, 20] - 29
geração: 47: 
[[1, 2, 3, 5, 10, 14, 15, 20] - 34, [1, 6, 8, 9, 12, 13, 15, 20] - 33, [1, 3, 5, 12, 13, 15, 20] - 30, [1, 3, 8, 9, 10, 14, 15, 20] - 34, [1, 2, 4, 11, 13, 15, 20] - 34, [1, 3, 8, 10, 14, 15, 20] - 32, [1, 3, 5, 10, 13, 15, 20] - 33, [1, 2, 5, 12, 19, 20] - 32, [1, 2, 5, 10, 14, 15, 20] - 29, [1, 2, 4, 10, 14, 15, 20] - 31, [1, 2, 5, 10, 13, 19, 20] - 33, [1, 2, 4, 11, 14, 15, 20] - 34, [1, 3, 8, 9, 12, 19, 20] - 32, [1, 2, 4, 11, 13, 19, 20] - 34, [1, 3, 5, 12, 19, 20] - 32, [1, 3, 5, 10, 13, 19, 20] - 33, [1, 3, 5, 12, 13, 19, 20] - 30, [1, 2, 5, 10, 13, 15, 20] - 33, [1, 2, 5, 12, 13, 19, 20] - 30, [1, 3, 8, 9, 12, 13, 19, 20] - 30, [1, 2, 4, 10, 12, 13, 15, 20] - 40, [1, 3, 5, 2, 4, 11, 14, 15, 20] - 40, [1, 6, 8, 9, 13, 15, 20] - 36]
melhor indivíduo da geração:[1, 2, 5, 10, 14, 15, 20] - 29
geração: 48: 
[[1, 2, 3, 5, 10, 14, 15, 20] - 34, [1, 6, 8, 9, 12, 13, 15, 20] - 33, [1, 3, 5, 12, 13, 15, 20] - 30, [1, 3, 8, 9, 10, 14, 15, 20] - 34, [1, 2, 4, 11, 13, 15, 20] - 34, [1, 3, 8, 10, 14, 15, 20] - 32, [1, 3, 5, 10, 13, 15, 20] - 33, [1, 2, 5, 12, 19, 20] - 32, [1, 2, 5, 10, 14, 15, 20] - 29, [1, 2, 4, 10, 14, 15, 20] - 31, [1, 2, 5, 10, 13, 19, 20] - 33, [1, 2, 4, 11, 14, 15, 20] - 34, [1, 3, 8, 9, 12, 19, 20] - 32, [1, 2, 4, 11, 13, 19, 20] - 34, [1, 3, 5, 12, 19, 20] - 32, [1, 3, 5, 10, 13, 19, 20] - 33, [1, 3, 5, 12, 13, 19, 20] - 30, [1, 2, 5, 10, 13, 15, 20] - 33, [1, 2, 5, 12, 13, 19, 20] - 30, [1, 3, 8, 9, 12, 13, 19, 20] - 30]
melhor indivíduo da geração:[1, 2, 5, 10, 14, 15, 20] - 29
geração: 49: 
[[1, 2, 3, 5, 10, 14, 15, 20] - 34, [1, 6, 8, 9, 12, 13, 15, 20] - 33, [1, 3, 5, 12, 13, 15, 20] - 30, [1, 3, 8, 9, 10, 14, 15, 20] - 34, [1, 2, 4, 11, 13, 15, 20] - 34, [1, 3, 8, 10, 14, 15, 20] - 32, [1, 3, 5, 10, 13, 15, 20] - 33, [1, 2, 5, 12, 19, 20] - 32, [1, 2, 5, 10, 14, 15, 20] - 29, [1, 2, 4, 10, 14, 15, 20] - 31, [1, 2, 5, 10, 13, 19, 20] - 33, [1, 2, 4, 11, 14, 15, 20] - 34, [1, 3, 8, 9, 12, 19, 20] - 32, [1, 2, 4, 11, 13, 19, 20] - 34, [1, 3, 5, 12, 19, 20] - 32, [1, 3, 5, 10, 13, 19, 20] - 33, [1, 3, 5, 12, 13, 19, 20] - 30, [1, 2, 5, 10, 13, 15, 20] - 33, [1, 2, 5, 12, 13, 19, 20] - 30, [1, 3, 8, 9, 12, 13, 19, 20] - 30, [1, 6, 8, 10, 13, 19, 20] - 39]
melhor indivíduo da geração:[1, 2, 5, 10, 14, 15, 20] - 29
geração: 50: 
[[1, 2, 3, 5, 10, 14, 15, 20] - 34, [1, 6, 8, 9, 12, 13, 15, 20] - 33, [1, 3, 5, 12, 13, 15, 20] - 30, [1, 3, 8, 9, 10, 14, 15, 20] - 34, [1, 2, 4, 11, 13, 15, 20] - 34, [1, 3, 8, 10, 14, 15, 20] - 32, [1, 3, 5, 10, 13, 15, 20] - 33, [1, 2, 5, 12, 19, 20] - 32, [1, 2, 5, 10, 14, 15, 20] - 29, [1, 2, 4, 10, 14, 15, 20] - 31, [1, 2, 5, 10, 13, 19, 20] - 33, [1, 2, 4, 11, 14, 15, 20] - 34, [1, 3, 8, 9, 12, 19, 20] - 32, [1, 2, 4, 11, 13, 19, 20] - 34, [1, 3, 5, 12, 19, 20] - 32, [1, 3, 5, 10, 13, 19, 20] - 33, [1, 3, 5, 12, 13, 19, 20] - 30, [1, 2, 5, 10, 13, 15, 20] - 33, [1, 2, 5, 12, 13, 19, 20] - 30, [1, 3, 8, 9, 12, 13, 19, 20] - 30]
melhor indivíduo da geração:[1, 2, 5, 10, 14, 15, 20] - 29
geração: 51: 
[[1, 2, 3, 5, 10, 14, 15, 20] - 34, [1, 6, 8, 9, 12, 13, 15, 20] - 33, [1, 3, 5, 12, 13, 15, 20] - 30, [1, 3, 8, 9, 10, 14, 15, 20] - 34, [1, 2, 4, 11, 13, 15, 20] - 34, [1, 3, 8, 10, 14, 15, 20] - 32, [1, 3, 5, 10, 13, 15, 20] - 33, [1, 2, 5, 12, 19, 20] - 32, [1, 2, 5, 10, 14, 15, 20] - 29, [1, 2, 4, 10, 14, 15, 20] - 31, [1, 2, 5, 10, 13, 19, 20] - 33, [1, 2, 4, 11, 14, 15, 20] - 34, [1, 3, 8, 9, 12, 19, 20] - 32, [1, 2, 4, 11, 13, 19, 20] - 34, [1, 3, 5, 12, 19, 20] - 32, [1, 3, 5, 10, 13, 19, 20] - 33, [1, 3, 5, 12, 13, 19, 20] - 30, [1, 2, 5, 10, 13, 15, 20] - 33, [1, 2, 5, 12, 13, 19, 20] - 30, [1, 3, 8, 9, 12, 13, 19, 20] - 30, [1, 3, 6, 8, 9, 13, 15, 20] - 39, [1, 3, 8, 10, 13, 15, 20] - 36]
melhor indivíduo da geração:[1, 2, 5, 10, 14, 15, 20] - 29
geração: 52: 
[[1, 2, 3, 5, 10, 14, 15, 20] - 34, [1, 6, 8, 9, 12, 13, 15, 20] - 33, [1, 3, 5, 12, 13, 15, 20] - 30, [1, 3, 8, 9, 10, 14, 15, 20] - 34, [1, 2, 4, 11, 13, 15, 20] - 34, [1, 3, 8, 10, 14, 15, 20] - 32, [1, 3, 5, 10, 13, 15, 20] - 33, [1, 2, 5, 12, 19, 20] - 32, [1, 2, 5, 10, 14, 15, 20] - 29, [1, 2, 4, 10, 14, 15, 20] - 31, [1, 2, 5, 10, 13, 19, 20] - 33, [1, 2, 4, 11, 14, 15, 20] - 34, [1, 3, 8, 9, 12, 19, 20] - 32, [1, 2, 4, 11, 13, 19, 20] - 34, [1, 3, 5, 12, 19, 20] - 32, [1, 3, 5, 10, 13, 19, 20] - 33, [1, 3, 5, 12, 13, 19, 20] - 30, [1, 2, 5, 10, 13, 15, 20] - 33, [1, 2, 5, 12, 13, 19, 20] - 30, [1, 3, 8, 9, 12, 13, 19, 20] - 30, [1, 6, 8, 9, 12, 13, 19, 20] - 33]
melhor indivíduo da geração:[1, 2, 5, 10, 14, 15, 20] - 29
geração: 53: 
[[1, 2, 3, 5, 10, 14, 15, 20] - 34, [1, 6, 8, 9, 12, 13, 15, 20] - 33, [1, 3, 5, 12, 13, 15, 20] - 30, [1, 3, 8, 9, 10, 14, 15, 20] - 34, [1, 2, 4, 11, 13, 15, 20] - 34, [1, 3, 8, 10, 14, 15, 20] - 32, [1, 3, 5, 10, 13, 15, 20] - 33, [1, 2, 5, 12, 19, 20] - 32, [1, 2, 5, 10, 14, 15, 20] - 29, [1, 2, 4, 10, 14, 15, 20] - 31, [1, 2, 5, 10, 13, 19, 20] - 33, [1, 2, 4, 11, 14, 15, 20] - 34, [1, 3, 8, 9, 12, 19, 20] - 32, [1, 2, 4, 11, 13, 19, 20] - 34, [1, 3, 5, 12, 19, 20] - 32, [1, 3, 5, 10, 13, 19, 20] - 33, [1, 3, 5, 12, 13, 19, 20] - 30, [1, 2, 5, 10, 13, 15, 20] - 33, [1, 2, 5, 12, 13, 19, 20] - 30, [1, 3, 8, 9, 12, 13, 19, 20] - 30, [1, 6, 8, 9, 12, 13, 19, 20] - 33]
melhor indivíduo da geração:[1, 2, 5, 10, 14, 15, 20] - 29
geração: 54: 
[[1, 2, 3, 5, 10, 14, 15, 20] - 34, [1, 6, 8, 9, 12, 13, 15, 20] - 33, [1, 3, 5, 12, 13, 15, 20] - 30, [1, 3, 8, 9, 10, 14, 15, 20] - 34, [1, 2, 4, 11, 13, 15, 20] - 34, [1, 3, 8, 10, 14, 15, 20] - 32, [1, 3, 5, 10, 13, 15, 20] - 33, [1, 2, 5, 12, 19, 20] - 32, [1, 2, 5, 10, 14, 15, 20] - 29, [1, 2, 4, 10, 14, 15, 20] - 31, [1, 2, 5, 10, 13, 19, 20] - 33, [1, 2, 4, 11, 14, 15, 20] - 34, [1, 3, 8, 9, 12, 19, 20] - 32, [1, 2, 4, 11, 13, 19, 20] - 34, [1, 3, 5, 12, 19, 20] - 32, [1, 3, 5, 10, 13, 19, 20] - 33, [1, 3, 5, 12, 13, 19, 20] - 30, [1, 2, 5, 10, 13, 15, 20] - 33, [1, 2, 5, 12, 13, 19, 20] - 30, [1, 3, 8, 9, 12, 13, 19, 20] - 30, [1, 6, 8, 9, 12, 13, 19, 20] - 33]
melhor indivíduo da geração:[1, 2, 5, 10, 14, 15, 20] - 29
geração: 55: 
[[1, 2, 3, 5, 10, 14, 15, 20] - 34, [1, 6, 8, 9, 12, 13, 15, 20] - 33, [1, 3, 5, 12, 13, 15, 20] - 30, [1, 3, 8, 9, 10, 14, 15, 20] - 34, [1, 2, 4, 11, 13, 15, 20] - 34, [1, 3, 8, 10, 14, 15, 20] - 32, [1, 3, 5, 10, 13, 15, 20] - 33, [1, 2, 5, 12, 19, 20] - 32, [1, 2, 5, 10, 14, 15, 20] - 29, [1, 2, 4, 10, 14, 15, 20] - 31, [1, 2, 5, 10, 13, 19, 20] - 33, [1, 2, 4, 11, 14, 15, 20] - 34, [1, 3, 8, 9, 12, 19, 20] - 32, [1, 2, 4, 11, 13, 19, 20] - 34, [1, 3, 5, 12, 19, 20] - 32, [1, 3, 5, 10, 13, 19, 20] - 33, [1, 3, 5, 12, 13, 19, 20] - 30, [1, 2, 5, 10, 13, 15, 20] - 33, [1, 2, 5, 12, 13, 19, 20] - 30, [1, 3, 8, 9, 12, 13, 19, 20] - 30, [1, 6, 8, 9, 12, 13, 19, 20] - 33]
melhor indivíduo da geração:[1, 2, 5, 10, 14, 15, 20] - 29
geração: 56: 
[[1, 2, 3, 5, 10, 14, 15, 20] - 34, [1, 6, 8, 9, 12, 13, 15, 20] - 33, [1, 3, 5, 12, 13, 15, 20] - 30, [1, 3, 8, 9, 10, 14, 15, 20] - 34, [1, 2, 4, 11, 13, 15, 20] - 34, [1, 3, 8, 10, 14, 15, 20] - 32, [1, 3, 5, 10, 13, 15, 20] - 33, [1, 2, 5, 12, 19, 20] - 32, [1, 2, 5, 10, 14, 15, 20] - 29, [1, 2, 4, 10, 14, 15, 20] - 31, [1, 2, 5, 10, 13, 19, 20] - 33, [1, 2, 4, 11, 14, 15, 20] - 34, [1, 3, 8, 9, 12, 19, 20] - 32, [1, 2, 4, 11, 13, 19, 20] - 34, [1, 3, 5, 12, 19, 20] - 32, [1, 3, 5, 10, 13, 19, 20] - 33, [1, 3, 5, 12, 13, 19, 20] - 30, [1, 2, 5, 10, 13, 15, 20] - 33, [1, 2, 5, 12, 13, 19, 20] - 30, [1, 3, 8, 9, 12, 13, 19, 20] - 30, [1, 6, 8, 9, 12, 13, 19, 20] - 33, [1, 2, 4, 10, 13, 15, 20] - 35]
melhor indivíduo da geração:[1, 2, 5, 10, 14, 15, 20] - 29
geração: 57: 
[[1, 2, 3, 5, 10, 14, 15, 20] - 34, [1, 6, 8, 9, 12, 13, 15, 20] - 33, [1, 3, 5, 12, 13, 15, 20] - 30, [1, 3, 8, 9, 10, 14, 15, 20] - 34, [1, 2, 4, 11, 13, 15, 20] - 34, [1, 3, 8, 10, 14, 15, 20] - 32, [1, 3, 5, 10, 13, 15, 20] - 33, [1, 2, 5, 12, 19, 20] - 32, [1, 2, 5, 10, 14, 15, 20] - 29, [1, 2, 4, 10, 14, 15, 20] - 31, [1, 2, 5, 10, 13, 19, 20] - 33, [1, 2, 4, 11, 14, 15, 20] - 34, [1, 3, 8, 9, 12, 19, 20] - 32, [1, 2, 4, 11, 13, 19, 20] - 34, [1, 3, 5, 12, 19, 20] - 32, [1, 3, 5, 10, 13, 19, 20] - 33, [1, 3, 5, 12, 13, 19, 20] - 30, [1, 2, 5, 10, 13, 15, 20] - 33, [1, 2, 5, 12, 13, 19, 20] - 30, [1, 3, 8, 9, 12, 13, 19, 20] - 30, [1, 6, 8, 9, 12, 13, 19, 20] - 33]
melhor indivíduo da geração:[1, 2, 5, 10, 14, 15, 20] - 29
geração: 58: 
[[1, 2, 3, 5, 10, 14, 15, 20] - 34, [1, 6, 8, 9, 12, 13, 15, 20] - 33, [1, 3, 5, 12, 13, 15, 20] - 30, [1, 3, 8, 9, 10, 14, 15, 20] - 34, [1, 2, 4, 11, 13, 15, 20] - 34, [1, 3, 8, 10, 14, 15, 20] - 32, [1, 3, 5, 10, 13, 15, 20] - 33, [1, 2, 5, 12, 19, 20] - 32, [1, 2, 5, 10, 14, 15, 20] - 29, [1, 2, 4, 10, 14, 15, 20] - 31, [1, 2, 5, 10, 13, 19, 20] - 33, [1, 2, 4, 11, 14, 15, 20] - 34, [1, 3, 8, 9, 12, 19, 20] - 32, [1, 2, 4, 11, 13, 19, 20] - 34, [1, 3, 5, 12, 19, 20] - 32, [1, 3, 5, 10, 13, 19, 20] - 33, [1, 3, 5, 12, 13, 19, 20] - 30, [1, 2, 5, 10, 13, 15, 20] - 33, [1, 2, 5, 12, 13, 19, 20] - 30, [1, 3, 8, 9, 12, 13, 19, 20] - 30, [1, 6, 8, 9, 12, 13, 19, 20] - 33]
melhor indivíduo da geração:[1, 2, 5, 10, 14, 15, 20] - 29
geração: 59: 
[[1, 2, 3, 5, 10, 14, 15, 20] - 34, [1, 6, 8, 9, 12, 13, 15, 20] - 33, [1, 3, 5, 12, 13, 15, 20] - 30, [1, 3, 8, 9, 10, 14, 15, 20] - 34, [1, 2, 4, 11, 13, 15, 20] - 34, [1, 3, 8, 10, 14, 15, 20] - 32, [1, 3, 5, 10, 13, 15, 20] - 33, [1, 2, 5, 12, 19, 20] - 32, [1, 2, 5, 10, 14, 15, 20] - 29, [1, 2, 4, 10, 14, 15, 20] - 31, [1, 2, 5, 10, 13, 19, 20] - 33, [1, 2, 4, 11, 14, 15, 20] - 34, [1, 3, 8, 9, 12, 19, 20] - 32, [1, 2, 4, 11, 13, 19, 20] - 34, [1, 3, 5, 12, 19, 20] - 32, [1, 3, 5, 10, 13, 19, 20] - 33, [1, 3, 5, 12, 13, 19, 20] - 30, [1, 2, 5, 10, 13, 15, 20] - 33, [1, 2, 5, 12, 13, 19, 20] - 30, [1, 3, 8, 9, 12, 13, 19, 20] - 30, [1, 6, 8, 9, 12, 13, 19, 20] - 33]
melhor indivíduo da geração:[1, 2, 5, 10, 14, 15, 20] - 29
geração: 60: 
[[1, 2, 3, 5, 10, 14, 15, 20] - 34, [1, 6, 8, 9, 12, 13, 15, 20] - 33, [1, 3, 5, 12, 13, 15, 20] - 30, [1, 3, 8, 9, 10, 14, 15, 20] - 34, [1, 2, 4, 11, 13, 15, 20] - 34, [1, 3, 8, 10, 14, 15, 20] - 32, [1, 3, 5, 10, 13, 15, 20] - 33, [1, 2, 5, 12, 19, 20] - 32, [1, 2, 5, 10, 14, 15, 20] - 29, [1, 2, 4, 10, 14, 15, 20] - 31, [1, 2, 5, 10, 13, 19, 20] - 33, [1, 2, 4, 11, 14, 15, 20] - 34, [1, 3, 8, 9, 12, 19, 20] - 32, [1, 2, 4, 11, 13, 19, 20] - 34, [1, 3, 5, 12, 19, 20] - 32, [1, 3, 5, 10, 13, 19, 20] - 33, [1, 3, 5, 12, 13, 19, 20] - 30, [1, 2, 5, 10, 13, 15, 20] - 33, [1, 2, 5, 12, 13, 19, 20] - 30, [1, 3, 8, 9, 12, 13, 19, 20] - 30, [1, 6, 8, 9, 12, 13, 19, 20] - 33]
melhor indivíduo da geração:[1, 2, 5, 10, 14, 15, 20] - 29
geração: 61: 
[[1, 6, 8, 9, 12, 13, 15, 20] - 33, [1, 3, 5, 12, 13, 15, 20] - 30, [1, 3, 8, 10, 14, 15, 20] - 32, [1, 3, 5, 10, 13, 15, 20] - 33, [1, 2, 5, 12, 19, 20] - 32, [1, 2, 5, 10, 14, 15, 20] - 29, [1, 2, 4, 10, 14, 15, 20] - 31, [1, 2, 5, 10, 13, 19, 20] - 33, [1, 3, 8, 9, 12, 19, 20] - 32, [1, 3, 5, 12, 19, 20] - 32, [1, 3, 5, 10, 13, 19, 20] - 33, [1, 3, 5, 12, 13, 19, 20] - 30, [1, 2, 5, 10, 13, 15, 20] - 33, [1, 2, 5, 12, 13, 19, 20] - 30, [1, 3, 8, 9, 12, 13, 19, 20] - 30, [1, 6, 8, 9, 12, 13, 19, 20] - 33]
melhor indivíduo da geração:[1, 2, 5, 10, 14, 15, 20] - 29
geração: 62: 
[[1, 6, 8, 9, 12, 13, 15, 20] - 33, [1, 3, 5, 12, 13, 15, 20] - 30, [1, 3, 8, 10, 14, 15, 20] - 32, [1, 3, 5, 10, 13, 15, 20] - 33, [1, 2, 5, 12, 19, 20] - 32, [1, 2, 5, 10, 14, 15, 20] - 29, [1, 2, 4, 10, 14, 15, 20] - 31, [1, 2, 5, 10, 13, 19, 20] - 33, [1, 3, 8, 9, 12, 19, 20] - 32, [1, 3, 5, 12, 19, 20] - 32, [1, 3, 5, 10, 13, 19, 20] - 33, [1, 3, 5, 12, 13, 19, 20] - 30, [1, 2, 5, 10, 13, 15, 20] - 33, [1, 2, 5, 12, 13, 19, 20] - 30, [1, 3, 8, 9, 12, 13, 19, 20] - 30, [1, 6, 8, 9, 12, 13, 19, 20] - 33, [1, 6, 8, 9, 13, 15, 20] - 36]
melhor indivíduo da geração:[1, 2, 5, 10, 14, 15, 20] - 29
geração: 63: 
[[1, 6, 8, 9, 12, 13, 15, 20] - 33, [1, 3, 5, 12, 13, 15, 20] - 30, [1, 3, 8, 10, 14, 15, 20] - 32, [1, 3, 5, 10, 13, 15, 20] - 33, [1, 2, 5, 12, 19, 20] - 32, [1, 2, 5, 10, 14, 15, 20] - 29, [1, 2, 4, 10, 14, 15, 20] - 31, [1, 2, 5, 10, 13, 19, 20] - 33, [1, 3, 8, 9, 12, 19, 20] - 32, [1, 3, 5, 12, 19, 20] - 32, [1, 3, 5, 10, 13, 19, 20] - 33, [1, 3, 5, 12, 13, 19, 20] - 30, [1, 2, 5, 10, 13, 15, 20] - 33, [1, 2, 5, 12, 13, 19, 20] - 30, [1, 3, 8, 9, 12, 13, 19, 20] - 30, [1, 6, 8, 9, 12, 13, 19, 20] - 33, [1, 6, 8, 9, 13, 15, 20] - 36, [1, 3, 8, 9, 10, 14, 15, 20] - 34]
melhor indivíduo da geração:[1, 2, 5, 10, 14, 15, 20] - 29
geração: 64: 
[[1, 6, 8, 9, 12, 13, 15, 20] - 33, [1, 3, 5, 12, 13, 15, 20] - 30, [1, 3, 8, 10, 14, 15, 20] - 32, [1, 3, 5, 10, 13, 15, 20] - 33, [1, 2, 5, 12, 19, 20] - 32, [1, 2, 5, 10, 14, 15, 20] - 29, [1, 2, 4, 10, 14, 15, 20] - 31, [1, 2, 5, 10, 13, 19, 20] - 33, [1, 3, 8, 9, 12, 19, 20] - 32, [1, 3, 5, 12, 19, 20] - 32, [1, 3, 5, 10, 13, 19, 20] - 33, [1, 3, 5, 12, 13, 19, 20] - 30, [1, 2, 5, 10, 13, 15, 20] - 33, [1, 2, 5, 12, 13, 19, 20] - 30, [1, 3, 8, 9, 12, 13, 19, 20] - 30, [1, 6, 8, 9, 12, 13, 19, 20] - 33, [1, 6, 8, 9, 13, 15, 20] - 36, [1, 3, 8, 9, 10, 14, 15, 20] - 34]
melhor indivíduo da geração:[1, 2, 5, 10, 14, 15, 20] - 29
geração: 65: 
[[1, 6, 8, 9, 12, 13, 15, 20] - 33, [1, 3, 5, 12, 13, 15, 20] - 30, [1, 3, 8, 10, 14, 15, 20] - 32, [1, 3, 5, 10, 13, 15, 20] - 33, [1, 2, 5, 12, 19, 20] - 32, [1, 2, 5, 10, 14, 15, 20] - 29, [1, 2, 4, 10, 14, 15, 20] - 31, [1, 2, 5, 10, 13, 19, 20] - 33, [1, 3, 8, 9, 12, 19, 20] - 32, [1, 3, 5, 12, 19, 20] - 32, [1, 3, 5, 10, 13, 19, 20] - 33, [1, 3, 5, 12, 13, 19, 20] - 30, [1, 2, 5, 10, 13, 15, 20] - 33, [1, 2, 5, 12, 13, 19, 20] - 30, [1, 3, 8, 9, 12, 13, 19, 20] - 30, [1, 6, 8, 9, 12, 13, 19, 20] - 33, [1, 6, 8, 9, 13, 15, 20] - 36, [1, 3, 8, 9, 10, 14, 15, 20] - 34, [1, 3, 6, 8, 10, 14, 15, 20] - 38]
melhor indivíduo da geração:[1, 2, 5, 10, 14, 15, 20] - 29
geração: 66: 
[[1, 6, 8, 9, 12, 13, 15, 20] - 33, [1, 3, 5, 12, 13, 15, 20] - 30, [1, 3, 8, 10, 14, 15, 20] - 32, [1, 3, 5, 10, 13, 15, 20] - 33, [1, 2, 5, 12, 19, 20] - 32, [1, 2, 5, 10, 14, 15, 20] - 29, [1, 2, 4, 10, 14, 15, 20] - 31, [1, 2, 5, 10, 13, 19, 20] - 33, [1, 3, 8, 9, 12, 19, 20] - 32, [1, 3, 5, 12, 19, 20] - 32, [1, 3, 5, 10, 13, 19, 20] - 33, [1, 3, 5, 12, 13, 19, 20] - 30, [1, 2, 5, 10, 13, 15, 20] - 33, [1, 2, 5, 12, 13, 19, 20] - 30, [1, 3, 8, 9, 12, 13, 19, 20] - 30, [1, 6, 8, 9, 12, 13, 19, 20] - 33, [1, 6, 8, 9, 13, 15, 20] - 36, [1, 3, 8, 9, 10, 14, 15, 20] - 34, [1, 2, 3, 5, 10, 14, 15, 20] - 34, [1, 2, 4, 10, 13, 15, 20] - 35]
melhor indivíduo da geração:[1, 2, 5, 10, 14, 15, 20] - 29
geração: 67: 
[[1, 6, 8, 9, 12, 13, 15, 20] - 33, [1, 3, 5, 12, 13, 15, 20] - 30, [1, 3, 8, 10, 14, 15, 20] - 32, [1, 3, 5, 10, 13, 15, 20] - 33, [1, 2, 5, 12, 19, 20] - 32, [1, 2, 5, 10, 14, 15, 20] - 29, [1, 2, 4, 10, 14, 15, 20] - 31, [1, 2, 5, 10, 13, 19, 20] - 33, [1, 3, 8, 9, 12, 19, 20] - 32, [1, 3, 5, 12, 19, 20] - 32, [1, 3, 5, 10, 13, 19, 20] - 33, [1, 3, 5, 12, 13, 19, 20] - 30, [1, 2, 5, 10, 13, 15, 20] - 33, [1, 2, 5, 12, 13, 19, 20] - 30, [1, 3, 8, 9, 12, 13, 19, 20] - 30, [1, 6, 8, 9, 12, 13, 19, 20] - 33, [1, 6, 8, 9, 13, 15, 20] - 36, [1, 3, 8, 9, 10, 14, 15, 20] - 34, [1, 2, 3, 5, 10, 14, 15, 20] - 34, [1, 2, 4, 10, 13, 15, 20] - 35, [1, 6, 8, 10, 14, 15, 20] - 35]
melhor indivíduo da geração:[1, 2, 5, 10, 14, 15, 20] - 29
geração: 68: 
[[1, 6, 8, 9, 12, 13, 15, 20] - 33, [1, 3, 5, 12, 13, 15, 20] - 30, [1, 3, 8, 10, 14, 15, 20] - 32, [1, 3, 5, 10, 13, 15, 20] - 33, [1, 2, 5, 12, 19, 20] - 32, [1, 2, 5, 10, 14, 15, 20] - 29, [1, 2, 4, 10, 14, 15, 20] - 31, [1, 2, 5, 10, 13, 19, 20] - 33, [1, 3, 8, 9, 12, 19, 20] - 32, [1, 3, 5, 12, 19, 20] - 32, [1, 3, 5, 10, 13, 19, 20] - 33, [1, 3, 5, 12, 13, 19, 20] - 30, [1, 2, 5, 10, 13, 15, 20] - 33, [1, 2, 5, 12, 13, 19, 20] - 30, [1, 3, 8, 9, 12, 13, 19, 20] - 30, [1, 6, 8, 9, 12, 13, 19, 20] - 33, [1, 3, 8, 9, 10, 14, 15, 20] - 34, [1, 2, 3, 5, 10, 14, 15, 20] - 34, [1, 2, 4, 10, 13, 15, 20] - 35, [1, 6, 8, 10, 14, 15, 20] - 35]
melhor indivíduo da geração:[1, 2, 5, 10, 14, 15, 20] - 29
geração: 69: 
[[1, 6, 8, 9, 12, 13, 15, 20] - 33, [1, 3, 5, 12, 13, 15, 20] - 30, [1, 3, 8, 10, 14, 15, 20] - 32, [1, 3, 5, 10, 13, 15, 20] - 33, [1, 2, 5, 12, 19, 20] - 32, [1, 2, 5, 10, 14, 15, 20] - 29, [1, 2, 4, 10, 14, 15, 20] - 31, [1, 2, 5, 10, 13, 19, 20] - 33, [1, 3, 8, 9, 12, 19, 20] - 32, [1, 3, 5, 12, 19, 20] - 32, [1, 3, 5, 10, 13, 19, 20] - 33, [1, 3, 5, 12, 13, 19, 20] - 30, [1, 2, 5, 10, 13, 15, 20] - 33, [1, 2, 5, 12, 13, 19, 20] - 30, [1, 3, 8, 9, 12, 13, 19, 20] - 30, [1, 6, 8, 9, 12, 13, 19, 20] - 33, [1, 3, 8, 9, 10, 14, 15, 20] - 34, [1, 2, 3, 5, 10, 14, 15, 20] - 34, [1, 2, 4, 10, 13, 15, 20] - 35, [1, 6, 8, 10, 14, 15, 20] - 35, [1, 2, 5, 10, 12, 13, 19, 20] - 38]
melhor indivíduo da geração:[1, 2, 5, 10, 14, 15, 20] - 29
geração: 70: 
[[1, 6, 8, 9, 12, 13, 15, 20] - 33, [1, 3, 5, 12, 13, 15, 20] - 30, [1, 3, 8, 10, 14, 15, 20] - 32, [1, 3, 5, 10, 13, 15, 20] - 33, [1, 2, 5, 12, 19, 20] - 32, [1, 2, 5, 10, 14, 15, 20] - 29, [1, 2, 4, 10, 14, 15, 20] - 31, [1, 2, 5, 10, 13, 19, 20] - 33, [1, 3, 8, 9, 12, 19, 20] - 32, [1, 3, 5, 12, 19, 20] - 32, [1, 3, 5, 10, 13, 19, 20] - 33, [1, 3, 5, 12, 13, 19, 20] - 30, [1, 2, 5, 10, 13, 15, 20] - 33, [1, 2, 5, 12, 13, 19, 20] - 30, [1, 3, 8, 9, 12, 13, 19, 20] - 30, [1, 6, 8, 9, 12, 13, 19, 20] - 33, [1, 3, 8, 9, 10, 14, 15, 20] - 34, [1, 2, 3, 5, 10, 14, 15, 20] - 34, [1, 2, 4, 10, 13, 15, 20] - 35, [1, 6, 8, 10, 14, 15, 20] - 35, [1, 3, 5, 8, 9, 12, 13, 19, 20] - 36]
melhor indivíduo da geração:[1, 2, 5, 10, 14, 15, 20] - 29
geração: 71: 
[[1, 6, 8, 9, 12, 13, 15, 20] - 33, [1, 3, 5, 12, 13, 15, 20] - 30, [1, 3, 8, 10, 14, 15, 20] - 32, [1, 3, 5, 10, 13, 15, 20] - 33, [1, 2, 5, 12, 19, 20] - 32, [1, 2, 5, 10, 14, 15, 20] - 29, [1, 2, 4, 10, 14, 15, 20] - 31, [1, 2, 5, 10, 13, 19, 20] - 33, [1, 3, 8, 9, 12, 19, 20] - 32, [1, 3, 5, 12, 19, 20] - 32, [1, 3, 5, 10, 13, 19, 20] - 33, [1, 3, 5, 12, 13, 19, 20] - 30, [1, 2, 5, 10, 13, 15, 20] - 33, [1, 2, 5, 12, 13, 19, 20] - 30, [1, 3, 8, 9, 12, 13, 19, 20] - 30, [1, 6, 8, 9, 12, 13, 19, 20] - 33, [1, 3, 8, 9, 10, 14, 15, 20] - 34, [1, 2, 3, 5, 10, 14, 15, 20] - 34, [1, 2, 4, 10, 13, 15, 20] - 35, [1, 6, 8, 10, 14, 15, 20] - 35]
melhor indivíduo da geração:[1, 2, 5, 10, 14, 15, 20] - 29
geração: 72: 
[[1, 6, 8, 9, 12, 13, 15, 20] - 33, [1, 3, 5, 12, 13, 15, 20] - 30, [1, 3, 8, 10, 14, 15, 20] - 32, [1, 3, 5, 10, 13, 15, 20] - 33, [1, 2, 5, 12, 19, 20] - 32, [1, 2, 5, 10, 14, 15, 20] - 29, [1, 2, 4, 10, 14, 15, 20] - 31, [1, 2, 5, 10, 13, 19, 20] - 33, [1, 3, 8, 9, 12, 19, 20] - 32, [1, 3, 5, 12, 19, 20] - 32, [1, 3, 5, 10, 13, 19, 20] - 33, [1, 3, 5, 12, 13, 19, 20] - 30, [1, 2, 5, 10, 13, 15, 20] - 33, [1, 2, 5, 12, 13, 19, 20] - 30, [1, 3, 8, 9, 12, 13, 19, 20] - 30, [1, 6, 8, 9, 12, 13, 19, 20] - 33, [1, 3, 8, 9, 10, 14, 15, 20] - 34, [1, 2, 3, 5, 10, 14, 15, 20] - 34, [1, 2, 4, 10, 13, 15, 20] - 35, [1, 6, 8, 10, 14, 15, 20] - 35, [1, 2, 4, 11, 10, 14, 15, 20] - 38, [1, 2, 3, 5, 12, 13, 19, 20] - 35, [1, 6, 8, 10, 13, 19, 20] - 39]
melhor indivíduo da geração:[1, 2, 5, 10, 14, 15, 20] - 29
geração: 73: 
[[1, 6, 8, 9, 12, 13, 15, 20] - 33, [1, 3, 5, 12, 13, 15, 20] - 30, [1, 3, 8, 10, 14, 15, 20] - 32, [1, 3, 5, 10, 13, 15, 20] - 33, [1, 2, 5, 12, 19, 20] - 32, [1, 2, 5, 10, 14, 15, 20] - 29, [1, 2, 4, 10, 14, 15, 20] - 31, [1, 2, 5, 10, 13, 19, 20] - 33, [1, 3, 8, 9, 12, 19, 20] - 32, [1, 3, 5, 12, 19, 20] - 32, [1, 3, 5, 10, 13, 19, 20] - 33, [1, 3, 5, 12, 13, 19, 20] - 30, [1, 2, 5, 10, 13, 15, 20] - 33, [1, 2, 5, 12, 13, 19, 20] - 30, [1, 3, 8, 9, 12, 13, 19, 20] - 30, [1, 6, 8, 9, 12, 13, 19, 20] - 33]
melhor indivíduo da geração:[1, 2, 5, 10, 14, 15, 20] - 29
geração: 74: 
[[1, 6, 8, 9, 12, 13, 15, 20] - 33, [1, 3, 5, 12, 13, 15, 20] - 30, [1, 3, 8, 10, 14, 15, 20] - 32, [1, 3, 5, 10, 13, 15, 20] - 33, [1, 2, 5, 12, 19, 20] - 32, [1, 2, 5, 10, 14, 15, 20] - 29, [1, 2, 4, 10, 14, 15, 20] - 31, [1, 2, 5, 10, 13, 19, 20] - 33, [1, 3, 8, 9, 12, 19, 20] - 32, [1, 3, 5, 12, 19, 20] - 32, [1, 3, 5, 10, 13, 19, 20] - 33, [1, 3, 5, 12, 13, 19, 20] - 30, [1, 2, 5, 10, 13, 15, 20] - 33, [1, 2, 5, 12, 13, 19, 20] - 30, [1, 3, 8, 9, 12, 13, 19, 20] - 30, [1, 6, 8, 9, 12, 13, 19, 20] - 33, [1, 3, 8, 9, 10, 14, 15, 20] - 34, [1, 2, 4, 11, 14, 15, 20] - 34]
melhor indivíduo da geração:[1, 2, 5, 10, 14, 15, 20] - 29
geração: 75: 
[[1, 6, 8, 9, 12, 13, 15, 20] - 33, [1, 3, 5, 12, 13, 15, 20] - 30, [1, 3, 8, 10, 14, 15, 20] - 32, [1, 3, 5, 10, 13, 15, 20] - 33, [1, 2, 5, 12, 19, 20] - 32, [1, 2, 5, 10, 14, 15, 20] - 29, [1, 2, 4, 10, 14, 15, 20] - 31, [1, 2, 5, 10, 13, 19, 20] - 33, [1, 3, 8, 9, 12, 19, 20] - 32, [1, 3, 5, 12, 19, 20] - 32, [1, 3, 5, 10, 13, 19, 20] - 33, [1, 3, 5, 12, 13, 19, 20] - 30, [1, 2, 5, 10, 13, 15, 20] - 33, [1, 2, 5, 12, 13, 19, 20] - 30, [1, 3, 8, 9, 12, 13, 19, 20] - 30, [1, 6, 8, 9, 12, 13, 19, 20] - 33, [1, 3, 8, 9, 10, 14, 15, 20] - 34, [1, 2, 4, 11, 14, 15, 20] - 34, [1, 3, 8, 9, 12, 13, 14, 10] - 37]
melhor indivíduo da geração:[1, 2, 5, 10, 14, 15, 20] - 29
geração: 76: 
[[1, 6, 8, 9, 12, 13, 15, 20] - 33, [1, 3, 5, 12, 13, 15, 20] - 30, [1, 3, 8, 10, 14, 15, 20] - 32, [1, 3, 5, 10, 13, 15, 20] - 33, [1, 2, 5, 12, 19, 20] - 32, [1, 2, 5, 10, 14, 15, 20] - 29, [1, 2, 4, 10, 14, 15, 20] - 31, [1, 2, 5, 10, 13, 19, 20] - 33, [1, 3, 8, 9, 12, 19, 20] - 32, [1, 3, 5, 12, 19, 20] - 32, [1, 3, 5, 10, 13, 19, 20] - 33, [1, 3, 5, 12, 13, 19, 20] - 30, [1, 2, 5, 10, 13, 15, 20] - 33, [1, 2, 5, 12, 13, 19, 20] - 30, [1, 3, 8, 9, 12, 13, 19, 20] - 30, [1, 6, 8, 9, 12, 13, 19, 20] - 33, [1, 3, 8, 9, 10, 14, 15, 20] - 34, [1, 2, 4, 11, 14, 15, 20] - 34, [1, 3, 8, 9, 12, 13, 14, 10] - 37, [1, 2, 4, 11, 14, 13, 19, 20] - 40, [1, 2, 3, 5, 10, 14, 13, 19, 20] - 40]
melhor indivíduo da geração:[1, 2, 5, 10, 14, 15, 20] - 29
geração: 77: 
[[1, 6, 8, 9, 12, 13, 15, 20] - 33, [1, 3, 5, 12, 13, 15, 20] - 30, [1, 3, 8, 10, 14, 15, 20] - 32, [1, 3, 5, 10, 13, 15, 20] - 33, [1, 2, 5, 12, 19, 20] - 32, [1, 2, 5, 10, 14, 15, 20] - 29, [1, 2, 4, 10, 14, 15, 20] - 31, [1, 2, 5, 10, 13, 19, 20] - 33, [1, 3, 8, 9, 12, 19, 20] - 32, [1, 3, 5, 12, 19, 20] - 32, [1, 3, 5, 10, 13, 19, 20] - 33, [1, 3, 5, 12, 13, 19, 20] - 30, [1, 2, 5, 10, 13, 15, 20] - 33, [1, 2, 5, 12, 13, 19, 20] - 30, [1, 3, 8, 9, 12, 13, 19, 20] - 30, [1, 6, 8, 9, 12, 13, 19, 20] - 33, [1, 3, 8, 9, 10, 14, 15, 20] - 34, [1, 2, 4, 11, 14, 15, 20] - 34]
melhor indivíduo da geração:[1, 2, 5, 10, 14, 15, 20] - 29
geração: 78: 
[[1, 6, 8, 9, 12, 13, 15, 20] - 33, [1, 3, 5, 12, 13, 15, 20] - 30, [1, 3, 8, 10, 14, 15, 20] - 32, [1, 3, 5, 10, 13, 15, 20] - 33, [1, 2, 5, 12, 19, 20] - 32, [1, 2, 5, 10, 14, 15, 20] - 29, [1, 2, 4, 10, 14, 15, 20] - 31, [1, 2, 5, 10, 13, 19, 20] - 33, [1, 3, 8, 9, 12, 19, 20] - 32, [1, 3, 5, 12, 19, 20] - 32, [1, 3, 5, 10, 13, 19, 20] - 33, [1, 3, 5, 12, 13, 19, 20] - 30, [1, 2, 5, 10, 13, 15, 20] - 33, [1, 2, 5, 12, 13, 19, 20] - 30, [1, 3, 8, 9, 12, 13, 19, 20] - 30, [1, 6, 8, 9, 12, 13, 19, 20] - 33, [1, 3, 8, 9, 10, 14, 15, 20] - 34, [1, 2, 4, 11, 14, 15, 20] - 34, [1, 3, 8, 9, 12, 13, 15, 20] - 30, [1, 6, 7, 9, 12, 13, 15, 20] - 38, [1, 6, 8, 9, 13, 19, 20] - 36]
melhor indivíduo da geração:[1, 2, 5, 10, 14, 15, 20] - 29
geração: 79: 
[[1, 6, 8, 9, 12, 13, 15, 20] - 33, [1, 3, 5, 12, 13, 15, 20] - 30, [1, 3, 8, 10, 14, 15, 20] - 32, [1, 3, 5, 10, 13, 15, 20] - 33, [1, 2, 5, 12, 19, 20] - 32, [1, 2, 5, 10, 14, 15, 20] - 29, [1, 2, 4, 10, 14, 15, 20] - 31, [1, 2, 5, 10, 13, 19, 20] - 33, [1, 3, 8, 9, 12, 19, 20] - 32, [1, 3, 5, 12, 19, 20] - 32, [1, 3, 5, 10, 13, 19, 20] - 33, [1, 3, 5, 12, 13, 19, 20] - 30, [1, 2, 5, 10, 13, 15, 20] - 33, [1, 2, 5, 12, 13, 19, 20] - 30, [1, 3, 8, 9, 12, 13, 19, 20] - 30, [1, 6, 8, 9, 12, 13, 19, 20] - 33, [1, 3, 8, 9, 10, 14, 15, 20] - 34, [1, 2, 4, 11, 14, 15, 20] - 34, [1, 3, 8, 9, 12, 13, 15, 20] - 30]
melhor indivíduo da geração:[1, 2, 5, 10, 14, 15, 20] - 29
geração: 80: 
[[1, 6, 8, 9, 12, 13, 15, 20] - 33, [1, 3, 5, 12, 13, 15, 20] - 30, [1, 3, 8, 10, 14, 15, 20] - 32, [1, 3, 5, 10, 13, 15, 20] - 33, [1, 2, 5, 12, 19, 20] - 32, [1, 2, 5, 10, 14, 15, 20] - 29, [1, 2, 4, 10, 14, 15, 20] - 31, [1, 2, 5, 10, 13, 19, 20] - 33, [1, 3, 8, 9, 12, 19, 20] - 32, [1, 3, 5, 12, 19, 20] - 32, [1, 3, 5, 10, 13, 19, 20] - 33, [1, 3, 5, 12, 13, 19, 20] - 30, [1, 2, 5, 10, 13, 15, 20] - 33, [1, 2, 5, 12, 13, 19, 20] - 30, [1, 3, 8, 9, 12, 13, 19, 20] - 30, [1, 6, 8, 9, 12, 13, 19, 20] - 33, [1, 3, 8, 9, 10, 14, 15, 20] - 34, [1, 2, 4, 11, 14, 15, 20] - 34, [1, 3, 8, 9, 12, 13, 15, 20] - 30, [1, 3, 6, 8, 10, 14, 15, 20] - 38]
melhor indivíduo da geração:[1, 2, 5, 10, 14, 15, 20] - 29
geração: 81: 
[[1, 6, 8, 9, 12, 13, 15, 20] - 33, [1, 3, 5, 12, 13, 15, 20] - 30, [1, 3, 8, 10, 14, 15, 20] - 32, [1, 3, 5, 10, 13, 15, 20] - 33, [1, 2, 5, 12, 19, 20] - 32, [1, 2, 5, 10, 14, 15, 20] - 29, [1, 2, 4, 10, 14, 15, 20] - 31, [1, 2, 5, 10, 13, 19, 20] - 33, [1, 3, 8, 9, 12, 19, 20] - 32, [1, 3, 5, 12, 19, 20] - 32, [1, 3, 5, 10, 13, 19, 20] - 33, [1, 3, 5, 12, 13, 19, 20] - 30, [1, 2, 5, 10, 13, 15, 20] - 33, [1, 2, 5, 12, 13, 19, 20] - 30, [1, 3, 8, 9, 12, 13, 19, 20] - 30, [1, 6, 8, 9, 12, 13, 19, 20] - 33, [1, 3, 8, 9, 10, 14, 15, 20] - 34, [1, 2, 4, 11, 14, 15, 20] - 34, [1, 3, 8, 9, 12, 13, 15, 20] - 30, [1, 6, 8, 9, 13, 19, 20] - 36, [1, 3, 8, 9, 16, 12, 19, 20] - 37]
melhor indivíduo da geração:[1, 2, 5, 10, 14, 15, 20] - 29
geração: 82: 
[[1, 6, 8, 9, 12, 13, 15, 20] - 33, [1, 3, 5, 12, 13, 15, 20] - 30, [1, 3, 8, 10, 14, 15, 20] - 32, [1, 3, 5, 10, 13, 15, 20] - 33, [1, 2, 5, 12, 19, 20] - 32, [1, 2, 5, 10, 14, 15, 20] - 29, [1, 2, 4, 10, 14, 15, 20] - 31, [1, 2, 5, 10, 13, 19, 20] - 33, [1, 3, 8, 9, 12, 19, 20] - 32, [1, 3, 5, 12, 19, 20] - 32, [1, 3, 5, 10, 13, 19, 20] - 33, [1, 3, 5, 12, 13, 19, 20] - 30, [1, 2, 5, 10, 13, 15, 20] - 33, [1, 2, 5, 12, 13, 19, 20] - 30, [1, 3, 8, 9, 12, 13, 19, 20] - 30, [1, 6, 8, 9, 12, 13, 19, 20] - 33, [1, 3, 8, 9, 12, 13, 15, 20] - 30]
melhor indivíduo da geração:[1, 2, 5, 10, 14, 15, 20] - 29
geração: 83: 
[[1, 6, 8, 9, 12, 13, 15, 20] - 33, [1, 3, 5, 12, 13, 15, 20] - 30, [1, 3, 8, 10, 14, 15, 20] - 32, [1, 3, 5, 10, 13, 15, 20] - 33, [1, 2, 5, 12, 19, 20] - 32, [1, 2, 5, 10, 14, 15, 20] - 29, [1, 2, 4, 10, 14, 15, 20] - 31, [1, 2, 5, 10, 13, 19, 20] - 33, [1, 3, 8, 9, 12, 19, 20] - 32, [1, 3, 5, 12, 19, 20] - 32, [1, 3, 5, 10, 13, 19, 20] - 33, [1, 3, 5, 12, 13, 19, 20] - 30, [1, 2, 5, 10, 13, 15, 20] - 33, [1, 2, 5, 12, 13, 19, 20] - 30, [1, 3, 8, 9, 12, 13, 19, 20] - 30, [1, 6, 8, 9, 12, 13, 19, 20] - 33, [1, 3, 8, 9, 12, 13, 15, 20] - 30, [1, 3, 8, 9, 16, 12, 19, 20] - 37, [1, 2, 4, 10, 14, 13, 19, 20] - 37]
melhor indivíduo da geração:[1, 2, 5, 10, 14, 15, 20] - 29
geração: 84: 
[[1, 6, 8, 9, 12, 13, 15, 20] - 33, [1, 3, 5, 12, 13, 15, 20] - 30, [1, 3, 8, 10, 14, 15, 20] - 32, [1, 3, 5, 10, 13, 15, 20] - 33, [1, 2, 5, 12, 19, 20] - 32, [1, 2, 5, 10, 14, 15, 20] - 29, [1, 2, 4, 10, 14, 15, 20] - 31, [1, 2, 5, 10, 13, 19, 20] - 33, [1, 3, 8, 9, 12, 19, 20] - 32, [1, 3, 5, 12, 19, 20] - 32, [1, 3, 5, 10, 13, 19, 20] - 33, [1, 3, 5, 12, 13, 19, 20] - 30, [1, 2, 5, 10, 13, 15, 20] - 33, [1, 2, 5, 12, 13, 19, 20] - 30, [1, 3, 8, 9, 12, 13, 19, 20] - 30, [1, 6, 8, 9, 12, 13, 19, 20] - 33, [1, 3, 8, 9, 12, 13, 15, 20] - 30, [1, 3, 8, 9, 16, 12, 19, 20] - 37, [1, 2, 4, 10, 14, 13, 19, 20] - 37, [1, 6, 8, 9, 10, 14, 15, 20] - 37]
melhor indivíduo da geração:[1, 2, 5, 10, 14, 15, 20] - 29
geração: 85: 
[[1, 6, 8, 9, 12, 13, 15, 20] - 33, [1, 3, 5, 12, 13, 15, 20] - 30, [1, 3, 8, 10, 14, 15, 20] - 32, [1, 3, 5, 10, 13, 15, 20] - 33, [1, 2, 5, 12, 19, 20] - 32, [1, 2, 5, 10, 14, 15, 20] - 29, [1, 2, 4, 10, 14, 15, 20] - 31, [1, 2, 5, 10, 13, 19, 20] - 33, [1, 3, 8, 9, 12, 19, 20] - 32, [1, 3, 5, 12, 19, 20] - 32, [1, 3, 5, 10, 13, 19, 20] - 33, [1, 3, 5, 12, 13, 19, 20] - 30, [1, 2, 5, 10, 13, 15, 20] - 33, [1, 2, 5, 12, 13, 19, 20] - 30, [1, 3, 8, 9, 12, 13, 19, 20] - 30, [1, 6, 8, 9, 12, 13, 19, 20] - 33, [1, 3, 8, 9, 12, 13, 15, 20] - 30, [1, 3, 8, 9, 16, 12, 19, 20] - 37, [1, 2, 4, 10, 14, 13, 19, 20] - 37, [1, 6, 8, 9, 10, 14, 15, 20] - 37, [1, 2, 4, 11, 14, 15, 20] - 34, [1, 6, 8, 9, 13, 15, 20] - 36, [1, 3, 6, 8, 9, 12, 19, 20] - 38]
melhor indivíduo da geração:[1, 2, 5, 10, 14, 15, 20] - 29
geração: 86: 
[[1, 6, 8, 9, 12, 13, 15, 20] - 33, [1, 3, 5, 12, 13, 15, 20] - 30, [1, 3, 8, 10, 14, 15, 20] - 32, [1, 3, 5, 10, 13, 15, 20] - 33, [1, 2, 5, 12, 19, 20] - 32, [1, 2, 5, 10, 14, 15, 20] - 29, [1, 2, 4, 10, 14, 15, 20] - 31, [1, 2, 5, 10, 13, 19, 20] - 33, [1, 3, 8, 9, 12, 19, 20] - 32, [1, 3, 5, 12, 19, 20] - 32, [1, 3, 5, 10, 13, 19, 20] - 33, [1, 3, 5, 12, 13, 19, 20] - 30, [1, 2, 5, 10, 13, 15, 20] - 33, [1, 2, 5, 12, 13, 19, 20] - 30, [1, 3, 8, 9, 12, 13, 19, 20] - 30, [1, 6, 8, 9, 12, 13, 19, 20] - 33, [1, 3, 8, 9, 12, 13, 15, 20] - 30, [1, 2, 4, 11, 14, 15, 20] - 34, [1, 6, 8, 9, 13, 15, 20] - 36]
melhor indivíduo da geração:[1, 2, 5, 10, 14, 15, 20] - 29
geração: 87: 
[[1, 6, 8, 9, 12, 13, 15, 20] - 33, [1, 3, 5, 12, 13, 15, 20] - 30, [1, 3, 8, 10, 14, 15, 20] - 32, [1, 3, 5, 10, 13, 15, 20] - 33, [1, 2, 5, 12, 19, 20] - 32, [1, 2, 5, 10, 14, 15, 20] - 29, [1, 2, 4, 10, 14, 15, 20] - 31, [1, 2, 5, 10, 13, 19, 20] - 33, [1, 3, 8, 9, 12, 19, 20] - 32, [1, 3, 5, 12, 19, 20] - 32, [1, 3, 5, 10, 13, 19, 20] - 33, [1, 3, 5, 12, 13, 19, 20] - 30, [1, 2, 5, 10, 13, 15, 20] - 33, [1, 2, 5, 12, 13, 19, 20] - 30, [1, 3, 8, 9, 12, 13, 19, 20] - 30, [1, 6, 8, 9, 12, 13, 19, 20] - 33, [1, 3, 8, 9, 12, 13, 15, 20] - 30, [1, 2, 4, 11, 14, 15, 20] - 34, [1, 6, 8, 9, 13, 15, 20] - 36, [1, 3, 8, 9, 16, 12, 13, 15, 20] - 35, [1, 3, 8, 9, 13, 19, 20] - 33, [1, 3, 8, 9, 10, 14, 15, 20] - 34]
melhor indivíduo da geração:[1, 2, 5, 10, 14, 15, 20] - 29
geração: 88: 
[[1, 6, 8, 9, 12, 13, 15, 20] - 33, [1, 3, 5, 12, 13, 15, 20] - 30, [1, 3, 8, 10, 14, 15, 20] - 32, [1, 3, 5, 10, 13, 15, 20] - 33, [1, 2, 5, 12, 19, 20] - 32, [1, 2, 5, 10, 14, 15, 20] - 29, [1, 2, 4, 10, 14, 15, 20] - 31, [1, 2, 5, 10, 13, 19, 20] - 33, [1, 3, 8, 9, 12, 19, 20] - 32, [1, 3, 5, 12, 19, 20] - 32, [1, 3, 5, 10, 13, 19, 20] - 33, [1, 3, 5, 12, 13, 19, 20] - 30, [1, 2, 5, 10, 13, 15, 20] - 33, [1, 2, 5, 12, 13, 19, 20] - 30, [1, 3, 8, 9, 12, 13, 19, 20] - 30, [1, 6, 8, 9, 12, 13, 19, 20] - 33, [1, 3, 8, 9, 12, 13, 15, 20] - 30, [1, 2, 4, 11, 14, 15, 20] - 34, [1, 3, 8, 9, 13, 19, 20] - 33, [1, 3, 8, 9, 10, 14, 15, 20] - 34]
melhor indivíduo da geração:[1, 2, 5, 10, 14, 15, 20] - 29
geração: 89: 
[[1, 6, 8, 9, 12, 13, 15, 20] - 33, [1, 3, 5, 12, 13, 15, 20] - 30, [1, 3, 8, 10, 14, 15, 20] - 32, [1, 3, 5, 10, 13, 15, 20] - 33, [1, 2, 5, 12, 19, 20] - 32, [1, 2, 5, 10, 14, 15, 20] - 29, [1, 2, 4, 10, 14, 15, 20] - 31, [1, 2, 5, 10, 13, 19, 20] - 33, [1, 3, 8, 9, 12, 19, 20] - 32, [1, 3, 5, 12, 19, 20] - 32, [1, 3, 5, 10, 13, 19, 20] - 33, [1, 3, 5, 12, 13, 19, 20] - 30, [1, 2, 5, 10, 13, 15, 20] - 33, [1, 2, 5, 12, 13, 19, 20] - 30, [1, 3, 8, 9, 12, 13, 19, 20] - 30, [1, 6, 8, 9, 12, 13, 19, 20] - 33, [1, 3, 8, 9, 12, 13, 15, 20] - 30, [1, 2, 4, 11, 14, 15, 20] - 34, [1, 3, 8, 9, 13, 19, 20] - 33, [1, 3, 8, 9, 10, 14, 15, 20] - 34]
melhor indivíduo da geração:[1, 2, 5, 10, 14, 15, 20] - 29
geração: 90: 
[[1, 6, 8, 9, 12, 13, 15, 20] - 33, [1, 3, 5, 12, 13, 15, 20] - 30, [1, 3, 8, 10, 14, 15, 20] - 32, [1, 3, 5, 10, 13, 15, 20] - 33, [1, 2, 5, 12, 19, 20] - 32, [1, 2, 5, 10, 14, 15, 20] - 29, [1, 2, 4, 10, 14, 15, 20] - 31, [1, 2, 5, 10, 13, 19, 20] - 33, [1, 3, 8, 9, 12, 19, 20] - 32, [1, 3, 5, 12, 19, 20] - 32, [1, 3, 5, 10, 13, 19, 20] - 33, [1, 3, 5, 12, 13, 19, 20] - 30, [1, 2, 5, 10, 13, 15, 20] - 33, [1, 2, 5, 12, 13, 19, 20] - 30, [1, 3, 8, 9, 12, 13, 19, 20] - 30, [1, 6, 8, 9, 12, 13, 19, 20] - 33, [1, 3, 8, 9, 12, 13, 15, 20] - 30, [1, 2, 4, 11, 14, 15, 20] - 34, [1, 3, 8, 9, 13, 19, 20] - 33, [1, 3, 8, 9, 10, 14, 15, 20] - 34, [1, 2, 4, 11, 14, 13, 15, 20] - 40]
melhor indivíduo da geração:[1, 2, 5, 10, 14, 15, 20] - 29
geração: 91: 
[[1, 6, 8, 9, 12, 13, 15, 20] - 33, [1, 3, 5, 12, 13, 15, 20] - 30, [1, 3, 8, 10, 14, 15, 20] - 32, [1, 3, 5, 10, 13, 15, 20] - 33, [1, 2, 5, 12, 19, 20] - 32, [1, 2, 5, 10, 14, 15, 20] - 29, [1, 2, 4, 10, 14, 15, 20] - 31, [1, 2, 5, 10, 13, 19, 20] - 33, [1, 3, 8, 9, 12, 19, 20] - 32, [1, 3, 5, 12, 19, 20] - 32, [1, 3, 5, 10, 13, 19, 20] - 33, [1, 3, 5, 12, 13, 19, 20] - 30, [1, 2, 5, 10, 13, 15, 20] - 33, [1, 2, 5, 12, 13, 19, 20] - 30, [1, 3, 8, 9, 12, 13, 19, 20] - 30, [1, 6, 8, 9, 12, 13, 19, 20] - 33, [1, 3, 8, 9, 12, 13, 15, 20] - 30, [1, 2, 4, 11, 14, 15, 20] - 34, [1, 3, 8, 9, 13, 19, 20] - 33, [1, 3, 8, 9, 10, 14, 15, 20] - 34, [1, 3, 5, 10, 14, 15, 20] - 29]
melhor indivíduo da geração:[1, 2, 5, 10, 14, 15, 20] - 29
geração: 92: 
[[1, 6, 8, 9, 12, 13, 15, 20] - 33, [1, 3, 5, 12, 13, 15, 20] - 30, [1, 3, 8, 10, 14, 15, 20] - 32, [1, 3, 5, 10, 13, 15, 20] - 33, [1, 2, 5, 12, 19, 20] - 32, [1, 2, 5, 10, 14, 15, 20] - 29, [1, 2, 4, 10, 14, 15, 20] - 31, [1, 2, 5, 10, 13, 19, 20] - 33, [1, 3, 8, 9, 12, 19, 20] - 32, [1, 3, 5, 12, 19, 20] - 32, [1, 3, 5, 10, 13, 19, 20] - 33, [1, 3, 5, 12, 13, 19, 20] - 30, [1, 2, 5, 10, 13, 15, 20] - 33, [1, 2, 5, 12, 13, 19, 20] - 30, [1, 3, 8, 9, 12, 13, 19, 20] - 30, [1, 6, 8, 9, 12, 13, 19, 20] - 33, [1, 3, 8, 9, 12, 13, 15, 20] - 30, [1, 2, 4, 11, 14, 15, 20] - 34, [1, 3, 8, 9, 13, 19, 20] - 33, [1, 3, 8, 9, 10, 14, 15, 20] - 34, [1, 3, 5, 10, 14, 15, 20] - 29]
melhor indivíduo da geração:[1, 2, 5, 10, 14, 15, 20] - 29
geração: 93: 
[[1, 6, 8, 9, 12, 13, 15, 20] - 33, [1, 3, 5, 12, 13, 15, 20] - 30, [1, 3, 8, 10, 14, 15, 20] - 32, [1, 3, 5, 10, 13, 15, 20] - 33, [1, 2, 5, 12, 19, 20] - 32, [1, 2, 5, 10, 14, 15, 20] - 29, [1, 2, 4, 10, 14, 15, 20] - 31, [1, 2, 5, 10, 13, 19, 20] - 33, [1, 3, 8, 9, 12, 19, 20] - 32, [1, 3, 5, 12, 19, 20] - 32, [1, 3, 5, 10, 13, 19, 20] - 33, [1, 3, 5, 12, 13, 19, 20] - 30, [1, 2, 5, 10, 13, 15, 20] - 33, [1, 2, 5, 12, 13, 19, 20] - 30, [1, 3, 8, 9, 12, 13, 19, 20] - 30, [1, 6, 8, 9, 12, 13, 19, 20] - 33, [1, 3, 8, 9, 12, 13, 15, 20] - 30, [1, 2, 4, 11, 14, 15, 20] - 34, [1, 3, 8, 9, 13, 19, 20] - 33, [1, 3, 8, 9, 10, 14, 15, 20] - 34, [1, 3, 5, 10, 14, 15, 20] - 29]
melhor indivíduo da geração:[1, 2, 5, 10, 14, 15, 20] - 29
geração: 94: 
[[1, 6, 8, 9, 12, 13, 15, 20] - 33, [1, 3, 5, 12, 13, 15, 20] - 30, [1, 3, 8, 10, 14, 15, 20] - 32, [1, 3, 5, 10, 13, 15, 20] - 33, [1, 2, 5, 12, 19, 20] - 32, [1, 2, 5, 10, 14, 15, 20] - 29, [1, 2, 4, 10, 14, 15, 20] - 31, [1, 2, 5, 10, 13, 19, 20] - 33, [1, 3, 8, 9, 12, 19, 20] - 32, [1, 3, 5, 12, 19, 20] - 32, [1, 3, 5, 10, 13, 19, 20] - 33, [1, 3, 5, 12, 13, 19, 20] - 30, [1, 2, 5, 10, 13, 15, 20] - 33, [1, 2, 5, 12, 13, 19, 20] - 30, [1, 3, 8, 9, 12, 13, 19, 20] - 30, [1, 6, 8, 9, 12, 13, 19, 20] - 33, [1, 3, 8, 9, 12, 13, 15, 20] - 30, [1, 3, 8, 9, 13, 19, 20] - 33, [1, 3, 5, 10, 14, 15, 20] - 29]
melhor indivíduo da geração:[1, 2, 5, 10, 14, 15, 20] - 29
geração: 95: 
[[1, 6, 8, 9, 12, 13, 15, 20] - 33, [1, 3, 5, 12, 13, 15, 20] - 30, [1, 3, 8, 10, 14, 15, 20] - 32, [1, 3, 5, 10, 13, 15, 20] - 33, [1, 2, 5, 12, 19, 20] - 32, [1, 2, 5, 10, 14, 15, 20] - 29, [1, 2, 4, 10, 14, 15, 20] - 31, [1, 2, 5, 10, 13, 19, 20] - 33, [1, 3, 8, 9, 12, 19, 20] - 32, [1, 3, 5, 12, 19, 20] - 32, [1, 3, 5, 10, 13, 19, 20] - 33, [1, 3, 5, 12, 13, 19, 20] - 30, [1, 2, 5, 10, 13, 15, 20] - 33, [1, 2, 5, 12, 13, 19, 20] - 30, [1, 3, 8, 9, 12, 13, 19, 20] - 30, [1, 6, 8, 9, 12, 13, 19, 20] - 33, [1, 3, 8, 9, 12, 13, 15, 20] - 30, [1, 3, 8, 9, 13, 19, 20] - 33, [1, 3, 5, 10, 14, 15, 20] - 29, [1, 6, 8, 10, 14, 15, 20] - 35]
melhor indivíduo da geração:[1, 2, 5, 10, 14, 15, 20] - 29
geração: 96: 
[[1, 6, 8, 9, 12, 13, 15, 20] - 33, [1, 3, 5, 12, 13, 15, 20] - 30, [1, 3, 8, 10, 14, 15, 20] - 32, [1, 3, 5, 10, 13, 15, 20] - 33, [1, 2, 5, 12, 19, 20] - 32, [1, 2, 5, 10, 14, 15, 20] - 29, [1, 2, 4, 10, 14, 15, 20] - 31, [1, 2, 5, 10, 13, 19, 20] - 33, [1, 3, 8, 9, 12, 19, 20] - 32, [1, 3, 5, 12, 19, 20] - 32, [1, 3, 5, 10, 13, 19, 20] - 33, [1, 3, 5, 12, 13, 19, 20] - 30, [1, 2, 5, 10, 13, 15, 20] - 33, [1, 2, 5, 12, 13, 19, 20] - 30, [1, 3, 8, 9, 12, 13, 19, 20] - 30, [1, 6, 8, 9, 12, 13, 19, 20] - 33, [1, 3, 8, 9, 12, 13, 15, 20] - 30, [1, 3, 8, 9, 13, 19, 20] - 33, [1, 3, 5, 10, 14, 15, 20] - 29, [1, 6, 8, 10, 14, 15, 20] - 35, [1, 3, 5, 10, 12, 19, 20] - 40, [1, 2, 4, 10, 13, 15, 20] - 35]
melhor indivíduo da geração:[1, 2, 5, 10, 14, 15, 20] - 29
geração: 97: 
[[1, 6, 8, 9, 12, 13, 15, 20] - 33, [1, 3, 5, 12, 13, 15, 20] - 30, [1, 3, 8, 10, 14, 15, 20] - 32, [1, 3, 5, 10, 13, 15, 20] - 33, [1, 2, 5, 12, 19, 20] - 32, [1, 2, 5, 10, 14, 15, 20] - 29, [1, 2, 4, 10, 14, 15, 20] - 31, [1, 2, 5, 10, 13, 19, 20] - 33, [1, 3, 8, 9, 12, 19, 20] - 32, [1, 3, 5, 12, 19, 20] - 32, [1, 3, 5, 10, 13, 19, 20] - 33, [1, 3, 5, 12, 13, 19, 20] - 30, [1, 2, 5, 10, 13, 15, 20] - 33, [1, 2, 5, 12, 13, 19, 20] - 30, [1, 3, 8, 9, 12, 13, 19, 20] - 30, [1, 6, 8, 9, 12, 13, 19, 20] - 33, [1, 3, 8, 9, 12, 13, 15, 20] - 30, [1, 3, 8, 9, 13, 19, 20] - 33, [1, 3, 5, 10, 14, 15, 20] - 29]
melhor indivíduo da geração:[1, 2, 5, 10, 14, 15, 20] - 29
geração: 98: 
[[1, 6, 8, 9, 12, 13, 15, 20] - 33, [1, 3, 5, 12, 13, 15, 20] - 30, [1, 3, 8, 10, 14, 15, 20] - 32, [1, 3, 5, 10, 13, 15, 20] - 33, [1, 2, 5, 12, 19, 20] - 32, [1, 2, 5, 10, 14, 15, 20] - 29, [1, 2, 4, 10, 14, 15, 20] - 31, [1, 2, 5, 10, 13, 19, 20] - 33, [1, 3, 8, 9, 12, 19, 20] - 32, [1, 3, 5, 12, 19, 20] - 32, [1, 3, 5, 10, 13, 19, 20] - 33, [1, 3, 5, 12, 13, 19, 20] - 30, [1, 2, 5, 10, 13, 15, 20] - 33, [1, 2, 5, 12, 13, 19, 20] - 30, [1, 3, 8, 9, 12, 13, 19, 20] - 30, [1, 6, 8, 9, 12, 13, 19, 20] - 33, [1, 3, 8, 9, 12, 13, 15, 20] - 30, [1, 3, 8, 9, 13, 19, 20] - 33, [1, 3, 5, 10, 14, 15, 20] - 29]
melhor indivíduo da geração:[1, 2, 5, 10, 14, 15, 20] - 29
geração: 99: 
[[1, 6, 8, 9, 12, 13, 15, 20] - 33, [1, 3, 5, 12, 13, 15, 20] - 30, [1, 3, 8, 10, 14, 15, 20] - 32, [1, 3, 5, 10, 13, 15, 20] - 33, [1, 2, 5, 12, 19, 20] - 32, [1, 2, 5, 10, 14, 15, 20] - 29, [1, 2, 4, 10, 14, 15, 20] - 31, [1, 2, 5, 10, 13, 19, 20] - 33, [1, 3, 8, 9, 12, 19, 20] - 32, [1, 3, 5, 12, 19, 20] - 32, [1, 3, 5, 10, 13, 19, 20] - 33, [1, 3, 5, 12, 13, 19, 20] - 30, [1, 2, 5, 10, 13, 15, 20] - 33, [1, 2, 5, 12, 13, 19, 20] - 30, [1, 3, 8, 9, 12, 13, 19, 20] - 30, [1, 6, 8, 9, 12, 13, 19, 20] - 33, [1, 3, 8, 9, 12, 13, 15, 20] - 30, [1, 3, 8, 9, 13, 19, 20] - 33, [1, 3, 5, 10, 14, 15, 20] - 29, [1, 6, 8, 9, 13, 19, 20] - 36]
melhor indivíduo da geração:[1, 2, 5, 10, 14, 15, 20] - 29
geração: 100: 
[[1, 6, 8, 9, 12, 13, 15, 20] - 33, [1, 3, 5, 12, 13, 15, 20] - 30, [1, 3, 8, 10, 14, 15, 20] - 32, [1, 3, 5, 10, 13, 15, 20] - 33, [1, 2, 5, 12, 19, 20] - 32, [1, 2, 5, 10, 14, 15, 20] - 29, [1, 2, 4, 10, 14, 15, 20] - 31, [1, 2, 5, 10, 13, 19, 20] - 33, [1, 3, 8, 9, 12, 19, 20] - 32, [1, 3, 5, 12, 19, 20] - 32, [1, 3, 5, 10, 13, 19, 20] - 33, [1, 3, 5, 12, 13, 19, 20] - 30, [1, 2, 5, 10, 13, 15, 20] - 33, [1, 2, 5, 12, 13, 19, 20] - 30, [1, 3, 8, 9, 12, 13, 19, 20] - 30, [1, 6, 8, 9, 12, 13, 19, 20] - 33, [1, 3, 8, 9, 12, 13, 15, 20] - 30, [1, 3, 8, 9, 13, 19, 20] - 33, [1, 3, 5, 10, 14, 15, 20] - 29, [1, 6, 8, 9, 13, 19, 20] - 36, [1, 2, 3, 5, 12, 19, 20] - 37]
melhor indivíduo da geração:[1, 2, 5, 10, 14, 15, 20] - 29
geração: 101: 
[[1, 6, 8, 9, 12, 13, 15, 20] - 33, [1, 3, 5, 12, 13, 15, 20] - 30, [1, 3, 8, 10, 14, 15, 20] - 32, [1, 3, 5, 10, 13, 15, 20] - 33, [1, 2, 5, 12, 19, 20] - 32, [1, 2, 5, 10, 14, 15, 20] - 29, [1, 2, 4, 10, 14, 15, 20] - 31, [1, 2, 5, 10, 13, 19, 20] - 33, [1, 3, 8, 9, 12, 19, 20] - 32, [1, 3, 5, 12, 19, 20] - 32, [1, 3, 5, 10, 13, 19, 20] - 33, [1, 3, 5, 12, 13, 19, 20] - 30, [1, 2, 5, 10, 13, 15, 20] - 33, [1, 2, 5, 12, 13, 19, 20] - 30, [1, 3, 8, 9, 12, 13, 19, 20] - 30, [1, 6, 8, 9, 12, 13, 19, 20] - 33, [1, 3, 8, 9, 12, 13, 15, 20] - 30, [1, 3, 8, 9, 13, 19, 20] - 33, [1, 3, 5, 10, 14, 15, 20] - 29, [1, 6, 8, 9, 13, 19, 20] - 36]
melhor indivíduo da geração:[1, 2, 5, 10, 14, 15, 20] - 29
geração: 102: 
[[1, 6, 8, 9, 12, 13, 15, 20] - 33, [1, 3, 5, 12, 13, 15, 20] - 30, [1, 3, 8, 10, 14, 15, 20] - 32, [1, 3, 5, 10, 13, 15, 20] - 33, [1, 2, 5, 12, 19, 20] - 32, [1, 2, 5, 10, 14, 15, 20] - 29, [1, 2, 4, 10, 14, 15, 20] - 31, [1, 2, 5, 10, 13, 19, 20] - 33, [1, 3, 8, 9, 12, 19, 20] - 32, [1, 3, 5, 12, 19, 20] - 32, [1, 3, 5, 10, 13, 19, 20] - 33, [1, 3, 5, 12, 13, 19, 20] - 30, [1, 2, 5, 10, 13, 15, 20] - 33, [1, 2, 5, 12, 13, 19, 20] - 30, [1, 3, 8, 9, 12, 13, 19, 20] - 30, [1, 6, 8, 9, 12, 13, 19, 20] - 33, [1, 3, 8, 9, 12, 13, 15, 20] - 30, [1, 3, 8, 9, 13, 19, 20] - 33, [1, 3, 5, 10, 14, 15, 20] - 29, [1, 6, 8, 9, 13, 19, 20] - 36, [1, 6, 8, 10, 14, 15, 20] - 35]
melhor indivíduo da geração:[1, 2, 5, 10, 14, 15, 20] - 29
geração: 103: 
[[1, 6, 8, 9, 12, 13, 15, 20] - 33, [1, 3, 5, 12, 13, 15, 20] - 30, [1, 3, 8, 10, 14, 15, 20] - 32, [1, 3, 5, 10, 13, 15, 20] - 33, [1, 2, 5, 12, 19, 20] - 32, [1, 2, 5, 10, 14, 15, 20] - 29, [1, 2, 4, 10, 14, 15, 20] - 31, [1, 2, 5, 10, 13, 19, 20] - 33, [1, 3, 8, 9, 12, 19, 20] - 32, [1, 3, 5, 12, 19, 20] - 32, [1, 3, 5, 10, 13, 19, 20] - 33, [1, 3, 5, 12, 13, 19, 20] - 30, [1, 2, 5, 10, 13, 15, 20] - 33, [1, 2, 5, 12, 13, 19, 20] - 30, [1, 3, 8, 9, 12, 13, 19, 20] - 30, [1, 6, 8, 9, 12, 13, 19, 20] - 33, [1, 3, 8, 9, 12, 13, 15, 20] - 30, [1, 3, 8, 9, 13, 19, 20] - 33, [1, 3, 5, 10, 14, 15, 20] - 29, [1, 6, 8, 10, 14, 15, 20] - 35]
melhor indivíduo da geração:[1, 2, 5, 10, 14, 15, 20] - 29
geração: 104: 
[[1, 6, 8, 9, 12, 13, 15, 20] - 33, [1, 3, 5, 12, 13, 15, 20] - 30, [1, 3, 8, 10, 14, 15, 20] - 32, [1, 3, 5, 10, 13, 15, 20] - 33, [1, 2, 5, 12, 19, 20] - 32, [1, 2, 5, 10, 14, 15, 20] - 29, [1, 2, 4, 10, 14, 15, 20] - 31, [1, 2, 5, 10, 13, 19, 20] - 33, [1, 3, 8, 9, 12, 19, 20] - 32, [1, 3, 5, 12, 19, 20] - 32, [1, 3, 5, 10, 13, 19, 20] - 33, [1, 3, 5, 12, 13, 19, 20] - 30, [1, 2, 5, 10, 13, 15, 20] - 33, [1, 2, 5, 12, 13, 19, 20] - 30, [1, 3, 8, 9, 12, 13, 19, 20] - 30, [1, 6, 8, 9, 12, 13, 19, 20] - 33, [1, 3, 8, 9, 12, 13, 15, 20] - 30, [1, 3, 8, 9, 13, 19, 20] - 33, [1, 3, 5, 10, 14, 15, 20] - 29, [1, 6, 8, 10, 14, 15, 20] - 35, [1, 6, 7, 9, 12, 19, 20] - 40]
melhor indivíduo da geração:[1, 2, 5, 10, 14, 15, 20] - 29
geração: 105: 
[[1, 6, 8, 9, 12, 13, 15, 20] - 33, [1, 3, 5, 12, 13, 15, 20] - 30, [1, 3, 8, 10, 14, 15, 20] - 32, [1, 3, 5, 10, 13, 15, 20] - 33, [1, 2, 5, 12, 19, 20] - 32, [1, 2, 5, 10, 14, 15, 20] - 29, [1, 2, 4, 10, 14, 15, 20] - 31, [1, 2, 5, 10, 13, 19, 20] - 33, [1, 3, 8, 9, 12, 19, 20] - 32, [1, 3, 5, 12, 19, 20] - 32, [1, 3, 5, 10, 13, 19, 20] - 33, [1, 3, 5, 12, 13, 19, 20] - 30, [1, 2, 5, 10, 13, 15, 20] - 33, [1, 2, 5, 12, 13, 19, 20] - 30, [1, 3, 8, 9, 12, 13, 19, 20] - 30, [1, 6, 8, 9, 12, 13, 19, 20] - 33, [1, 3, 8, 9, 12, 13, 15, 20] - 30, [1, 3, 8, 9, 13, 19, 20] - 33, [1, 3, 5, 10, 14, 15, 20] - 29, [1, 6, 8, 10, 14, 15, 20] - 35]
melhor indivíduo da geração:[1, 2, 5, 10, 14, 15, 20] - 29
geração: 106: 
[[1, 6, 8, 9, 12, 13, 15, 20] - 33, [1, 3, 5, 12, 13, 15, 20] - 30, [1, 3, 8, 10, 14, 15, 20] - 32, [1, 3, 5, 10, 13, 15, 20] - 33, [1, 2, 5, 12, 19, 20] - 32, [1, 2, 5, 10, 14, 15, 20] - 29, [1, 2, 4, 10, 14, 15, 20] - 31, [1, 2, 5, 10, 13, 19, 20] - 33, [1, 3, 8, 9, 12, 19, 20] - 32, [1, 3, 5, 12, 19, 20] - 32, [1, 3, 5, 10, 13, 19, 20] - 33, [1, 3, 5, 12, 13, 19, 20] - 30, [1, 2, 5, 10, 13, 15, 20] - 33, [1, 2, 5, 12, 13, 19, 20] - 30, [1, 3, 8, 9, 12, 13, 19, 20] - 30, [1, 6, 8, 9, 12, 13, 19, 20] - 33, [1, 3, 8, 9, 12, 13, 15, 20] - 30, [1, 3, 8, 9, 13, 19, 20] - 33, [1, 3, 5, 10, 14, 15, 20] - 29, [1, 6, 8, 10, 14, 15, 20] - 35]
melhor indivíduo da geração:[1, 2, 5, 10, 14, 15, 20] - 29
geração: 107: 
[[1, 6, 8, 9, 12, 13, 15, 20] - 33, [1, 3, 5, 12, 13, 15, 20] - 30, [1, 3, 8, 10, 14, 15, 20] - 32, [1, 3, 5, 10, 13, 15, 20] - 33, [1, 2, 5, 12, 19, 20] - 32, [1, 2, 5, 10, 14, 15, 20] - 29, [1, 2, 4, 10, 14, 15, 20] - 31, [1, 2, 5, 10, 13, 19, 20] - 33, [1, 3, 8, 9, 12, 19, 20] - 32, [1, 3, 5, 12, 19, 20] - 32, [1, 3, 5, 10, 13, 19, 20] - 33, [1, 3, 5, 12, 13, 19, 20] - 30, [1, 2, 5, 10, 13, 15, 20] - 33, [1, 2, 5, 12, 13, 19, 20] - 30, [1, 3, 8, 9, 12, 13, 19, 20] - 30, [1, 6, 8, 9, 12, 13, 19, 20] - 33, [1, 3, 8, 9, 12, 13, 15, 20] - 30, [1, 3, 8, 9, 13, 19, 20] - 33, [1, 3, 5, 10, 14, 15, 20] - 29, [1, 6, 8, 10, 14, 15, 20] - 35, [1, 2, 5, 10, 12, 13, 19, 20] - 38]
melhor indivíduo da geração:[1, 2, 5, 10, 14, 15, 20] - 29
geração: 108: 
[[1, 6, 8, 9, 12, 13, 15, 20] - 33, [1, 3, 5, 12, 13, 15, 20] - 30, [1, 3, 8, 10, 14, 15, 20] - 32, [1, 3, 5, 10, 13, 15, 20] - 33, [1, 2, 5, 12, 19, 20] - 32, [1, 2, 5, 10, 14, 15, 20] - 29, [1, 2, 4, 10, 14, 15, 20] - 31, [1, 2, 5, 10, 13, 19, 20] - 33, [1, 3, 8, 9, 12, 19, 20] - 32, [1, 3, 5, 12, 19, 20] - 32, [1, 3, 5, 10, 13, 19, 20] - 33, [1, 3, 5, 12, 13, 19, 20] - 30, [1, 2, 5, 10, 13, 15, 20] - 33, [1, 2, 5, 12, 13, 19, 20] - 30, [1, 3, 8, 9, 12, 13, 19, 20] - 30, [1, 6, 8, 9, 12, 13, 19, 20] - 33, [1, 3, 8, 9, 12, 13, 15, 20] - 30, [1, 3, 8, 9, 13, 19, 20] - 33, [1, 3, 5, 10, 14, 15, 20] - 29, [1, 6, 8, 10, 14, 15, 20] - 35, [1, 2, 4, 10, 13, 19, 20] - 35]
melhor indivíduo da geração:[1, 2, 5, 10, 14, 15, 20] - 29
geração: 109: 
[[1, 6, 8, 9, 12, 13, 15, 20] - 33, [1, 3, 5, 12, 13, 15, 20] - 30, [1, 3, 8, 10, 14, 15, 20] - 32, [1, 3, 5, 10, 13, 15, 20] - 33, [1, 2, 5, 12, 19, 20] - 32, [1, 2, 5, 10, 14, 15, 20] - 29, [1, 2, 4, 10, 14, 15, 20] - 31, [1, 2, 5, 10, 13, 19, 20] - 33, [1, 3, 8, 9, 12, 19, 20] - 32, [1, 3, 5, 12, 19, 20] - 32, [1, 3, 5, 10, 13, 19, 20] - 33, [1, 3, 5, 12, 13, 19, 20] - 30, [1, 2, 5, 10, 13, 15, 20] - 33, [1, 2, 5, 12, 13, 19, 20] - 30, [1, 3, 8, 9, 12, 13, 19, 20] - 30, [1, 6, 8, 9, 12, 13, 19, 20] - 33, [1, 3, 8, 9, 12, 13, 15, 20] - 30, [1, 3, 8, 9, 13, 19, 20] - 33, [1, 3, 5, 10, 14, 15, 20] - 29]
melhor indivíduo da geração:[1, 2, 5, 10, 14, 15, 20] - 29
geração: 110: 
[[1, 6, 8, 9, 12, 13, 15, 20] - 33, [1, 3, 5, 12, 13, 15, 20] - 30, [1, 3, 8, 10, 14, 15, 20] - 32, [1, 3, 5, 10, 13, 15, 20] - 33, [1, 2, 5, 12, 19, 20] - 32, [1, 2, 5, 10, 14, 15, 20] - 29, [1, 2, 4, 10, 14, 15, 20] - 31, [1, 2, 5, 10, 13, 19, 20] - 33, [1, 3, 8, 9, 12, 19, 20] - 32, [1, 3, 5, 12, 19, 20] - 32, [1, 3, 5, 10, 13, 19, 20] - 33, [1, 3, 5, 12, 13, 19, 20] - 30, [1, 2, 5, 10, 13, 15, 20] - 33, [1, 2, 5, 12, 13, 19, 20] - 30, [1, 3, 8, 9, 12, 13, 19, 20] - 30, [1, 6, 8, 9, 12, 13, 19, 20] - 33, [1, 3, 8, 9, 12, 13, 15, 20] - 30, [1, 3, 8, 9, 13, 19, 20] - 33, [1, 3, 5, 10, 14, 15, 20] - 29, [1, 6, 7, 9, 12, 13, 19, 20] - 38]
melhor indivíduo da geração:[1, 2, 5, 10, 14, 15, 20] - 29
melhor valor é da geração 109!!!!
______________________________________________________________________________________________________________________________
