gera????o: 1: 
[[1, 3, 23, 31, 33, 47, 55, 57, 70] - 3710, [1, 2, 9, 13, 40, 44, 56, 57, 70] - 3897, [1, 3, 5, 12, 13, 40, 44, 55, 57, 70] - 3972, [1, 4, 10, 20, 39, 56, 63, 70] - 4104, [1, 4, 11, 21, 31, 32, 40, 41, 45, 57, 70] - 4119, [1, 2, 3, 23, 31, 40, 44, 56, 57, 70] - 4185, [1, 3, 5, 12, 14, 22, 25, 33, 46, 49, 55, 57, 70] - 4229, [1, 3, 5, 6, 17, 26, 34, 35, 46, 49, 58, 62, 70] - 4268, [1, 3, 9, 13, 31, 41, 47, 49, 55, 58, 62, 70] - 4525, [1, 3, 12, 13, 31, 41, 46, 47, 49, 58, 62, 70] - 4623, [1, 2, 9, 11, 20, 29, 37, 39, 40, 44, 56, 57, 70] - 4637, [1, 4, 11, 21, 23, 31, 41, 46, 49, 58, 62, 70] - 4767, [1, 2, 3, 9, 13, 22, 24, 28, 36, 49, 58, 62, 70] - 4782, [1, 3, 23, 25, 33, 34, 46, 49, 55, 56, 61, 63, 70] - 4880, [1, 4, 11, 21, 23, 31, 41, 46, 47, 55, 58, 62, 70] - 4881, [1, 3, 5, 6, 14, 26, 28, 34, 41, 44, 54, 61, 68, 70] - 4925, [1, 3, 5, 12, 22, 24, 28, 34, 35, 36, 48, 49, 58, 62, 70] - 4931, [1, 4, 10, 20, 37, 39, 44, 53, 54, 61, 68, 70] - 4974, [1, 4, 10, 20, 30, 31, 32, 39, 44, 50, 53, 61, 63, 70] - 5024, [1, 3, 5, 12, 13, 21, 22, 24, 28, 35, 36, 48, 49, 58, 62, 70] - 5042, [1, 3, 5, 12, 22, 24, 34, 41, 47, 49, 58, 62, 70] - 5048, [1, 2, 3, 12, 13, 21, 22, 24, 36, 48, 49, 58, 62, 70] - 5093, [1, 3, 9, 11, 20, 39, 53, 54, 61, 65, 68, 70] - 5104, [1, 2, 4, 10, 20, 30, 31, 40, 41, 47, 55, 56, 57, 70] - 5178, [1, 4, 11, 20, 29, 37, 39, 50, 53, 60, 61, 63, 70] - 5191, [1, 3, 12, 22, 23, 33, 39, 40, 41, 46, 49, 55, 57, 70] - 5231, [1, 2, 9, 13, 14, 24, 34, 41, 44, 54, 61, 68, 70] - 5344, [1, 2, 9, 11, 21, 23, 33, 34, 41, 46, 47, 49, 55, 58, 62, 70] - 5377, [1, 2, 4, 11, 21, 22, 24, 27, 35, 36, 49, 58, 62, 70] - 5394, [1, 3, 9, 21, 23, 31, 40, 44, 56, 60, 65, 68, 70] - 5418, [1, 2, 3, 12, 22, 23, 25, 33, 46, 47, 56, 61, 65, 68, 70] - 5470, [1, 2, 4, 10, 20, 37, 42, 43, 51, 59, 66, 67, 69, 70] - 5491, [1, 4, 10, 20, 30, 31, 33, 39, 50, 53, 61, 68, 70] - 5516, [1, 2, 3, 9, 13, 14, 17, 18, 24, 27, 35, 49, 58, 62, 70] - 5595, [1, 3, 9, 21, 22, 25, 33, 39, 56, 61, 65, 68, 70] - 5617, [1, 2, 4, 11, 20, 30, 32, 39, 42, 50, 53, 61, 68, 70] - 5664, [1, 3, 9, 11, 21, 31, 32, 37, 39, 53, 60, 64, 66, 67, 69, 70] - 5690, [1, 2, 9, 13, 22, 23, 31, 41, 45, 56, 60, 64, 67, 68, 70] - 5917, [1, 2, 9, 21, 22, 25, 33, 47, 56, 61, 65, 66, 67, 68, 70] - 6001, [1, 4, 10, 20, 39, 44, 53, 60, 64, 65, 66, 67, 69, 70] - 6521]
melhor indiv??duo da gera????o:[1, 3, 23, 31, 33, 47, 55, 57, 70] - 3710
gera????o: 2: 
[[1, 3, 13, 40, 44, 45, 57, 70] - 3838, [1, 3, 12, 22, 25, 33, 47, 55, 56, 63, 70] - 3964, [1, 4, 10, 20, 39, 56, 63, 70] - 4104, [1, 3, 23, 31, 41, 45, 56, 61, 63, 70] - 4140, [1, 2, 3, 23, 31, 40, 44, 56, 57, 70] - 4185, [1, 3, 5, 12, 14, 22, 25, 33, 46, 49, 55, 57, 70] - 4229, [1, 3, 9, 21, 22, 23, 25, 33, 47, 55, 56, 63, 70] - 4414, [1, 3, 9, 13, 31, 41, 47, 49, 55, 58, 62, 70] - 4525, [1, 2, 9, 13, 22, 24, 36, 48, 58, 62, 70] - 4561, [1, 3, 12, 13, 31, 41, 46, 47, 49, 58, 62, 70] - 4623, [1, 2, 9, 21, 22, 24, 28, 35, 36, 49, 58, 62, 70] - 4702, [1, 2, 3, 9, 13, 22, 24, 28, 36, 49, 58, 62, 70] - 4782, [1, 4, 11, 21, 23, 31, 41, 46, 47, 55, 58, 62, 70] - 4881, [1, 4, 11, 20, 30, 32, 40, 44, 53, 54, 56, 63, 70] - 4928, [1, 4, 10, 20, 37, 39, 44, 53, 54, 61, 68, 70] - 4974, [1, 3, 5, 12, 13, 21, 22, 24, 28, 35, 36, 48, 49, 58, 62, 70] - 5042, [1, 2, 3, 12, 13, 21, 22, 24, 36, 48, 49, 58, 62, 70] - 5093, [1, 2, 4, 10, 20, 30, 31, 40, 41, 47, 55, 56, 57, 70] - 5178, [1, 3, 12, 22, 23, 33, 39, 40, 41, 46, 49, 55, 57, 70] - 5231, [1, 2, 9, 13, 14, 24, 34, 41, 44, 54, 61, 68, 70] - 5344, [1, 2, 4, 11, 21, 22, 24, 27, 35, 36, 49, 58, 62, 70] - 5394, [1, 2, 3, 12, 22, 23, 25, 33, 46, 47, 56, 61, 65, 68, 70] - 5470, [1, 4, 10, 20, 30, 31, 33, 39, 50, 53, 61, 68, 70] - 5516, [1, 2, 3, 9, 13, 14, 17, 18, 24, 27, 35, 49, 58, 62, 70] - 5595, [1, 3, 9, 21, 22, 25, 33, 39, 56, 61, 65, 68, 70] - 5617, [1, 3, 9, 11, 21, 31, 32, 37, 39, 53, 60, 64, 66, 67, 69, 70] - 5690, [1, 2, 4, 10, 11, 21, 31, 33, 47, 56, 61, 65, 66, 67, 69, 70] - 6000, [1, 4, 11, 20, 30, 32, 37, 38, 43, 52, 53, 61, 65, 68, 70] - 6258, [1, 2, 9, 21, 31, 33, 39, 44, 53, 60, 65, 67, 69, 70] - 6408, [1, 2, 3, 13, 21, 23, 33, 41, 47, 56, 60, 65, 67, 69, 70] - 6570, [1, 2, 3, 13, 23, 33, 39, 42, 50, 53, 60, 61, 65, 66, 67, 69, 70] - 7228]
melhor indiv??duo da gera????o:[1, 3, 13, 40, 44, 45, 57, 70] - 3838
gera????o: 3: 
[[1, 3, 12, 14, 22, 33, 49, 58, 62, 70] - 3671, [1, 3, 12, 22, 25, 33, 47, 55, 56, 63, 70] - 3964, [1, 4, 10, 20, 39, 56, 63, 70] - 4104, [1, 3, 23, 31, 41, 45, 56, 61, 63, 70] - 4140, [1, 3, 5, 12, 14, 22, 25, 33, 46, 49, 55, 57, 70] - 4229, [1, 3, 9, 21, 22, 23, 25, 33, 47, 55, 56, 63, 70] - 4414, [1, 3, 5, 6, 22, 33, 46, 47, 55, 56, 63, 70] - 4428, [1, 2, 9, 13, 22, 24, 36, 48, 58, 62, 70] - 4561, [1, 2, 9, 21, 22, 24, 28, 35, 36, 49, 58, 62, 70] - 4702, [1, 2, 3, 23, 25, 33, 39, 40, 41, 45, 56, 63, 70] - 4871, [1, 3, 23, 31, 41, 46, 47, 49, 55, 58, 62, 70] - 4923, [1, 2, 3, 5, 6, 12, 14, 22, 33, 39, 53, 61, 63, 70] - 4929, [1, 3, 5, 12, 13, 21, 22, 24, 28, 35, 36, 48, 49, 58, 62, 70] - 5042, [1, 2, 4, 10, 20, 30, 31, 40, 41, 47, 55, 56, 57, 70] - 5178, [1, 3, 12, 22, 23, 33, 39, 40, 41, 46, 49, 55, 57, 70] - 5231, [1, 2, 9, 13, 14, 24, 34, 41, 44, 54, 61, 68, 70] - 5344, [1, 2, 3, 12, 22, 23, 25, 33, 46, 47, 56, 61, 65, 68, 70] - 5470, [1, 4, 11, 20, 29, 38, 43, 52, 60, 65, 68, 70] - 5559, [1, 3, 5, 6, 12, 13, 21, 23, 31, 41, 44, 55, 56, 61, 68, 70] - 5605, [1, 3, 9, 11, 21, 31, 32, 37, 39, 53, 60, 64, 66, 67, 69, 70] - 5690, [1, 4, 11, 20, 29, 38, 43, 52, 59, 60, 65, 68, 70] - 5963, [1, 4, 11, 20, 30, 32, 37, 38, 43, 52, 53, 61, 65, 68, 70] - 6258, [1, 2, 9, 21, 31, 33, 39, 44, 53, 60, 65, 67, 69, 70] - 6408, [1, 2, 3, 13, 23, 33, 39, 42, 50, 53, 60, 61, 65, 66, 67, 69, 70] - 7228]
melhor indiv??duo da gera????o:[1, 3, 12, 14, 22, 33, 49, 58, 62, 70] - 3671
gera????o: 4: 
[[1, 3, 12, 22, 25, 33, 47, 55, 56, 63, 70] - 3964, [1, 3, 23, 31, 41, 45, 56, 61, 63, 70] - 4140, [1, 3, 9, 21, 22, 23, 25, 33, 47, 55, 56, 63, 70] - 4414, [1, 3, 5, 6, 22, 33, 46, 47, 55, 56, 63, 70] - 4428, [1, 2, 9, 13, 22, 24, 36, 48, 58, 62, 70] - 4561, [1, 4, 11, 20, 31, 33, 47, 49, 58, 62, 70] - 4645, [1, 2, 3, 23, 25, 33, 39, 40, 41, 45, 56, 63, 70] - 4871, [1, 2, 3, 5, 6, 12, 14, 22, 33, 39, 53, 61, 63, 70] - 4929, [1, 2, 3, 5, 12, 22, 24, 27, 28, 35, 46, 47, 55, 57, 70] - 5086, [1, 2, 3, 5, 6, 17, 26, 34, 41, 46, 47, 49, 55, 57, 70] - 5203, [1, 2, 9, 13, 14, 24, 34, 41, 44, 54, 61, 68, 70] - 5344, [1, 2, 3, 12, 22, 23, 25, 33, 46, 47, 56, 61, 65, 68, 70] - 5470, [1, 3, 5, 6, 12, 13, 21, 23, 31, 41, 44, 55, 56, 61, 68, 70] - 5605, [1, 4, 11, 20, 29, 38, 43, 52, 59, 60, 65, 68, 70] - 5963, [1, 4, 11, 20, 30, 32, 37, 38, 43, 52, 53, 61, 65, 68, 70] - 6258, [1, 2, 9, 21, 31, 33, 39, 44, 53, 60, 65, 67, 69, 70] - 6408, [1, 2, 3, 12, 22, 25, 33, 34, 41, 45, 47, 56, 60, 64, 66, 67, 68, 70] - 6997, [1, 2, 3, 13, 23, 33, 39, 42, 50, 53, 60, 61, 65, 66, 67, 69, 70] - 7228]
melhor indiv??duo da gera????o:[1, 3, 12, 22, 25, 33, 47, 55, 56, 63, 70] - 3964
gera????o: 5: 
[[1, 3, 12, 22, 25, 33, 47, 55, 56, 63, 70] - 3964, [1, 2, 9, 21, 23, 31, 40, 44, 56, 57, 70] - 4123, [1, 3, 9, 21, 22, 23, 25, 33, 47, 55, 56, 63, 70] - 4414, [1, 2, 9, 13, 22, 24, 36, 48, 58, 62, 70] - 4561, [1, 4, 11, 20, 31, 33, 47, 49, 58, 62, 70] - 4645, [1, 2, 4, 11, 20, 32, 40, 44, 55, 58, 62, 70] - 4781, [1, 2, 3, 5, 6, 12, 14, 22, 33, 39, 53, 61, 63, 70] - 4929, [1, 3, 23, 31, 41, 46, 47, 56, 57, 70] - 5042, [1, 2, 3, 13, 40, 41, 46, 47, 56, 57, 70] - 5126, [1, 2, 3, 12, 14, 17, 18, 24, 34, 35, 49, 58, 62, 70] - 5205, [1, 2, 9, 13, 14, 24, 34, 41, 44, 54, 61, 68, 70] - 5344, [1, 2, 3, 12, 22, 23, 25, 33, 46, 47, 56, 61, 65, 68, 70] - 5470, [1, 4, 10, 20, 32, 37, 38, 43, 51, 59, 64, 66, 67, 69, 70] - 5934, [1, 3, 5, 6, 26, 33, 47, 56, 60, 64, 67, 68, 70] - 6018, [1, 4, 10, 11, 20, 37, 38, 43, 52, 60, 65, 66, 67, 69, 70] - 6243, [1, 4, 11, 20, 39, 42, 43, 51, 59, 64, 66, 67, 68, 70] - 6371, [1, 2, 9, 13, 22, 25, 26, 31, 32, 37, 42, 43, 52, 59, 64, 66, 67, 69, 70] - 6924, [1, 2, 3, 13, 23, 33, 39, 42, 50, 53, 60, 61, 65, 66, 67, 69, 70] - 7228]
melhor indiv??duo da gera????o:[1, 3, 12, 22, 25, 33, 47, 55, 56, 63, 70] - 3964
gera????o: 6: 
[[1, 3, 12, 22, 25, 33, 47, 55, 56, 63, 70] - 3964, [1, 3, 5, 12, 22, 25, 33, 40, 44, 55, 57, 70] - 4231, [1, 3, 23, 25, 26, 28, 36, 48, 58, 62, 70] - 4392, [1, 2, 4, 11, 21, 31, 33, 34, 46, 49, 58, 62, 70] - 4442, [1, 2, 9, 13, 22, 24, 36, 48, 58, 62, 70] - 4561, [1, 2, 3, 13, 31, 33, 34, 35, 49, 55, 58, 62, 70] - 4707, [1, 2, 4, 11, 20, 32, 40, 44, 55, 58, 62, 70] - 4781, [1, 2, 3, 5, 6, 12, 14, 22, 33, 39, 53, 61, 63, 70] - 4929, [1, 2, 3, 13, 40, 41, 46, 47, 56, 57, 70] - 5126, [1, 2, 3, 12, 14, 17, 18, 24, 34, 35, 49, 58, 62, 70] - 5205, [1, 2, 9, 13, 14, 24, 34, 41, 44, 54, 61, 68, 70] - 5344, [1, 4, 10, 20, 30, 32, 37, 38, 43, 51, 59, 60, 65, 68, 70] - 5505, [1, 4, 10, 11, 21, 22, 23, 31, 41, 46, 47, 55, 56, 61, 68, 70] - 5809, [1, 3, 5, 6, 26, 33, 47, 56, 60, 64, 67, 68, 70] - 6018, [1, 4, 10, 11, 20, 37, 38, 43, 52, 60, 65, 66, 67, 69, 70] - 6243, [1, 4, 11, 20, 39, 42, 43, 51, 59, 64, 66, 67, 68, 70] - 6371, [1, 2, 9, 13, 22, 25, 26, 31, 32, 37, 42, 43, 52, 59, 64, 66, 67, 69, 70] - 6924, [1, 4, 11, 20, 21, 22, 23, 31, 33, 39, 53, 60, 64, 66, 67, 68, 70] - 7269]
melhor indiv??duo da gera????o:[1, 3, 12, 22, 25, 33, 47, 55, 56, 63, 70] - 3964
gera????o: 7: 
[[1, 4, 10, 20, 39, 53, 54, 56, 63, 70] - 4203, [1, 4, 11, 20, 32, 40, 44, 56, 63, 70] - 4350, [1, 3, 23, 25, 26, 28, 36, 48, 58, 62, 70] - 4392, [1, 2, 4, 11, 21, 31, 33, 34, 46, 49, 58, 62, 70] - 4442, [1, 3, 12, 22, 24, 34, 35, 49, 58, 62, 70] - 4506, [1, 2, 9, 13, 22, 24, 26, 28, 35, 49, 58, 62, 70] - 4620, [1, 2, 3, 13, 31, 33, 34, 35, 49, 55, 58, 62, 70] - 4707, [1, 3, 23, 33, 34, 41, 44, 54, 61, 68, 70] - 4852, [1, 2, 9, 13, 22, 33, 34, 41, 44, 45, 47, 55, 58, 62, 70] - 4902, [1, 4, 11, 21, 23, 25, 33, 41, 46, 47, 49, 58, 62, 70] - 4963, [1, 3, 9, 11, 20, 21, 22, 33, 46, 49, 55, 58, 62, 70] - 5172, [1, 2, 4, 10, 11, 21, 23, 31, 33, 34, 35, 46, 47, 49, 58, 62, 70] - 5216, [1, 4, 10, 20, 30, 32, 37, 38, 43, 51, 59, 60, 65, 68, 70] - 5505, [1, 3, 5, 6, 26, 33, 47, 56, 60, 64, 67, 68, 70] - 6018, [1, 4, 10, 11, 20, 37, 38, 43, 52, 60, 65, 66, 67, 69, 70] - 6243, [1, 4, 11, 20, 39, 42, 43, 51, 59, 64, 66, 67, 68, 70] - 6371, [1, 2, 4, 11, 21, 22, 33, 39, 53, 60, 61, 65, 67, 68, 70] - 6966, [1, 4, 11, 21, 23, 25, 26, 31, 41, 45, 56, 60, 64, 65, 66, 67, 69, 70] - 7477]
melhor indiv??duo da gera????o:[1, 4, 10, 20, 39, 53, 54, 56, 63, 70] - 4203
gera????o: 8: 
[[1, 2, 4, 10, 11, 21, 31, 33, 47, 55, 57, 70] - 3830, [1, 2, 9, 13, 21, 31, 32, 40, 44, 56, 57, 70] - 4132, [1, 4, 11, 20, 32, 40, 44, 56, 63, 70] - 4350, [1, 3, 23, 31, 41, 47, 56, 63, 70] - 4400, [1, 2, 4, 10, 20, 39, 40, 44, 56, 57, 70] - 4465, [1, 2, 9, 13, 22, 24, 26, 28, 35, 49, 58, 62, 70] - 4620, [1, 2, 3, 13, 31, 33, 34, 35, 49, 55, 58, 62, 70] - 4707, [1, 3, 23, 31, 32, 40, 44, 56, 61, 65, 68, 70] - 4785, [1, 3, 23, 25, 26, 33, 46, 49, 55, 56, 63, 70] - 4849, [1, 2, 9, 13, 22, 33, 34, 41, 44, 45, 47, 55, 58, 62, 70] - 4902, [1, 3, 13, 14, 25, 33, 39, 56, 57, 70] - 5011, [1, 2, 4, 10, 11, 21, 23, 31, 33, 34, 35, 46, 47, 49, 58, 62, 70] - 5216, [1, 4, 10, 20, 30, 32, 37, 38, 43, 51, 59, 60, 65, 68, 70] - 5505, [1, 4, 10, 20, 21, 22, 25, 33, 39, 50, 53, 54, 61, 65, 68, 70] - 6007, [1, 4, 10, 11, 20, 37, 38, 43, 52, 60, 65, 66, 67, 69, 70] - 6243, [1, 4, 11, 20, 39, 42, 43, 51, 59, 64, 66, 67, 68, 70] - 6371, [1, 2, 4, 11, 21, 22, 33, 39, 53, 60, 61, 65, 67, 68, 70] - 6966, [1, 4, 11, 21, 23, 25, 26, 31, 41, 45, 56, 60, 64, 65, 66, 67, 69, 70] - 7477]
melhor indiv??duo da gera????o:[1, 2, 4, 10, 11, 21, 31, 33, 47, 55, 57, 70] - 3830
gera????o: 9: 
[[1, 3, 12, 22, 33, 46, 49, 58, 62, 70] - 3938, [1, 2, 4, 10, 20, 39, 56, 63, 70] - 4181, [1, 4, 11, 20, 32, 40, 44, 56, 63, 70] - 4350, [1, 2, 3, 23, 31, 40, 44, 54, 61, 68, 70] - 4366, [1, 2, 4, 10, 20, 39, 40, 44, 56, 57, 70] - 4465, [1, 3, 13, 23, 31, 32, 37, 39, 53, 61, 63, 70] - 4623, [1, 3, 23, 31, 32, 40, 44, 56, 61, 65, 68, 70] - 4785, [1, 4, 10, 20, 32, 39, 42, 50, 53, 61, 63, 70] - 4855, [1, 4, 10, 20, 31, 32, 39, 53, 54, 61, 68, 70] - 4920, [1, 3, 13, 14, 25, 33, 39, 56, 57, 70] - 5011, [1, 2, 3, 12, 22, 24, 27, 28, 36, 48, 58, 62, 70] - 5146, [1, 3, 12, 22, 24, 36, 49, 55, 56, 57, 70] - 5283, [1, 4, 10, 20, 30, 32, 37, 38, 43, 51, 59, 60, 65, 68, 70] - 5505, [1, 4, 11, 21, 22, 24, 34, 41, 46, 49, 58, 62, 70] - 5570, [1, 4, 10, 20, 21, 22, 25, 33, 39, 50, 53, 54, 61, 65, 68, 70] - 6007, [1, 3, 12, 22, 33, 39, 50, 53, 60, 65, 66, 67, 68, 70] - 6337, [1, 2, 3, 13, 22, 23, 25, 33, 41, 45, 56, 60, 61, 65, 66, 67, 69, 70] - 6888, [1, 4, 11, 21, 23, 25, 26, 31, 41, 45, 56, 60, 64, 65, 66, 67, 69, 70] - 7477]
melhor indiv??duo da gera????o:[1, 3, 12, 22, 33, 46, 49, 58, 62, 70] - 3938
gera????o: 10: 
[[1, 2, 3, 13, 22, 25, 33, 41, 45, 56, 63, 70] - 4007, [1, 3, 23, 33, 40, 44, 55, 58, 62, 70] - 4272, [1, 2, 3, 23, 31, 40, 44, 54, 61, 68, 70] - 4366, [1, 2, 9, 13, 23, 25, 26, 28, 35, 46, 49, 55, 58, 62, 70] - 4581, [1, 3, 13, 23, 31, 32, 37, 39, 53, 61, 63, 70] - 4623, [1, 4, 11, 20, 31, 41, 45, 47, 55, 57, 70] - 4643, [1, 3, 23, 31, 32, 40, 44, 56, 61, 65, 68, 70] - 4785, [1, 3, 5, 12, 14, 24, 27, 35, 46, 49, 55, 57, 70] - 4905, [1, 3, 13, 14, 25, 33, 39, 56, 57, 70] - 5011, [1, 2, 3, 12, 22, 24, 27, 28, 36, 48, 58, 62, 70] - 5146, [1, 3, 12, 22, 24, 36, 49, 55, 56, 57, 70] - 5283, [1, 4, 10, 20, 30, 32, 37, 38, 43, 51, 59, 60, 65, 68, 70] - 5505, [1, 4, 10, 20, 37, 42, 43, 52, 60, 64, 67, 68, 70] - 5606, [1, 2, 3, 12, 14, 24, 27, 28, 34, 46, 49, 55, 56, 61, 63, 70] - 5668, [1, 4, 10, 11, 20, 29, 37, 42, 50, 53, 60, 64, 66, 67, 68, 70] - 6113, [1, 2, 3, 13, 22, 23, 25, 33, 41, 45, 56, 60, 61, 65, 66, 67, 69, 70] - 6888, [1, 4, 11, 21, 31, 32, 40, 44, 56, 60, 61, 65, 66, 67, 68, 70] - 6958, [1, 4, 11, 21, 23, 25, 26, 31, 41, 45, 56, 60, 64, 65, 66, 67, 69, 70] - 7477]
melhor indiv??duo da gera????o:[1, 2, 3, 13, 22, 25, 33, 41, 45, 56, 63, 70] - 4007
melhor valor ?? da gera????o 7!!!!
______________________________________________________________________________________________________________________________
