gera????o: 1: 
[[1, 2, 9, 21, 31, 33, 46, 49, 55, 58, 62, 70] - 4253, [1, 4, 10, 20, 21, 31, 40, 41, 46, 49, 58, 62, 70] - 4962, [1, 3, 12, 14, 22, 23, 33, 47, 49, 58, 62, 70] - 3940, [1, 3, 9, 11, 21, 31, 32, 37, 42, 52, 59, 66, 67, 69, 70] - 5815, [1, 2, 3, 9, 21, 23, 25, 26, 33, 41, 45, 57, 70] - 4408, [1, 4, 11, 20, 32, 40, 41, 47, 56, 60, 61, 68, 70] - 6477, [1, 2, 3, 9, 13, 22, 25, 26, 33, 34, 46, 49, 58, 62, 70] - 4609, [1, 4, 11, 21, 31, 32, 37, 38, 43, 52, 60, 64, 66, 67, 68, 70] - 6187, [1, 3, 13, 40, 41, 46, 47, 56, 57, 70] - 4993, [1, 2, 3, 13, 31, 32, 39, 44, 55, 57, 70] - 4453, [1, 4, 10, 11, 21, 23, 31, 33, 46, 49, 58, 62, 70] - 4417, [1, 4, 10, 20, 30, 31, 32, 40, 41, 44, 53, 60, 61, 68, 70] - 5907, [1, 2, 3, 23, 25, 26, 31, 32, 37, 42, 43, 52, 60, 61, 68, 70] - 6346, [1, 2, 4, 10, 20, 32, 39, 44, 56, 61, 68, 70] - 4917, [1, 2, 4, 11, 21, 31, 33, 40, 44, 50, 53, 61, 65, 68, 70] - 5522, [1, 3, 13, 40, 41, 45, 56, 63, 70] - 3880, [1, 3, 5, 12, 13, 21, 31, 40, 44, 53, 61, 68, 70] - 4773, [1, 4, 11, 20, 39, 56, 63, 70] - 4426, [1, 3, 13, 22, 23, 31, 40, 41, 47, 49, 55, 58, 62, 70] - 4712, [1, 3, 5, 12, 14, 25, 33, 34, 46, 49, 55, 57, 70] - 4254, [1, 3, 23, 31, 32, 37, 39, 50, 53, 61, 65, 66, 67, 69, 70] - 6105, [1, 3, 9, 21, 31, 41, 46, 47, 49, 58, 62, 70] - 4714, [1, 2, 4, 10, 11, 20, 21, 31, 41, 47, 56, 61, 68, 70] - 5763, [1, 2, 3, 12, 22, 25, 33, 47, 56, 60, 64, 66, 67, 68, 70] - 6063, [1, 2, 9, 11, 20, 39, 44, 56, 60, 61, 65, 67, 69, 70] - 6680, [1, 4, 11, 21, 23, 31, 33, 39, 53, 54, 61, 65, 66, 67, 69, 70] - 6672, [1, 4, 11, 20, 21, 23, 31, 32, 40, 41, 46, 49, 58, 62, 70] - 5603, [1, 3, 12, 22, 24, 27, 28, 34, 35, 46, 49, 58, 62, 70] - 5172, [1, 2, 4, 10, 20, 31, 40, 41, 45, 47, 55, 58, 62, 70] - 4574, [1, 3, 23, 31, 32, 37, 38, 43, 51, 59, 64, 65, 68, 70] - 5612, [1, 4, 11, 21, 23, 31, 32, 37, 38, 43, 52, 53, 61, 63, 70] - 5442, [1, 2, 3, 5, 12, 14, 22, 33, 41, 47, 55, 56, 61, 65, 67, 68, 70] - 6289, [1, 4, 10, 20, 32, 39, 53, 54, 56, 63, 70] - 4342, [1, 2, 3, 9, 21, 31, 41, 45, 47, 56, 63, 70] - 4541, [1, 3, 13, 31, 41, 47, 56, 60, 65, 66, 67, 69, 70] - 6615, [1, 3, 12, 22, 24, 36, 49, 55, 56, 60, 65, 67, 69, 70] - 7057, [1, 3, 13, 14, 24, 26, 28, 36, 48, 49, 55, 58, 62, 70] - 5379, [1, 4, 10, 20, 37, 42, 43, 51, 59, 64, 67, 68, 70] - 5552, [1, 4, 11, 21, 22, 23, 33, 34, 35, 49, 55, 57, 70] - 4695, [1, 2, 3, 5, 6, 14, 22, 33, 47, 49, 58, 62, 70] - 4014]
melhor indiv??duo da gera????o:[1, 3, 13, 40, 41, 45, 56, 63, 70] - 3880
gera????o: 2: 
[[1, 4, 10, 20, 21, 31, 40, 41, 46, 49, 58, 62, 70] - 4962, [1, 3, 9, 11, 21, 31, 32, 37, 42, 52, 59, 66, 67, 69, 70] - 5815, [1, 4, 11, 20, 32, 40, 41, 47, 56, 60, 61, 68, 70] - 6477, [1, 4, 11, 21, 31, 32, 37, 38, 43, 52, 60, 64, 66, 67, 68, 70] - 6187, [1, 2, 3, 13, 31, 32, 39, 44, 55, 57, 70] - 4453, [1, 4, 10, 20, 30, 31, 32, 40, 41, 44, 53, 60, 61, 68, 70] - 5907, [1, 2, 4, 10, 20, 32, 39, 44, 56, 61, 68, 70] - 4917, [1, 3, 13, 40, 41, 45, 56, 63, 70] - 3880, [1, 4, 11, 20, 39, 56, 63, 70] - 4426, [1, 3, 5, 12, 14, 25, 33, 34, 46, 49, 55, 57, 70] - 4254, [1, 3, 9, 21, 31, 41, 46, 47, 49, 58, 62, 70] - 4714, [1, 2, 3, 12, 22, 25, 33, 47, 56, 60, 64, 66, 67, 68, 70] - 6063, [1, 4, 11, 21, 23, 31, 33, 39, 53, 54, 61, 65, 66, 67, 69, 70] - 6672, [1, 3, 12, 22, 24, 27, 28, 34, 35, 46, 49, 58, 62, 70] - 5172, [1, 3, 23, 31, 32, 37, 38, 43, 51, 59, 64, 65, 68, 70] - 5612, [1, 2, 3, 5, 12, 14, 22, 33, 41, 47, 55, 56, 61, 65, 67, 68, 70] - 6289, [1, 2, 3, 9, 21, 31, 41, 45, 47, 56, 63, 70] - 4541, [1, 3, 12, 22, 24, 36, 49, 55, 56, 60, 65, 67, 69, 70] - 7057, [1, 4, 10, 20, 37, 42, 43, 51, 59, 64, 67, 68, 70] - 5552, [1, 2, 3, 5, 6, 14, 22, 33, 47, 49, 58, 62, 70] - 4014, [1, 2, 3, 12, 22, 25, 33, 47, 56, 60, 64, 66, 67, 68, 70] - 6063, [1, 2, 3, 9, 21, 31, 41, 45, 47, 56, 63, 70] - 4541]
melhor indiv??duo da gera????o:[1, 3, 13, 40, 41, 45, 56, 63, 70] - 3880
gera????o: 3: 
[[1, 3, 9, 11, 21, 31, 32, 37, 42, 52, 59, 66, 67, 69, 70] - 5815, [1, 4, 11, 21, 31, 32, 37, 38, 43, 52, 60, 64, 66, 67, 68, 70] - 6187, [1, 4, 10, 20, 30, 31, 32, 40, 41, 44, 53, 60, 61, 68, 70] - 5907, [1, 3, 13, 40, 41, 45, 56, 63, 70] - 3880, [1, 3, 5, 12, 14, 25, 33, 34, 46, 49, 55, 57, 70] - 4254, [1, 2, 3, 12, 22, 25, 33, 47, 56, 60, 64, 66, 67, 68, 70] - 6063, [1, 3, 12, 22, 24, 27, 28, 34, 35, 46, 49, 58, 62, 70] - 5172, [1, 2, 3, 5, 12, 14, 22, 33, 41, 47, 55, 56, 61, 65, 67, 68, 70] - 6289, [1, 3, 12, 22, 24, 36, 49, 55, 56, 60, 65, 67, 69, 70] - 7057, [1, 2, 3, 5, 6, 14, 22, 33, 47, 49, 58, 62, 70] - 4014, [1, 2, 3, 9, 21, 31, 41, 45, 47, 56, 63, 70] - 4541, [1, 3, 13, 40, 41, 45, 56, 63, 70] - 3880]
melhor indiv??duo da gera????o:[1, 3, 13, 40, 41, 45, 56, 63, 70] - 3880
______________________________________________________________________________________________________________________________
