gera????o: 1: 
[[1, 2, 3, 9, 13, 21, 22, 23, 31, 40, 41, 47, 49, 58, 62, 70] - 4931, [1, 2, 9, 11, 21, 23, 31, 41, 47, 49, 58, 62, 70] - 4380, [1, 3, 23, 31, 40, 44, 55, 57, 70] - 4026, [1, 4, 10, 20, 31, 32, 40, 41, 47, 49, 58, 62, 70] - 4762, [1, 4, 10, 20, 29, 37, 38, 43, 51, 59, 66, 67, 69, 70] - 5627, [1, 2, 4, 11, 20, 37, 42, 50, 53, 54, 61, 63, 70] - 4725, [1, 2, 4, 11, 20, 31, 41, 44, 50, 53, 60, 64, 67, 68, 70] - 6444, [1, 2, 3, 23, 33, 49, 58, 62, 70] - 3590, [1, 2, 4, 11, 21, 23, 33, 47, 49, 58, 62, 70] - 4124, [1, 2, 3, 12, 14, 26, 34, 46, 47, 56, 60, 61, 63, 70] - 5496, [1, 2, 9, 13, 31, 40, 44, 54, 61, 63, 70] - 3744, [1, 3, 12, 14, 26, 34, 35, 36, 48, 49, 55, 57, 70] - 4536, [1, 4, 10, 11, 20, 39, 50, 53, 61, 65, 66, 67, 68, 70] - 6244, [1, 2, 3, 5, 12, 14, 17, 26, 34, 35, 46, 49, 58, 62, 70] - 4764, [1, 2, 3, 13, 23, 25, 26, 34, 46, 49, 55, 57, 70] - 4221, [1, 4, 11, 21, 22, 24, 36, 48, 49, 55, 56, 63, 70] - 5580, [1, 2, 9, 13, 22, 33, 40, 41, 44, 45, 47, 56, 60, 61, 68, 70] - 6433, [1, 4, 10, 20, 31, 41, 45, 56, 60, 64, 66, 67, 68, 70] - 6285, [1, 2, 3, 23, 33, 46, 47, 56, 61, 65, 66, 67, 69, 70] - 6159, [1, 4, 10, 20, 29, 38, 43, 51, 59, 60, 64, 67, 68, 70] - 5678, [1, 3, 12, 13, 14, 25, 26, 34, 35, 46, 47, 55, 56, 61, 68, 70] - 5510, [1, 4, 11, 21, 31, 32, 40, 44, 56, 57, 70] - 4283, [1, 3, 23, 25, 33, 40, 44, 56, 61, 68, 70] - 4631, [1, 3, 9, 11, 20, 29, 37, 38, 43, 52, 60, 61, 65, 68, 70] - 5969, [1, 3, 5, 12, 13, 40, 44, 50, 53, 54, 61, 68, 70] - 4552, [1, 2, 4, 11, 21, 23, 33, 41, 46, 49, 55, 57, 70] - 4702, [1, 2, 9, 21, 23, 31, 41, 45, 57, 70] - 3925, [1, 3, 12, 14, 22, 25, 26, 28, 35, 46, 47, 55, 58, 62, 70] - 4521, [1, 4, 10, 20, 37, 39, 40, 41, 45, 56, 57, 70] - 4496, [1, 4, 10, 20, 32, 40, 41, 47, 55, 56, 63, 70] - 4713, [1, 4, 10, 20, 39, 56, 60, 64, 67, 68, 70] - 6005, [1, 2, 4, 10, 11, 21, 22, 25, 26, 33, 47, 55, 56, 57, 70] - 4864, [1, 2, 9, 21, 31, 32, 40, 41, 45, 56, 60, 64, 67, 69, 70] - 5654, [1, 4, 10, 11, 20, 29, 38, 43, 51, 59, 66, 67, 68, 70] - 5994, [1, 3, 9, 21, 31, 41, 44, 45, 47, 55, 58, 62, 70] - 4474, [1, 3, 12, 13, 40, 41, 44, 56, 57, 70] - 4258, [1, 4, 11, 21, 22, 33, 34, 46, 47, 55, 56, 60, 61, 65, 67, 68, 70] - 7486, [1, 4, 10, 11, 21, 22, 25, 33, 41, 44, 50, 53, 60, 61, 65, 68, 70] - 5811, [1, 2, 3, 23, 25, 33, 46, 49, 58, 62, 70] - 4179, [1, 2, 3, 5, 12, 22, 33, 47, 49, 58, 62, 70] - 3930]
melhor indiv??duo da gera????o:[1, 2, 3, 23, 33, 49, 58, 62, 70] - 3590
gera????o: 2: 
[[1, 2, 9, 11, 21, 23, 31, 41, 47, 49, 58, 62, 70] - 4380, [1, 4, 10, 20, 31, 32, 40, 41, 47, 49, 58, 62, 70] - 4762, [1, 2, 4, 11, 20, 37, 42, 50, 53, 54, 61, 63, 70] - 4725, [1, 2, 3, 23, 33, 49, 58, 62, 70] - 3590, [1, 2, 3, 12, 14, 26, 34, 46, 47, 56, 60, 61, 63, 70] - 5496, [1, 3, 12, 14, 26, 34, 35, 36, 48, 49, 55, 57, 70] - 4536, [1, 2, 3, 5, 12, 14, 17, 26, 34, 35, 46, 49, 58, 62, 70] - 4764, [1, 4, 11, 21, 22, 24, 36, 48, 49, 55, 56, 63, 70] - 5580, [1, 4, 10, 20, 31, 41, 45, 56, 60, 64, 66, 67, 68, 70] - 6285, [1, 4, 10, 20, 29, 38, 43, 51, 59, 60, 64, 67, 68, 70] - 5678, [1, 4, 11, 21, 31, 32, 40, 44, 56, 57, 70] - 4283, [1, 3, 9, 11, 20, 29, 37, 38, 43, 52, 60, 61, 65, 68, 70] - 5969, [1, 2, 4, 11, 21, 23, 33, 41, 46, 49, 55, 57, 70] - 4702, [1, 3, 12, 14, 22, 25, 26, 28, 35, 46, 47, 55, 58, 62, 70] - 4521, [1, 4, 10, 20, 32, 40, 41, 47, 55, 56, 63, 70] - 4713, [1, 2, 4, 10, 11, 21, 22, 25, 26, 33, 47, 55, 56, 57, 70] - 4864, [1, 4, 10, 11, 20, 29, 38, 43, 51, 59, 66, 67, 68, 70] - 5994, [1, 3, 12, 13, 40, 41, 44, 56, 57, 70] - 4258, [1, 4, 10, 11, 21, 22, 25, 33, 41, 44, 50, 53, 60, 61, 65, 68, 70] - 5811, [1, 2, 3, 5, 12, 22, 33, 47, 49, 58, 62, 70] - 3930, [1, 4, 11, 20, 31, 41, 47, 56, 57, 70] - 5285, [1, 4, 11, 21, 22, 23, 31, 33, 34, 41, 45, 56, 63, 70] - 5044, [1, 2, 9, 13, 31, 33, 46, 47, 55, 58, 62, 70] - 4130, [1, 3, 13, 40, 41, 45, 56, 61, 63, 70] - 4091, [1, 4, 10, 11, 21, 31, 33, 34, 35, 36, 49, 55, 56, 60, 65, 67, 68, 70] - 7517, [1, 3, 9, 13, 22, 33, 47, 56, 60, 65, 68, 70] - 5435, [1, 2, 4, 11, 21, 23, 31, 32, 37, 42, 50, 53, 54, 61, 63, 70] - 5061]
melhor indiv??duo da gera????o:[1, 2, 3, 23, 33, 49, 58, 62, 70] - 3590
gera????o: 3: 
[[1, 4, 10, 20, 31, 32, 40, 41, 47, 49, 58, 62, 70] - 4762, [1, 2, 3, 23, 33, 49, 58, 62, 70] - 3590, [1, 3, 12, 14, 26, 34, 35, 36, 48, 49, 55, 57, 70] - 4536, [1, 4, 11, 21, 22, 24, 36, 48, 49, 55, 56, 63, 70] - 5580, [1, 4, 10, 20, 29, 38, 43, 51, 59, 60, 64, 67, 68, 70] - 5678, [1, 3, 9, 11, 20, 29, 37, 38, 43, 52, 60, 61, 65, 68, 70] - 5969, [1, 3, 12, 14, 22, 25, 26, 28, 35, 46, 47, 55, 58, 62, 70] - 4521, [1, 2, 4, 10, 11, 21, 22, 25, 26, 33, 47, 55, 56, 57, 70] - 4864, [1, 3, 12, 13, 40, 41, 44, 56, 57, 70] - 4258, [1, 2, 3, 5, 12, 22, 33, 47, 49, 58, 62, 70] - 3930, [1, 4, 11, 21, 22, 23, 31, 33, 34, 41, 45, 56, 63, 70] - 5044, [1, 3, 13, 40, 41, 45, 56, 61, 63, 70] - 4091, [1, 3, 9, 13, 22, 33, 47, 56, 60, 65, 68, 70] - 5435, [1, 2, 4, 10, 11, 20, 39, 42, 51, 59, 64, 67, 68, 70] - 6236, [1, 2, 9, 21, 23, 25, 26, 28, 35, 36, 49, 58, 62, 70] - 4514, [1, 3, 23, 25, 26, 34, 41, 44, 53, 54, 56, 61, 63, 70] - 5100, [1, 2, 9, 11, 21, 31, 41, 47, 49, 58, 62, 70] - 4171, [1, 2, 4, 10, 20, 31, 33, 49, 58, 62, 70] - 4140]
melhor indiv??duo da gera????o:[1, 2, 3, 23, 33, 49, 58, 62, 70] - 3590
gera????o: 4: 
[[1, 2, 3, 23, 33, 49, 58, 62, 70] - 3590, [1, 4, 11, 21, 22, 24, 36, 48, 49, 55, 56, 63, 70] - 5580, [1, 3, 9, 11, 20, 29, 37, 38, 43, 52, 60, 61, 65, 68, 70] - 5969, [1, 2, 4, 10, 11, 21, 22, 25, 26, 33, 47, 55, 56, 57, 70] - 4864, [1, 2, 3, 5, 12, 22, 33, 47, 49, 58, 62, 70] - 3930, [1, 3, 13, 40, 41, 45, 56, 61, 63, 70] - 4091, [1, 2, 4, 10, 11, 20, 39, 42, 51, 59, 64, 67, 68, 70] - 6236, [1, 3, 23, 25, 26, 34, 41, 44, 53, 54, 56, 61, 63, 70] - 5100, [1, 2, 4, 10, 20, 31, 33, 49, 58, 62, 70] - 4140, [1, 4, 10, 20, 37, 42, 43, 52, 53, 61, 65, 68, 70] - 5432, [1, 2, 9, 11, 21, 22, 33, 40, 44, 56, 57, 70] - 4371, [1, 2, 9, 13, 31, 40, 44, 55, 57, 70] - 3877, [1, 4, 10, 11, 21, 31, 41, 47, 56, 60, 64, 67, 68, 70] - 6344, [1, 3, 23, 33, 47, 55, 57, 70] - 3429, [1, 4, 11, 20, 21, 23, 33, 47, 49, 58, 62, 70] - 4739, [1, 2, 3, 5, 6, 22, 33, 47, 56, 60, 61, 65, 67, 68, 70] - 6702]
melhor indiv??duo da gera????o:[1, 3, 23, 33, 47, 55, 57, 70] - 3429
gera????o: 5: 
[[1, 4, 11, 21, 22, 24, 36, 48, 49, 55, 56, 63, 70] - 5580, [1, 2, 4, 10, 11, 21, 22, 25, 26, 33, 47, 55, 56, 57, 70] - 4864, [1, 3, 13, 40, 41, 45, 56, 61, 63, 70] - 4091, [1, 3, 23, 25, 26, 34, 41, 44, 53, 54, 56, 61, 63, 70] - 5100, [1, 4, 10, 20, 37, 42, 43, 52, 53, 61, 65, 68, 70] - 5432, [1, 2, 9, 13, 31, 40, 44, 55, 57, 70] - 3877, [1, 3, 23, 33, 47, 55, 57, 70] - 3429, [1, 2, 3, 5, 6, 22, 33, 47, 56, 60, 61, 65, 67, 68, 70] - 6702, [1, 3, 5, 12, 13, 23, 33, 47, 55, 56, 60, 61, 63, 70] - 5178, [1, 3, 12, 14, 26, 34, 46, 49, 58, 62, 70] - 3829, [1, 3, 12, 14, 26, 33, 39, 42, 50, 53, 54, 61, 63, 70] - 5309, [1, 2, 9, 21, 23, 31, 40, 44, 55, 58, 62, 70] - 4239, [1, 4, 10, 11, 21, 23, 33, 47, 55, 58, 62, 70] - 3823, [1, 2, 4, 11, 21, 22, 25, 33, 39, 40, 41, 45, 57, 70] - 5057]
melhor indiv??duo da gera????o:[1, 3, 23, 33, 47, 55, 57, 70] - 3429
gera????o: 6: 
[[1, 2, 4, 10, 11, 21, 22, 25, 26, 33, 47, 55, 56, 57, 70] - 4864, [1, 3, 23, 25, 26, 34, 41, 44, 53, 54, 56, 61, 63, 70] - 5100, [1, 2, 9, 13, 31, 40, 44, 55, 57, 70] - 3877, [1, 2, 3, 5, 6, 22, 33, 47, 56, 60, 61, 65, 67, 68, 70] - 6702, [1, 3, 12, 14, 26, 34, 46, 49, 58, 62, 70] - 3829, [1, 2, 9, 21, 23, 31, 40, 44, 55, 58, 62, 70] - 4239, [1, 2, 4, 11, 21, 22, 25, 33, 39, 40, 41, 45, 57, 70] - 5057, [1, 4, 11, 20, 21, 31, 40, 44, 45, 57, 70] - 4734, [1, 2, 4, 11, 20, 21, 22, 33, 46, 47, 55, 57, 70] - 5083, [1, 2, 9, 21, 22, 24, 34, 35, 36, 48, 58, 62, 70] - 4998, [1, 2, 3, 23, 25, 26, 34, 35, 36, 48, 58, 62, 70] - 4572, [1, 2, 9, 11, 21, 23, 31, 40, 41, 45, 56, 57, 70] - 4288]
melhor indiv??duo da gera????o:[1, 3, 12, 14, 26, 34, 46, 49, 58, 62, 70] - 3829
gera????o: 7: 
[[1, 3, 23, 25, 26, 34, 41, 44, 53, 54, 56, 61, 63, 70] - 5100, [1, 2, 3, 5, 6, 22, 33, 47, 56, 60, 61, 65, 67, 68, 70] - 6702, [1, 2, 9, 21, 23, 31, 40, 44, 55, 58, 62, 70] - 4239, [1, 4, 11, 20, 21, 31, 40, 44, 45, 57, 70] - 4734, [1, 2, 9, 21, 22, 24, 34, 35, 36, 48, 58, 62, 70] - 4998, [1, 2, 9, 11, 21, 23, 31, 40, 41, 45, 56, 57, 70] - 4288, [1, 4, 10, 11, 20, 29, 38, 43, 51, 59, 64, 66, 67, 68, 70] - 6080, [1, 3, 13, 23, 25, 26, 34, 46, 49, 58, 62, 70] - 4004, [1, 2, 3, 13, 31, 40, 41, 45, 47, 56, 61, 63, 70] - 4692, [1, 2, 4, 10, 11, 20, 31, 32, 37, 39, 40, 44, 45, 47, 55, 58, 62, 70] - 5474]
melhor indiv??duo da gera????o:[1, 3, 13, 23, 25, 26, 34, 46, 49, 58, 62, 70] - 4004
gera????o: 8: 
[[1, 2, 3, 5, 6, 22, 33, 47, 56, 60, 61, 65, 67, 68, 70] - 6702, [1, 4, 11, 20, 21, 31, 40, 44, 45, 57, 70] - 4734, [1, 2, 9, 11, 21, 23, 31, 40, 41, 45, 56, 57, 70] - 4288, [1, 3, 13, 23, 25, 26, 34, 46, 49, 58, 62, 70] - 4004, [1, 2, 4, 10, 11, 20, 31, 32, 37, 39, 40, 44, 45, 47, 55, 58, 62, 70] - 5474, [1, 3, 5, 6, 8, 15, 17, 18, 24, 26, 31, 32, 37, 38, 43, 52, 59, 66, 67, 68, 70] - 8083, [1, 4, 10, 20, 32, 37, 38, 43, 52, 53, 54, 56, 63, 70] - 5176, [1, 3, 9, 21, 22, 23, 25, 26, 31, 33, 34, 46, 49, 55, 57, 70] - 5364, [1, 3, 12, 13, 31, 32, 37, 39, 56, 63, 70] - 4317]
melhor indiv??duo da gera????o:[1, 3, 13, 23, 25, 26, 34, 46, 49, 58, 62, 70] - 4004
gera????o: 9: 
[[1, 4, 11, 20, 21, 31, 40, 44, 45, 57, 70] - 4734, [1, 3, 13, 23, 25, 26, 34, 46, 49, 58, 62, 70] - 4004, [1, 3, 5, 6, 8, 15, 17, 18, 24, 26, 31, 32, 37, 38, 43, 52, 59, 66, 67, 68, 70] - 8083, [1, 3, 9, 21, 22, 23, 25, 26, 31, 33, 34, 46, 49, 55, 57, 70] - 5364, [1, 4, 10, 11, 21, 22, 33, 41, 47, 49, 58, 62, 70] - 4447, [1, 2, 4, 11, 21, 22, 25, 26, 31, 33, 34, 35, 36, 48, 49, 58, 62, 70] - 5934, [1, 2, 3, 23, 25, 26, 31, 41, 46, 49, 58, 62, 70] - 5243, [1, 3, 12, 13, 23, 25, 26, 34, 46, 49, 55, 56, 57, 70] - 4789]
melhor indiv??duo da gera????o:[1, 3, 13, 23, 25, 26, 34, 46, 49, 58, 62, 70] - 4004
gera????o: 10: 
[[1, 3, 13, 23, 25, 26, 34, 46, 49, 58, 62, 70] - 4004, [1, 3, 9, 21, 22, 23, 25, 26, 31, 33, 34, 46, 49, 55, 57, 70] - 5364, [1, 2, 4, 11, 21, 22, 25, 26, 31, 33, 34, 35, 36, 48, 49, 58, 62, 70] - 5934, [1, 3, 12, 13, 23, 25, 26, 34, 46, 49, 55, 56, 57, 70] - 4789, [1, 3, 12, 14, 24, 28, 36, 49, 58, 62, 70] - 4461, [1, 4, 11, 21, 23, 33, 46, 47, 49, 58, 62, 70] - 4474]
melhor indiv??duo da gera????o:[1, 3, 13, 23, 25, 26, 34, 46, 49, 58, 62, 70] - 4004
melhor valor ?? da gera????o 2!!!!
______________________________________________________________________________________________________________________________
