gera????o: 1: 
[[1, 3, 23, 33, 47, 49, 58, 62, 70] - 3717, [1, 3, 12, 13, 31, 41, 45, 57, 70] - 3780, [1, 3, 5, 6, 17, 26, 33, 47, 55, 58, 62, 70] - 3966, [1, 4, 10, 11, 21, 23, 25, 33, 49, 55, 58, 62, 70] - 4097, [1, 4, 11, 21, 22, 23, 33, 49, 55, 58, 62, 70] - 4150, [1, 4, 10, 11, 20, 32, 40, 44, 56, 63, 70] - 4272, [1, 3, 12, 22, 24, 34, 46, 49, 58, 62, 70] - 4325, [1, 4, 11, 21, 22, 33, 46, 49, 58, 62, 70] - 4342, [1, 2, 9, 21, 31, 40, 44, 50, 53, 54, 56, 57, 70] - 4349, [1, 2, 9, 21, 22, 33, 40, 44, 56, 57, 70] - 4355, [1, 3, 23, 33, 47, 56, 61, 68, 70] - 4375, [1, 3, 5, 6, 14, 26, 28, 34, 46, 47, 56, 63, 70] - 4403, [1, 4, 11, 21, 22, 23, 31, 41, 44, 56, 63, 70] - 4533, [1, 2, 4, 10, 11, 20, 37, 39, 44, 45, 57, 70] - 4537, [1, 3, 9, 13, 23, 31, 41, 47, 49, 55, 57, 70] - 4553, [1, 2, 9, 13, 14, 17, 24, 28, 35, 46, 49, 55, 57, 70] - 4626, [1, 2, 9, 11, 20, 32, 39, 40, 44, 54, 61, 68, 70] - 4787, [1, 4, 10, 20, 39, 53, 54, 61, 65, 68, 70] - 4870, [1, 3, 23, 25, 33, 34, 46, 47, 49, 55, 56, 63, 70] - 4929, [1, 4, 10, 20, 29, 37, 38, 43, 51, 59, 60, 61, 63, 70] - 5003, [1, 3, 13, 31, 33, 41, 46, 47, 56, 57, 70] - 5020, [1, 2, 4, 10, 20, 32, 39, 50, 53, 54, 61, 65, 68, 70] - 5097, [1, 4, 10, 11, 21, 23, 25, 33, 39, 53, 54, 56, 57, 70] - 5132, [1, 3, 9, 11, 20, 39, 42, 50, 53, 61, 68, 70] - 5290, [1, 4, 11, 20, 37, 38, 43, 52, 53, 54, 56, 57, 70] - 5304, [1, 4, 10, 11, 20, 21, 31, 32, 40, 41, 44, 45, 56, 61, 63, 70] - 5338, [1, 2, 3, 9, 13, 21, 22, 33, 40, 41, 46, 47, 49, 55, 58, 62, 70] - 5656, [1, 3, 13, 31, 32, 39, 56, 60, 64, 67, 69, 70] - 5781, [1, 4, 11, 20, 29, 37, 42, 50, 53, 60, 64, 65, 68, 70] - 5791, [1, 4, 10, 20, 30, 31, 32, 39, 44, 50, 53, 60, 64, 67, 69, 70] - 6021, [1, 2, 3, 9, 13, 31, 32, 39, 53, 61, 65, 66, 67, 68, 70] - 6163, [1, 4, 10, 11, 20, 39, 40, 44, 54, 61, 65, 66, 67, 68, 70] - 6219, [1, 4, 11, 20, 31, 40, 44, 54, 56, 61, 65, 66, 67, 69, 70] - 6298, [1, 4, 10, 11, 21, 23, 31, 41, 44, 53, 54, 61, 65, 67, 68, 70] - 6309, [1, 4, 10, 20, 30, 32, 37, 38, 43, 51, 59, 60, 65, 66, 67, 69, 70] - 6419, [1, 4, 11, 21, 31, 32, 37, 42, 52, 60, 61, 65, 66, 67, 69, 70] - 6439, [1, 2, 3, 13, 31, 40, 41, 44, 56, 60, 65, 66, 67, 69, 70] - 6448, [1, 4, 10, 20, 21, 22, 23, 31, 32, 37, 38, 43, 51, 59, 64, 66, 67, 69, 70] - 6667, [1, 3, 13, 21, 31, 32, 40, 41, 46, 47, 56, 60, 64, 67, 68, 70] - 6891, [1, 4, 10, 20, 39, 44, 45, 47, 49, 55, 56, 60, 65, 66, 67, 68, 70] - 7705]
melhor indiv??duo da gera????o:[1, 3, 23, 33, 47, 49, 58, 62, 70] - 3717
gera????o: 2: 
[[1, 3, 12, 13, 31, 41, 45, 57, 70] - 3780, [1, 2, 9, 11, 21, 23, 33, 41, 45, 47, 55, 58, 62, 70] - 3999, [1, 3, 13, 23, 33, 46, 47, 55, 58, 62, 70] - 4091, [1, 4, 11, 21, 22, 23, 33, 49, 55, 58, 62, 70] - 4150, [1, 3, 12, 22, 24, 34, 46, 49, 58, 62, 70] - 4325, [1, 2, 9, 21, 31, 40, 44, 50, 53, 54, 56, 57, 70] - 4349, [1, 3, 23, 33, 47, 56, 61, 68, 70] - 4375, [1, 4, 11, 21, 22, 23, 31, 41, 44, 56, 63, 70] - 4533, [1, 3, 9, 13, 23, 31, 41, 47, 49, 55, 57, 70] - 4553, [1, 2, 4, 11, 21, 22, 23, 33, 34, 41, 45, 57, 70] - 4765, [1, 2, 9, 11, 20, 32, 39, 40, 44, 54, 61, 68, 70] - 4787, [1, 3, 23, 31, 32, 39, 40, 41, 46, 49, 58, 62, 70] - 4842, [1, 3, 12, 13, 22, 23, 31, 40, 44, 55, 56, 57, 70] - 4886, [1, 3, 23, 25, 33, 39, 53, 54, 61, 68, 70] - 4999, [1, 3, 13, 31, 33, 41, 46, 47, 56, 57, 70] - 5020, [1, 4, 10, 11, 21, 23, 25, 33, 39, 53, 54, 56, 57, 70] - 5132, [1, 3, 9, 11, 20, 39, 42, 50, 53, 61, 68, 70] - 5290, [1, 4, 10, 11, 20, 21, 31, 32, 40, 41, 44, 45, 56, 61, 63, 70] - 5338, [1, 2, 3, 9, 13, 21, 22, 33, 40, 41, 46, 47, 49, 55, 58, 62, 70] - 5656, [1, 4, 11, 20, 30, 31, 33, 40, 41, 47, 56, 57, 70] - 5743, [1, 4, 11, 20, 29, 37, 42, 50, 53, 60, 64, 65, 68, 70] - 5791, [1, 4, 10, 20, 30, 31, 32, 39, 44, 50, 53, 60, 64, 67, 69, 70] - 6021, [1, 2, 3, 9, 13, 31, 32, 39, 53, 61, 65, 66, 67, 68, 70] - 6163, [1, 4, 11, 20, 31, 40, 44, 54, 56, 61, 65, 66, 67, 69, 70] - 6298, [1, 4, 10, 20, 30, 32, 37, 38, 43, 51, 59, 60, 65, 66, 67, 69, 70] - 6419, [1, 2, 3, 13, 31, 40, 41, 44, 56, 60, 65, 66, 67, 69, 70] - 6448, [1, 3, 13, 21, 31, 32, 40, 41, 46, 47, 56, 60, 64, 67, 68, 70] - 6891]
melhor indiv??duo da gera????o:[1, 3, 12, 13, 31, 41, 45, 57, 70] - 3780
gera????o: 3: 
[[1, 3, 23, 25, 26, 34, 46, 49, 58, 62, 70] - 3911, [1, 3, 13, 23, 33, 46, 47, 55, 58, 62, 70] - 4091, [1, 3, 12, 22, 24, 34, 46, 49, 58, 62, 70] - 4325, [1, 3, 23, 33, 47, 56, 61, 68, 70] - 4375, [1, 4, 11, 21, 22, 23, 31, 41, 44, 56, 63, 70] - 4533, [1, 2, 3, 13, 21, 31, 41, 45, 47, 56, 63, 70] - 4566, [1, 2, 9, 11, 20, 32, 39, 40, 44, 54, 61, 68, 70] - 4787, [1, 4, 11, 20, 37, 39, 53, 61, 68, 70] - 4864, [1, 3, 12, 13, 22, 23, 31, 40, 44, 55, 56, 57, 70] - 4886, [1, 3, 23, 25, 33, 39, 53, 54, 61, 68, 70] - 4999, [1, 3, 13, 31, 33, 41, 46, 47, 56, 57, 70] - 5020, [1, 3, 9, 11, 20, 39, 42, 50, 53, 61, 68, 70] - 5290, [1, 2, 3, 9, 13, 21, 22, 33, 40, 41, 46, 47, 49, 55, 58, 62, 70] - 5656, [1, 4, 11, 20, 29, 37, 42, 50, 53, 60, 64, 65, 68, 70] - 5791, [1, 4, 10, 20, 21, 23, 31, 32, 39, 53, 60, 64, 67, 68, 70] - 6157, [1, 3, 13, 21, 23, 31, 32, 37, 38, 43, 51, 59, 60, 65, 67, 69, 70] - 6216, [1, 4, 10, 20, 30, 32, 37, 38, 43, 51, 59, 60, 65, 66, 67, 69, 70] - 6419, [1, 3, 13, 21, 31, 32, 40, 41, 46, 47, 56, 60, 64, 67, 68, 70] - 6891]
melhor indiv??duo da gera????o:[1, 3, 23, 25, 26, 34, 46, 49, 58, 62, 70] - 3911
gera????o: 4: 
[[1, 3, 12, 14, 25, 26, 34, 46, 49, 58, 62, 70] - 3930, [1, 3, 13, 23, 33, 46, 47, 55, 58, 62, 70] - 4091, [1, 3, 23, 33, 47, 56, 61, 68, 70] - 4375, [1, 2, 3, 13, 21, 31, 41, 45, 47, 56, 63, 70] - 4566, [1, 3, 5, 12, 14, 24, 27, 28, 35, 49, 58, 62, 70] - 4770, [1, 4, 10, 20, 30, 32, 37, 42, 50, 53, 54, 61, 63, 70] - 4828, [1, 3, 12, 13, 22, 23, 31, 40, 44, 55, 56, 57, 70] - 4886, [1, 3, 23, 25, 33, 39, 53, 54, 61, 68, 70] - 4999, [1, 4, 11, 21, 23, 25, 26, 31, 40, 41, 47, 55, 57, 70] - 5042, [1, 3, 9, 11, 20, 39, 42, 50, 53, 61, 68, 70] - 5290, [1, 4, 10, 20, 29, 38, 43, 51, 59, 64, 67, 69, 70] - 5524, [1, 2, 3, 9, 13, 21, 22, 33, 40, 41, 46, 47, 49, 55, 58, 62, 70] - 5656, [1, 4, 11, 20, 29, 37, 42, 50, 53, 60, 64, 65, 68, 70] - 5791, [1, 3, 23, 25, 33, 39, 50, 53, 60, 65, 67, 68, 70] - 6165, [1, 2, 9, 21, 31, 32, 37, 42, 50, 53, 61, 65, 66, 67, 68, 70] - 6285, [1, 3, 13, 21, 31, 32, 40, 41, 46, 47, 56, 60, 64, 67, 68, 70] - 6891]
melhor indiv??duo da gera????o:[1, 3, 12, 14, 25, 26, 34, 46, 49, 58, 62, 70] - 3930
gera????o: 5: 
[[1, 3, 12, 14, 25, 26, 34, 46, 49, 58, 62, 70] - 3930, [1, 4, 10, 11, 21, 23, 25, 33, 47, 49, 58, 62, 70] - 4131, [1, 3, 23, 33, 47, 56, 61, 68, 70] - 4375, [1, 2, 9, 21, 22, 24, 26, 33, 47, 49, 58, 62, 70] - 4747, [1, 4, 10, 20, 30, 32, 37, 42, 50, 53, 54, 61, 63, 70] - 4828, [1, 3, 23, 25, 33, 39, 53, 54, 61, 68, 70] - 4999, [1, 4, 11, 20, 37, 38, 43, 51, 59, 60, 61, 63, 70] - 5114, [1, 3, 9, 11, 20, 39, 42, 50, 53, 61, 68, 70] - 5290, [1, 4, 10, 20, 29, 38, 43, 51, 59, 64, 67, 69, 70] - 5524, [1, 4, 11, 20, 29, 37, 42, 50, 53, 60, 64, 65, 68, 70] - 5791, [1, 4, 11, 21, 31, 32, 37, 38, 43, 51, 59, 60, 65, 67, 69, 70] - 6086, [1, 2, 9, 21, 31, 32, 37, 42, 50, 53, 61, 65, 66, 67, 68, 70] - 6285, [1, 2, 9, 21, 22, 24, 26, 33, 46, 47, 55, 56, 60, 61, 68, 70] - 6853, [1, 4, 10, 11, 21, 22, 24, 28, 34, 41, 47, 55, 56, 60, 61, 68, 70] - 6984]
melhor indiv??duo da gera????o:[1, 3, 12, 14, 25, 26, 34, 46, 49, 58, 62, 70] - 3930
gera????o: 6: 
[[1, 3, 5, 12, 13, 31, 33, 47, 49, 58, 62, 70] - 3950, [1, 4, 10, 11, 21, 23, 25, 33, 47, 49, 58, 62, 70] - 4131, [1, 3, 9, 21, 22, 23, 33, 46, 47, 49, 58, 62, 70] - 4507, [1, 4, 10, 20, 30, 32, 37, 42, 50, 53, 54, 61, 63, 70] - 4828, [1, 4, 11, 20, 37, 38, 43, 51, 59, 60, 61, 63, 70] - 5114, [1, 3, 9, 11, 20, 39, 42, 50, 53, 61, 68, 70] - 5290, [1, 2, 3, 12, 13, 22, 25, 26, 34, 41, 47, 55, 56, 61, 68, 70] - 5476, [1, 4, 11, 20, 29, 37, 42, 50, 53, 60, 64, 65, 68, 70] - 5791, [1, 4, 11, 20, 37, 39, 53, 61, 65, 66, 67, 69, 70] - 6088, [1, 2, 4, 11, 20, 39, 56, 60, 65, 66, 67, 69, 70] - 6795, [1, 4, 10, 11, 21, 22, 24, 28, 34, 41, 47, 55, 56, 60, 61, 68, 70] - 6984, [1, 4, 10, 11, 21, 23, 33, 41, 44, 45, 47, 56, 60, 61, 65, 66, 67, 68, 70] - 7649]
melhor indiv??duo da gera????o:[1, 3, 5, 12, 13, 31, 33, 47, 49, 58, 62, 70] - 3950
______________________________________________________________________________________________________________________________
