gera????o: 1: 
[[1, 2, 9, 11, 21, 22, 24, 26, 28, 35, 49, 58, 62, 70] - 4757, [1, 4, 11, 21, 23, 25, 26, 34, 41, 47, 56, 57, 70] - 5283, [1, 2, 9, 13, 22, 33, 34, 35, 46, 47, 55, 58, 62, 70] - 4538, [1, 4, 10, 11, 21, 22, 25, 26, 33, 34, 35, 46, 49, 55, 57, 70] - 5090, [1, 2, 9, 11, 21, 23, 33, 40, 41, 44, 55, 57, 70] - 4503, [1, 3, 5, 12, 14, 26, 28, 36, 48, 58, 62, 70] - 4336, [1, 3, 5, 12, 14, 22, 25, 33, 49, 58, 62, 70] - 3718, [1, 4, 11, 21, 22, 33, 41, 46, 49, 55, 56, 63, 70] - 5213, [1, 4, 10, 20, 39, 40, 44, 56, 60, 65, 68, 70] - 5528, [1, 4, 10, 20, 37, 42, 52, 60, 65, 66, 67, 68, 70] - 5733, [1, 2, 3, 12, 13, 23, 25, 26, 33, 40, 41, 44, 54, 56, 57, 70] - 5154, [1, 3, 23, 25, 33, 49, 55, 57, 70] - 3703, [1, 3, 13, 23, 31, 32, 39, 50, 53, 61, 65, 67, 69, 70] - 5666, [1, 4, 10, 11, 21, 22, 24, 28, 36, 49, 55, 57, 70] - 4880, [1, 3, 23, 25, 26, 34, 41, 46, 49, 58, 62, 70] - 4752, [1, 2, 9, 11, 20, 37, 39, 50, 53, 61, 65, 68, 70] - 4942, [1, 2, 3, 13, 14, 24, 34, 41, 44, 53, 54, 56, 60, 65, 68, 70] - 7016, [1, 2, 3, 9, 21, 31, 33, 39, 40, 44, 53, 54, 56, 61, 68, 70] - 5917, [1, 4, 10, 11, 21, 22, 25, 33, 39, 42, 50, 53, 60, 61, 68, 70] - 6179, [1, 2, 9, 13, 21, 31, 41, 46, 49, 55, 57, 70] - 4491, [1, 4, 11, 21, 31, 41, 45, 57, 70] - 3975, [1, 3, 13, 40, 44, 45, 56, 61, 63, 70] - 4124, [1, 4, 10, 20, 30, 31, 33, 46, 47, 49, 55, 58, 62, 70] - 5015, [1, 4, 11, 20, 31, 41, 47, 49, 55, 57, 70] - 5024, [1, 2, 3, 13, 40, 44, 50, 53, 61, 68, 70] - 4679, [1, 3, 23, 33, 49, 55, 58, 62, 70] - 3683, [1, 4, 11, 21, 23, 33, 47, 56, 61, 63, 70] - 4365, [1, 2, 3, 13, 23, 31, 32, 37, 42, 51, 59, 64, 65, 68, 70] - 5832, [1, 3, 23, 31, 41, 47, 55, 57, 70] - 4005, [1, 4, 10, 20, 29, 38, 43, 52, 53, 54, 56, 57, 70] - 5134, [1, 3, 23, 31, 40, 41, 46, 49, 55, 57, 70] - 4555, [1, 3, 12, 14, 26, 34, 46, 49, 55, 56, 57, 70] - 4611, [1, 2, 9, 11, 20, 29, 37, 39, 40, 41, 47, 55, 58, 62, 70] - 4766, [1, 3, 23, 33, 39, 53, 60, 64, 66, 67, 68, 70] - 5829, [1, 4, 10, 20, 39, 56, 60, 64, 67, 69, 70] - 5823, [1, 4, 10, 20, 21, 23, 31, 40, 44, 45, 47, 56, 60, 61, 63, 70] - 6325, [1, 3, 23, 33, 46, 47, 55, 56, 63, 70] - 4316, [1, 3, 12, 14, 22, 23, 33, 34, 46, 49, 55, 58, 62, 70] - 4412, [1, 4, 11, 20, 29, 37, 39, 40, 41, 45, 57, 70] - 4716, [1, 3, 23, 31, 33, 41, 44, 45, 47, 55, 57, 70] - 4370]
melhor indiv??duo da gera????o:[1, 3, 23, 33, 49, 55, 58, 62, 70] - 3683
gera????o: 2: 
[[1, 4, 11, 21, 23, 25, 26, 34, 41, 47, 56, 57, 70] - 5283, [1, 4, 10, 11, 21, 22, 25, 26, 33, 34, 35, 46, 49, 55, 57, 70] - 5090, [1, 3, 5, 12, 14, 26, 28, 36, 48, 58, 62, 70] - 4336, [1, 4, 11, 21, 22, 33, 41, 46, 49, 55, 56, 63, 70] - 5213, [1, 4, 10, 20, 37, 42, 52, 60, 65, 66, 67, 68, 70] - 5733, [1, 3, 23, 25, 33, 49, 55, 57, 70] - 3703, [1, 4, 10, 11, 21, 22, 24, 28, 36, 49, 55, 57, 70] - 4880, [1, 2, 9, 11, 20, 37, 39, 50, 53, 61, 65, 68, 70] - 4942, [1, 2, 3, 9, 21, 31, 33, 39, 40, 44, 53, 54, 56, 61, 68, 70] - 5917, [1, 2, 9, 13, 21, 31, 41, 46, 49, 55, 57, 70] - 4491, [1, 3, 13, 40, 44, 45, 56, 61, 63, 70] - 4124, [1, 4, 11, 20, 31, 41, 47, 49, 55, 57, 70] - 5024, [1, 3, 23, 33, 49, 55, 58, 62, 70] - 3683, [1, 2, 3, 13, 23, 31, 32, 37, 42, 51, 59, 64, 65, 68, 70] - 5832, [1, 4, 10, 20, 29, 38, 43, 52, 53, 54, 56, 57, 70] - 5134, [1, 3, 12, 14, 26, 34, 46, 49, 55, 56, 57, 70] - 4611, [1, 3, 23, 33, 39, 53, 60, 64, 66, 67, 68, 70] - 5829, [1, 4, 10, 20, 21, 23, 31, 40, 44, 45, 47, 56, 60, 61, 63, 70] - 6325, [1, 3, 12, 14, 22, 23, 33, 34, 46, 49, 55, 58, 62, 70] - 4412, [1, 3, 23, 31, 33, 41, 44, 45, 47, 55, 57, 70] - 4370, [1, 2, 3, 13, 31, 41, 44, 54, 56, 61, 68, 70] - 4735, [1, 2, 4, 10, 11, 20, 21, 31, 32, 39, 56, 63, 70] - 4951, [1, 3, 9, 13, 40, 41, 47, 56, 63, 70] - 4434, [1, 3, 9, 21, 22, 23, 31, 32, 40, 44, 55, 56, 63, 70] - 4959, [1, 4, 10, 11, 20, 37, 38, 43, 51, 59, 66, 67, 68, 70] - 5842, [1, 4, 11, 21, 23, 25, 33, 40, 41, 45, 57, 70] - 4484, [1, 2, 4, 11, 20, 21, 23, 33, 49, 55, 58, 62, 70] - 4782]
melhor indiv??duo da gera????o:[1, 3, 23, 33, 49, 55, 58, 62, 70] - 3683
gera????o: 3: 
[[1, 4, 10, 11, 21, 22, 25, 26, 33, 34, 35, 46, 49, 55, 57, 70] - 5090, [1, 4, 11, 21, 22, 33, 41, 46, 49, 55, 56, 63, 70] - 5213, [1, 3, 23, 25, 33, 49, 55, 57, 70] - 3703, [1, 2, 9, 11, 20, 37, 39, 50, 53, 61, 65, 68, 70] - 4942, [1, 2, 9, 13, 21, 31, 41, 46, 49, 55, 57, 70] - 4491, [1, 4, 11, 20, 31, 41, 47, 49, 55, 57, 70] - 5024, [1, 2, 3, 13, 23, 31, 32, 37, 42, 51, 59, 64, 65, 68, 70] - 5832, [1, 3, 12, 14, 26, 34, 46, 49, 55, 56, 57, 70] - 4611, [1, 4, 10, 20, 21, 23, 31, 40, 44, 45, 47, 56, 60, 61, 63, 70] - 6325, [1, 3, 23, 31, 33, 41, 44, 45, 47, 55, 57, 70] - 4370, [1, 2, 4, 10, 11, 20, 21, 31, 32, 39, 56, 63, 70] - 4951, [1, 3, 9, 21, 22, 23, 31, 32, 40, 44, 55, 56, 63, 70] - 4959, [1, 4, 11, 21, 23, 25, 33, 40, 41, 45, 57, 70] - 4484, [1, 4, 10, 20, 39, 50, 53, 60, 61, 68, 70] - 5039, [1, 4, 11, 21, 22, 24, 34, 46, 47, 49, 58, 62, 70] - 4989, [1, 3, 13, 40, 41, 44, 54, 61, 68, 70] - 4436, [1, 3, 12, 22, 24, 36, 48, 58, 62, 70] - 4537, [1, 3, 12, 13, 40, 41, 46, 47, 49, 55, 56, 61, 65, 67, 68, 70] - 6872]
melhor indiv??duo da gera????o:[1, 3, 23, 25, 33, 49, 55, 57, 70] - 3703
gera????o: 4: 
[[1, 4, 11, 21, 22, 33, 41, 46, 49, 55, 56, 63, 70] - 5213, [1, 2, 9, 11, 20, 37, 39, 50, 53, 61, 65, 68, 70] - 4942, [1, 4, 11, 20, 31, 41, 47, 49, 55, 57, 70] - 5024, [1, 3, 12, 14, 26, 34, 46, 49, 55, 56, 57, 70] - 4611, [1, 3, 23, 31, 33, 41, 44, 45, 47, 55, 57, 70] - 4370, [1, 3, 9, 21, 22, 23, 31, 32, 40, 44, 55, 56, 63, 70] - 4959, [1, 4, 10, 20, 39, 50, 53, 60, 61, 68, 70] - 5039, [1, 3, 13, 40, 41, 44, 54, 61, 68, 70] - 4436, [1, 3, 12, 13, 40, 41, 46, 47, 49, 55, 56, 61, 65, 67, 68, 70] - 6872, [1, 4, 10, 11, 20, 29, 37, 38, 43, 51, 59, 66, 67, 69, 70] - 5871, [1, 4, 11, 20, 30, 32, 37, 38, 43, 52, 60, 65, 67, 69, 70] - 6543, [1, 2, 9, 13, 21, 22, 25, 33, 34, 41, 47, 49, 55, 57, 70] - 5072, [1, 3, 5, 6, 8, 15, 16, 18, 24, 34, 41, 47, 49, 58, 62, 70] - 5311, [1, 3, 5, 12, 22, 24, 34, 46, 49, 55, 58, 62, 70] - 4577, [1, 4, 11, 21, 23, 33, 46, 49, 58, 62, 70] - 4214, [1, 3, 5, 6, 26, 31, 32, 40, 41, 44, 56, 61, 65, 66, 67, 68, 70] - 6712]
melhor indiv??duo da gera????o:[1, 4, 11, 21, 23, 33, 46, 49, 58, 62, 70] - 4214
gera????o: 5: 
[[1, 2, 9, 11, 20, 37, 39, 50, 53, 61, 65, 68, 70] - 4942, [1, 3, 12, 14, 26, 34, 46, 49, 55, 56, 57, 70] - 4611, [1, 3, 9, 21, 22, 23, 31, 32, 40, 44, 55, 56, 63, 70] - 4959, [1, 3, 13, 40, 41, 44, 54, 61, 68, 70] - 4436, [1, 4, 10, 11, 20, 29, 37, 38, 43, 51, 59, 66, 67, 69, 70] - 5871, [1, 2, 9, 13, 21, 22, 25, 33, 34, 41, 47, 49, 55, 57, 70] - 5072, [1, 3, 5, 12, 22, 24, 34, 46, 49, 55, 58, 62, 70] - 4577, [1, 3, 5, 6, 26, 31, 32, 40, 41, 44, 56, 61, 65, 66, 67, 68, 70] - 6712, [1, 4, 10, 11, 20, 32, 37, 39, 40, 44, 53, 60, 64, 66, 67, 69, 70] - 6460, [1, 2, 3, 12, 22, 33, 46, 47, 56, 57, 70] - 4676, [1, 2, 9, 21, 23, 33, 39, 44, 50, 53, 54, 61, 65, 68, 70] - 5600, [1, 4, 10, 20, 39, 44, 50, 53, 60, 65, 67, 68, 70] - 6097, [1, 4, 11, 21, 31, 33, 47, 55, 56, 60, 64, 66, 67, 69, 70] - 6140, [1, 4, 11, 20, 31, 40, 44, 56, 60, 65, 67, 69, 70] - 6473]
melhor indiv??duo da gera????o:[1, 3, 13, 40, 41, 44, 54, 61, 68, 70] - 4436
gera????o: 6: 
[[1, 3, 12, 14, 26, 34, 46, 49, 55, 56, 57, 70] - 4611, [1, 3, 13, 40, 41, 44, 54, 61, 68, 70] - 4436, [1, 2, 9, 13, 21, 22, 25, 33, 34, 41, 47, 49, 55, 57, 70] - 5072, [1, 3, 5, 6, 26, 31, 32, 40, 41, 44, 56, 61, 65, 66, 67, 68, 70] - 6712, [1, 2, 3, 12, 22, 33, 46, 47, 56, 57, 70] - 4676, [1, 4, 10, 20, 39, 44, 50, 53, 60, 65, 67, 68, 70] - 6097, [1, 4, 11, 20, 31, 40, 44, 56, 60, 65, 67, 69, 70] - 6473, [1, 3, 13, 31, 40, 41, 47, 55, 58, 62, 70] - 4104, [1, 4, 11, 20, 30, 31, 41, 44, 53, 54, 56, 57, 70] - 5498, [1, 3, 5, 12, 13, 40, 41, 44, 45, 47, 49, 55, 57, 70] - 4667, [1, 3, 5, 12, 13, 23, 25, 26, 31, 41, 44, 55, 56, 63, 70] - 5533, [1, 3, 13, 22, 25, 33, 49, 58, 62, 70] - 3628]
melhor indiv??duo da gera????o:[1, 3, 13, 22, 25, 33, 49, 58, 62, 70] - 3628
gera????o: 7: 
[[1, 3, 13, 40, 41, 44, 54, 61, 68, 70] - 4436, [1, 3, 5, 6, 26, 31, 32, 40, 41, 44, 56, 61, 65, 66, 67, 68, 70] - 6712, [1, 4, 10, 20, 39, 44, 50, 53, 60, 65, 67, 68, 70] - 6097, [1, 3, 13, 31, 40, 41, 47, 55, 58, 62, 70] - 4104, [1, 3, 5, 12, 13, 40, 41, 44, 45, 47, 49, 55, 57, 70] - 4667, [1, 3, 13, 22, 25, 33, 49, 58, 62, 70] - 3628, [1, 2, 4, 10, 11, 20, 30, 31, 41, 44, 56, 61, 65, 67, 68, 70] - 6428, [1, 4, 10, 20, 37, 38, 43, 52, 59, 66, 67, 69, 70] - 5902, [1, 2, 3, 9, 11, 20, 32, 37, 42, 51, 59, 66, 67, 69, 70] - 6209, [1, 3, 9, 11, 21, 22, 24, 26, 33, 39, 42, 52, 53, 61, 65, 68, 70] - 6831]
melhor indiv??duo da gera????o:[1, 3, 13, 22, 25, 33, 49, 58, 62, 70] - 3628
gera????o: 8: 
[[1, 3, 5, 6, 26, 31, 32, 40, 41, 44, 56, 61, 65, 66, 67, 68, 70] - 6712, [1, 3, 13, 31, 40, 41, 47, 55, 58, 62, 70] - 4104, [1, 3, 13, 22, 25, 33, 49, 58, 62, 70] - 3628, [1, 4, 10, 20, 37, 38, 43, 52, 59, 66, 67, 69, 70] - 5902, [1, 3, 9, 11, 21, 22, 24, 26, 33, 39, 42, 52, 53, 61, 65, 68, 70] - 6831, [1, 3, 13, 40, 44, 56, 61, 68, 70] - 4282, [1, 3, 5, 6, 12, 14, 24, 36, 49, 58, 62, 70] - 4554, [1, 4, 10, 20, 32, 40, 41, 47, 49, 55, 58, 62, 70] - 4767, [1, 3, 23, 31, 40, 44, 50, 53, 54, 61, 65, 67, 68, 70] - 5732]
melhor indiv??duo da gera????o:[1, 3, 13, 22, 25, 33, 49, 58, 62, 70] - 3628
gera????o: 9: 
[[1, 3, 13, 31, 40, 41, 47, 55, 58, 62, 70] - 4104, [1, 4, 10, 20, 37, 38, 43, 52, 59, 66, 67, 69, 70] - 5902, [1, 3, 13, 40, 44, 56, 61, 68, 70] - 4282, [1, 4, 10, 20, 32, 40, 41, 47, 49, 55, 58, 62, 70] - 4767, [1, 3, 13, 40, 44, 50, 53, 60, 61, 68, 70] - 4991, [1, 3, 5, 12, 13, 40, 41, 46, 47, 55, 56, 63, 70] - 4849, [1, 3, 13, 23, 31, 40, 44, 54, 56, 61, 63, 70] - 4180, [1, 3, 9, 21, 31, 40, 44, 56, 57, 70] - 4069]
melhor indiv??duo da gera????o:[1, 3, 9, 21, 31, 40, 44, 56, 57, 70] - 4069
gera????o: 10: 
[[1, 4, 10, 20, 37, 38, 43, 52, 59, 66, 67, 69, 70] - 5902, [1, 4, 10, 20, 32, 40, 41, 47, 49, 55, 58, 62, 70] - 4767, [1, 3, 5, 12, 13, 40, 41, 46, 47, 55, 56, 63, 70] - 4849, [1, 3, 9, 21, 31, 40, 44, 56, 57, 70] - 4069, [1, 4, 11, 20, 21, 22, 33, 34, 46, 47, 55, 57, 70] - 5085, [1, 4, 10, 11, 20, 30, 31, 41, 47, 56, 60, 61, 65, 66, 67, 68, 70] - 7921]
melhor indiv??duo da gera????o:[1, 3, 9, 21, 31, 40, 44, 56, 57, 70] - 4069
gera????o: 11: 
[[1, 4, 10, 20, 32, 40, 41, 47, 49, 55, 58, 62, 70] - 4767, [1, 3, 9, 21, 31, 40, 44, 56, 57, 70] - 4069, [1, 4, 10, 11, 20, 30, 31, 41, 47, 56, 60, 61, 65, 66, 67, 68, 70] - 7921, [1, 4, 11, 21, 31, 40, 44, 55, 56, 57, 70] - 4845, [1, 3, 13, 23, 25, 26, 33, 40, 44, 50, 53, 60, 65, 67, 68, 70] - 6379]
melhor indiv??duo da gera????o:[1, 3, 9, 21, 31, 40, 44, 56, 57, 70] - 4069
gera????o: 12: 
[[1, 3, 9, 21, 31, 40, 44, 56, 57, 70] - 4069, [1, 4, 11, 21, 31, 40, 44, 55, 56, 57, 70] - 4845, [1, 3, 9, 21, 31, 41, 47, 56, 57, 70] - 4655, [1, 3, 12, 22, 24, 27, 28, 35, 36, 49, 58, 62, 70] - 5064]
melhor indiv??duo da gera????o:[1, 3, 9, 21, 31, 40, 44, 56, 57, 70] - 4069
gera????o: 13: 
[[1, 4, 11, 21, 31, 40, 44, 55, 56, 57, 70] - 4845, [1, 3, 12, 22, 24, 27, 28, 35, 36, 49, 58, 62, 70] - 5064, [1, 2, 3, 9, 13, 22, 24, 27, 35, 46, 47, 49, 58, 62, 70] - 5376]
melhor indiv??duo da gera????o:[1, 4, 11, 21, 31, 40, 44, 55, 56, 57, 70] - 4845
gera????o: 14: 
[[1, 3, 12, 22, 24, 27, 28, 35, 36, 49, 58, 62, 70] - 5064, [1, 4, 11, 20, 30, 32, 37, 38, 43, 51, 59, 60, 65, 67, 68, 70] - 6643]
melhor indiv??duo da gera????o:[1, 3, 12, 22, 24, 27, 28, 35, 36, 49, 58, 62, 70] - 5064
gera????o: 15: 
[[1, 4, 11, 20, 30, 32, 37, 38, 43, 51, 59, 60, 65, 67, 68, 70] - 6643]
melhor indiv??duo da gera????o:[1, 4, 11, 20, 30, 32, 37, 38, 43, 51, 59, 60, 65, 67, 68, 70] - 6643
______________________________________________________________________________________________________________________________
