geração: 1: 
[[1, 6, 7, 9, 12, 16, 10, 14, 13, 15, 20] - 58, [1, 6, 7, 9, 13, 15, 20] - 41, [1, 3, 6, 8, 9, 12, 16, 17, 19, 20] - 52, [1, 3, 6, 7, 9, 12, 5, 8, 10, 14, 15, 20] - 69, [1, 2, 5, 12, 19, 20] - 32, [1, 2, 3, 5, 12, 13, 19, 20] - 35, [1, 6, 7, 8, 3, 5, 12, 16, 10, 14, 15, 20] - 59, [1, 6, 7, 8, 9, 12, 5, 10, 14, 15, 20] - 58, [1, 6, 7, 8, 10, 12, 5, 2, 3] - 59, [1, 3, 8, 10, 12, 19, 20] - 43, [1, 3, 5, 12, 13, 14, 15, 20] - 40, [1, 3, 6, 8, 9, 16, 12, 5, 2, 4, 11, 10, 14, 13, 19, 20] - 81, [1, 3, 5, 10, 14, 13, 15, 20] - 35, [1, 3, 5, 12, 16, 10, 13, 19, 20] - 48, [1, 2, 3, 8, 10, 12, 13, 14, 15, 20] - 56, [1, 6, 8, 10, 12, 19, 20] - 46, [1, 6, 8, 3, 5, 10, 12, 13, 9, 16, 17, 19, 20] - 85, [1, 3, 8, 9, 12, 19, 20] - 32, [1, 3, 8, 10, 14, 13, 19, 20] - 38, [1, 3, 8, 9, 13, 15, 20] - 33, [1, 6, 7, 9, 10, 13, 14, 15, 20] - 56, [1, 3, 8, 10, 13, 9, 12, 19, 20] - 65, [1, 6, 8, 3, 5, 10, 14, 13, 19, 20] - 44, [1, 6, 8, 3, 5, 10, 13, 19, 20] - 42, [1, 3, 5, 8, 9, 16, 10, 13, 19, 20] - 49, [1, 6, 8, 9, 10, 12, 5, 2, 3] - 55, [1, 6, 7, 9, 13, 14, 10, 12, 5, 8, 3] - 78, [1, 6, 8, 10, 12, 13, 15, 20] - 44, [1, 2, 3, 8, 9, 13, 19, 20] - 38, [1, 6, 7, 9, 12, 5, 10, 14, 13, 15, 20] - 63, [1, 6, 7, 9, 16, 10, 12, 19, 20] - 58, [1, 2, 4, 10, 12, 19, 20] - 42, [1, 2, 4, 10, 13, 19, 20] - 35, [1, 2, 5, 8, 9, 10, 12, 16, 17, 18, 13, 19, 20] - 74, [1, 6, 8, 3, 5, 12, 13, 15, 20] - 39, [1, 2, 5, 12, 13, 14, 15, 20] - 40, [1, 3, 6, 7, 9, 12, 5, 2, 4, 11, 10, 13, 14, 15, 20] - 89, [1, 2, 4, 10, 12, 16, 17, 18, 13, 14, 15, 20] - 75, [1, 3, 5, 8, 10, 14, 13, 9, 12, 16, 17, 18, 19, 20] - 93, [1, 3, 5, 8, 9, 13, 14, 10, 12, 16, 17, 19, 20] - 82]
melhor indivíduo da geração:[1, 2, 5, 12, 19, 20] - 32
geração: 2: 
[[1, 6, 7, 9, 13, 15, 20] - 41, [1, 3, 6, 8, 9, 12, 16, 17, 19, 20] - 52, [1, 2, 5, 12, 19, 20] - 32, [1, 2, 3, 5, 12, 13, 19, 20] - 35, [1, 3, 8, 10, 12, 19, 20] - 43, [1, 3, 5, 12, 13, 14, 15, 20] - 40, [1, 3, 5, 10, 14, 13, 15, 20] - 35, [1, 3, 5, 12, 16, 10, 13, 19, 20] - 48, [1, 6, 8, 10, 12, 19, 20] - 46, [1, 3, 8, 9, 12, 19, 20] - 32, [1, 3, 8, 10, 14, 13, 19, 20] - 38, [1, 3, 8, 9, 13, 15, 20] - 33, [1, 6, 8, 3, 5, 10, 14, 13, 19, 20] - 44, [1, 6, 8, 3, 5, 10, 13, 19, 20] - 42, [1, 3, 5, 8, 9, 16, 10, 13, 19, 20] - 49, [1, 6, 8, 10, 12, 13, 15, 20] - 44, [1, 2, 3, 8, 9, 13, 19, 20] - 38, [1, 2, 4, 10, 12, 19, 20] - 42, [1, 2, 4, 10, 13, 19, 20] - 35, [1, 6, 8, 3, 5, 12, 13, 15, 20] - 39, [1, 2, 5, 12, 13, 14, 15, 20] - 40, [1, 3, 8, 10, 13, 14, 15, 20] - 46, [1, 2, 3, 6, 7, 9, 10, 14, 15, 20] - 50, [1, 6, 7, 8, 3, 5, 10, 12, 13, 15, 20] - 53]
melhor indivíduo da geração:[1, 2, 5, 12, 19, 20] - 32
geração: 3: 
[[1, 6, 7, 9, 13, 15, 20] - 41, [1, 2, 5, 12, 19, 20] - 32, [1, 2, 3, 5, 12, 13, 19, 20] - 35, [1, 3, 5, 12, 13, 14, 15, 20] - 40, [1, 3, 5, 10, 14, 13, 15, 20] - 35, [1, 3, 8, 9, 12, 19, 20] - 32, [1, 3, 8, 10, 14, 13, 19, 20] - 38, [1, 3, 8, 9, 13, 15, 20] - 33, [1, 6, 8, 3, 5, 10, 13, 19, 20] - 42, [1, 2, 3, 8, 9, 13, 19, 20] - 38, [1, 2, 4, 10, 12, 19, 20] - 42, [1, 2, 4, 10, 13, 19, 20] - 35, [1, 6, 8, 3, 5, 12, 13, 15, 20] - 39, [1, 2, 5, 12, 13, 14, 15, 20] - 40, [1, 3, 5, 2, 4, 11, 14, 15, 20] - 40]
melhor indivíduo da geração:[1, 2, 5, 12, 19, 20] - 32
geração: 4: 
[[1, 6, 7, 9, 13, 15, 20] - 41, [1, 2, 5, 12, 19, 20] - 32, [1, 2, 3, 5, 12, 13, 19, 20] - 35, [1, 3, 5, 12, 13, 14, 15, 20] - 40, [1, 3, 5, 10, 14, 13, 15, 20] - 35, [1, 3, 8, 9, 12, 19, 20] - 32, [1, 3, 8, 10, 14, 13, 19, 20] - 38, [1, 3, 8, 9, 13, 15, 20] - 33, [1, 6, 8, 3, 5, 10, 13, 19, 20] - 42, [1, 2, 3, 8, 9, 13, 19, 20] - 38, [1, 2, 4, 10, 12, 19, 20] - 42, [1, 2, 4, 10, 13, 19, 20] - 35, [1, 6, 8, 3, 5, 12, 13, 15, 20] - 39, [1, 2, 5, 12, 13, 14, 15, 20] - 40, [1, 3, 5, 2, 4, 11, 14, 15, 20] - 40, [1, 2, 4, 11, 10, 13, 15, 20] - 42]
melhor indivíduo da geração:[1, 2, 5, 12, 19, 20] - 32
geração: 5: 
[[1, 6, 7, 9, 13, 15, 20] - 41, [1, 2, 5, 12, 19, 20] - 32, [1, 2, 3, 5, 12, 13, 19, 20] - 35, [1, 3, 5, 12, 13, 14, 15, 20] - 40, [1, 3, 5, 10, 14, 13, 15, 20] - 35, [1, 3, 8, 9, 12, 19, 20] - 32, [1, 3, 8, 10, 14, 13, 19, 20] - 38, [1, 3, 8, 9, 13, 15, 20] - 33, [1, 2, 3, 8, 9, 13, 19, 20] - 38, [1, 2, 4, 10, 13, 19, 20] - 35, [1, 6, 8, 3, 5, 12, 13, 15, 20] - 39, [1, 2, 5, 12, 13, 14, 15, 20] - 40, [1, 3, 5, 2, 4, 11, 14, 15, 20] - 40, [1, 2, 5, 10, 13, 15, 20] - 33, [1, 6, 8, 10, 14, 15, 20] - 35, [1, 3, 6, 8, 9, 10, 14, 15, 20] - 40]
melhor indivíduo da geração:[1, 2, 5, 12, 19, 20] - 32
geração: 6: 
[[1, 6, 7, 9, 13, 15, 20] - 41, [1, 2, 5, 12, 19, 20] - 32, [1, 2, 3, 5, 12, 13, 19, 20] - 35, [1, 3, 5, 12, 13, 14, 15, 20] - 40, [1, 3, 5, 10, 14, 13, 15, 20] - 35, [1, 3, 8, 9, 12, 19, 20] - 32, [1, 3, 8, 10, 14, 13, 19, 20] - 38, [1, 3, 8, 9, 13, 15, 20] - 33, [1, 2, 3, 8, 9, 13, 19, 20] - 38, [1, 2, 4, 10, 13, 19, 20] - 35, [1, 6, 8, 3, 5, 12, 13, 15, 20] - 39, [1, 2, 5, 12, 13, 14, 15, 20] - 40, [1, 3, 5, 2, 4, 11, 14, 15, 20] - 40, [1, 2, 5, 10, 13, 15, 20] - 33, [1, 6, 8, 10, 14, 15, 20] - 35, [1, 3, 6, 8, 9, 10, 14, 15, 20] - 40, [1, 6, 8, 10, 13, 15, 20] - 39, [1, 2, 4, 10, 14, 15, 20] - 31]
melhor indivíduo da geração:[1, 2, 4, 10, 14, 15, 20] - 31
geração: 7: 
[[1, 6, 7, 9, 13, 15, 20] - 41, [1, 2, 5, 12, 19, 20] - 32, [1, 2, 3, 5, 12, 13, 19, 20] - 35, [1, 3, 5, 12, 13, 14, 15, 20] - 40, [1, 3, 5, 10, 14, 13, 15, 20] - 35, [1, 3, 8, 9, 12, 19, 20] - 32, [1, 3, 8, 10, 14, 13, 19, 20] - 38, [1, 3, 8, 9, 13, 15, 20] - 33, [1, 2, 3, 8, 9, 13, 19, 20] - 38, [1, 2, 4, 10, 13, 19, 20] - 35, [1, 6, 8, 3, 5, 12, 13, 15, 20] - 39, [1, 2, 5, 12, 13, 14, 15, 20] - 40, [1, 3, 5, 2, 4, 11, 14, 15, 20] - 40, [1, 2, 5, 10, 13, 15, 20] - 33, [1, 6, 8, 10, 14, 15, 20] - 35, [1, 3, 6, 8, 9, 10, 14, 15, 20] - 40, [1, 6, 8, 10, 13, 15, 20] - 39, [1, 2, 4, 10, 14, 15, 20] - 31, [1, 2, 5, 12, 13, 15, 20] - 30, [1, 2, 5, 12, 13, 14, 10] - 37]
melhor indivíduo da geração:[1, 2, 5, 12, 13, 15, 20] - 30
geração: 8: 
[[1, 6, 7, 9, 13, 15, 20] - 41, [1, 2, 5, 12, 19, 20] - 32, [1, 2, 3, 5, 12, 13, 19, 20] - 35, [1, 3, 5, 12, 13, 14, 15, 20] - 40, [1, 3, 5, 10, 14, 13, 15, 20] - 35, [1, 3, 8, 9, 12, 19, 20] - 32, [1, 3, 8, 10, 14, 13, 19, 20] - 38, [1, 3, 8, 9, 13, 15, 20] - 33, [1, 2, 3, 8, 9, 13, 19, 20] - 38, [1, 2, 4, 10, 13, 19, 20] - 35, [1, 6, 8, 3, 5, 12, 13, 15, 20] - 39, [1, 2, 5, 12, 13, 14, 15, 20] - 40, [1, 3, 5, 2, 4, 11, 14, 15, 20] - 40, [1, 2, 5, 10, 13, 15, 20] - 33, [1, 6, 8, 10, 14, 15, 20] - 35, [1, 3, 6, 8, 9, 10, 14, 15, 20] - 40, [1, 6, 8, 10, 13, 15, 20] - 39, [1, 2, 4, 10, 14, 15, 20] - 31, [1, 2, 5, 12, 13, 15, 20] - 30, [1, 2, 5, 12, 13, 14, 10] - 37, [1, 2, 5, 10, 12, 13, 19, 20] - 38]
melhor indivíduo da geração:[1, 2, 5, 12, 13, 15, 20] - 30
geração: 9: 
[[1, 2, 5, 12, 19, 20] - 32, [1, 2, 3, 5, 12, 13, 19, 20] - 35, [1, 3, 5, 10, 14, 13, 15, 20] - 35, [1, 3, 8, 9, 12, 19, 20] - 32, [1, 3, 8, 9, 13, 15, 20] - 33, [1, 2, 4, 10, 13, 19, 20] - 35, [1, 2, 5, 10, 13, 15, 20] - 33, [1, 6, 8, 10, 14, 15, 20] - 35, [1, 2, 4, 10, 14, 15, 20] - 31, [1, 2, 5, 12, 13, 15, 20] - 30, [1, 2, 5, 12, 13, 14, 10] - 37]
melhor indivíduo da geração:[1, 2, 5, 12, 13, 15, 20] - 30
geração: 10: 
[[1, 2, 5, 12, 19, 20] - 32, [1, 2, 3, 5, 12, 13, 19, 20] - 35, [1, 3, 5, 10, 14, 13, 15, 20] - 35, [1, 3, 8, 9, 12, 19, 20] - 32, [1, 3, 8, 9, 13, 15, 20] - 33, [1, 2, 4, 10, 13, 19, 20] - 35, [1, 2, 5, 10, 13, 15, 20] - 33, [1, 6, 8, 10, 14, 15, 20] - 35, [1, 2, 4, 10, 14, 15, 20] - 31, [1, 2, 5, 12, 13, 15, 20] - 30, [1, 2, 5, 12, 13, 14, 10] - 37, [1, 6, 8, 10, 13, 19, 20] - 39]
melhor indivíduo da geração:[1, 2, 5, 12, 13, 15, 20] - 30
melhor valor é da geração 9!!!!
______________________________________________________________________________________________________________________________
