gera????o: 1: 
[[1, 3, 8, 9, 12, 16, 17, 18, 19, 20] - 52, [1, 3, 8, 10, 12, 5, 2, 4, 11, 13, 15, 20] - 71, [1, 2, 5, 10, 12, 16, 17, 19, 20] - 54, [1, 2, 3, 8, 9, 13, 14, 10, 12, 19, 20] - 67, [1, 6, 8, 10, 14, 15, 20] - 35, [1, 2, 3, 8, 9, 10, 13, 15, 20] - 43, [1, 3, 8, 9, 10, 14, 15, 20] - 34, [1, 6, 8, 3, 5, 12, 19, 20] - 41, [1, 2, 4, 11, 10, 12, 16, 17, 18, 19, 20] - 69, [1, 3, 6, 7, 8, 10, 13, 14, 15, 20] - 58, [1, 3, 5, 12, 13, 9, 10, 14, 15, 20] - 61, [1, 3, 6, 7, 8, 9, 13, 14, 15, 20] - 55, [1, 3, 8, 10, 13, 19, 20] - 36, [1, 2, 4, 11, 10, 12, 13, 19, 20] - 47, [1, 3, 6, 7, 9, 13, 14, 15, 20] - 54, [1, 2, 5, 10, 14, 13, 15, 20] - 35, [1, 2, 5, 12, 13, 15, 20] - 30, [1, 2, 4, 11, 13, 14, 10, 12, 16, 17, 18, 19, 20] - 83, [1, 6, 8, 9, 16, 12, 5, 10, 14, 13, 19, 20] - 63, [1, 3, 8, 9, 13, 19, 20] - 33, [1, 2, 5, 10, 14, 15, 20] - 29, [1, 3, 5, 2, 4, 10, 12, 19, 20] - 48, [1, 6, 7, 8, 9, 13, 15, 20] - 42, [1, 3, 8, 9, 16, 10, 12, 5, 2, 4, 11, 14, 15, 20] - 78, [1, 3, 6, 8, 9, 13, 15, 20] - 39, [1, 6, 8, 10, 12, 19, 20] - 46, [1, 2, 5, 8, 10, 14, 15, 20] - 38, [1, 6, 8, 9, 10, 13, 14, 15, 20] - 51, [1, 6, 8, 3, 5, 2, 4, 10, 13, 19, 20] - 50, [1, 2, 3, 6, 7, 9, 13, 15, 20] - 49, [1, 2, 5, 10, 12, 13, 9, 16, 17, 19, 20] - 76, [1, 3, 5, 8, 9, 13, 15, 20] - 39, [1, 6, 7, 8, 3, 5, 10, 12, 13, 15, 20] - 53, [1, 2, 3, 8, 10, 12, 5] - 46, [1, 3, 8, 9, 13, 14, 10, 12, 19, 20] - 62, [1, 6, 7, 8, 9, 12, 19, 20] - 41, [1, 3, 8, 9, 13, 15, 20] - 33, [1, 3, 8, 10, 12, 19, 20] - 43, [1, 6, 7, 8, 9, 16, 10, 14, 13, 15, 20] - 54, [1, 2, 4, 5, 10, 12, 19, 20] - 51]
melhor indiv??duo da gera????o:[1, 2, 5, 10, 14, 15, 20] - 29
gera????o: 2: 
[[1, 3, 8, 10, 12, 5, 2, 4, 11, 13, 15, 20] - 71, [1, 2, 3, 8, 9, 13, 14, 10, 12, 19, 20] - 67, [1, 2, 3, 8, 9, 10, 13, 15, 20] - 43, [1, 6, 8, 3, 5, 12, 19, 20] - 41, [1, 3, 6, 7, 8, 10, 13, 14, 15, 20] - 58, [1, 3, 6, 7, 8, 9, 13, 14, 15, 20] - 55, [1, 2, 4, 11, 10, 12, 13, 19, 20] - 47, [1, 2, 5, 10, 14, 13, 15, 20] - 35, [1, 2, 4, 11, 13, 14, 10, 12, 16, 17, 18, 19, 20] - 83, [1, 3, 8, 9, 13, 19, 20] - 33, [1, 3, 5, 2, 4, 10, 12, 19, 20] - 48, [1, 3, 8, 9, 16, 10, 12, 5, 2, 4, 11, 14, 15, 20] - 78, [1, 6, 8, 10, 12, 19, 20] - 46, [1, 6, 8, 9, 10, 13, 14, 15, 20] - 51, [1, 2, 3, 6, 7, 9, 13, 15, 20] - 49, [1, 3, 5, 8, 9, 13, 15, 20] - 39, [1, 2, 3, 8, 10, 12, 5] - 46, [1, 6, 7, 8, 9, 12, 19, 20] - 41, [1, 3, 8, 10, 12, 19, 20] - 43, [1, 2, 4, 5, 10, 12, 19, 20] - 51, [1, 6, 8, 10, 13, 14, 15, 20] - 49, [1, 2, 4, 5, 12, 19, 20] - 43, [1, 2, 4, 11, 14, 13, 15, 20] - 40, [1, 3, 5, 8, 10, 12, 13, 9, 16, 17, 19, 20] - 85, [1, 2, 4, 10, 13, 15, 20] - 35, [1, 3, 8, 9, 12, 19, 20] - 32, [1, 6, 8, 10, 13, 9, 12, 5, 2, 3] - 75]
melhor indiv??duo da gera????o:[1, 3, 8, 9, 12, 19, 20] - 32
gera????o: 3: 
[[1, 2, 3, 8, 9, 13, 14, 10, 12, 19, 20] - 67, [1, 6, 8, 3, 5, 12, 19, 20] - 41, [1, 3, 6, 7, 8, 9, 13, 14, 15, 20] - 55, [1, 2, 5, 10, 14, 13, 15, 20] - 35, [1, 3, 8, 9, 13, 19, 20] - 33, [1, 3, 8, 9, 16, 10, 12, 5, 2, 4, 11, 14, 15, 20] - 78, [1, 6, 8, 9, 10, 13, 14, 15, 20] - 51, [1, 3, 5, 8, 9, 13, 15, 20] - 39, [1, 6, 7, 8, 9, 12, 19, 20] - 41, [1, 2, 4, 5, 10, 12, 19, 20] - 51, [1, 2, 4, 5, 12, 19, 20] - 43, [1, 3, 5, 8, 10, 12, 13, 9, 16, 17, 19, 20] - 85, [1, 3, 8, 9, 12, 19, 20] - 32, [1, 2, 4, 11, 13, 14, 15, 20] - 44, [1, 6, 7, 9, 13, 14, 15, 20] - 51, [1, 2, 4, 11, 14, 15, 20] - 34, [1, 2, 5, 12, 13, 15, 20] - 30, [1, 3, 8, 10, 12, 16, 17, 18, 19, 20] - 63]
melhor indiv??duo da gera????o:[1, 2, 5, 12, 13, 15, 20] - 30
gera????o: 4: 
[[1, 6, 8, 3, 5, 12, 19, 20] - 41, [1, 2, 5, 10, 14, 13, 15, 20] - 35, [1, 3, 8, 9, 16, 10, 12, 5, 2, 4, 11, 14, 15, 20] - 78, [1, 3, 5, 8, 9, 13, 15, 20] - 39, [1, 2, 4, 5, 10, 12, 19, 20] - 51, [1, 3, 5, 8, 10, 12, 13, 9, 16, 17, 19, 20] - 85, [1, 2, 4, 11, 13, 14, 15, 20] - 44, [1, 2, 4, 11, 14, 15, 20] - 34, [1, 3, 8, 10, 12, 16, 17, 18, 19, 20] - 63, [1, 6, 7, 9, 16, 10, 14, 13, 15, 20] - 53, [1, 6, 7, 8, 10, 12, 13, 15, 20] - 50, [1, 2, 5, 12, 16, 10, 13, 19, 20] - 48, [1, 6, 7, 8, 9, 16, 17, 18, 12, 5, 10, 14, 13, 15, 20] - 88, [1, 6, 8, 3, 5, 2, 4, 11, 10, 14, 13, 9, 16, 12, 19, 20] - 93, [1, 3, 5, 8, 10, 14, 15, 20] - 38, [1, 2, 3, 8, 9, 16, 12, 19, 20] - 42]
melhor indiv??duo da gera????o:[1, 2, 4, 11, 14, 15, 20] - 34
gera????o: 5: 
[[1, 2, 5, 10, 14, 13, 15, 20] - 35, [1, 3, 5, 8, 9, 13, 15, 20] - 39, [1, 3, 5, 8, 10, 12, 13, 9, 16, 17, 19, 20] - 85, [1, 2, 4, 11, 14, 15, 20] - 34, [1, 6, 7, 9, 16, 10, 14, 13, 15, 20] - 53, [1, 2, 5, 12, 16, 10, 13, 19, 20] - 48, [1, 6, 8, 3, 5, 2, 4, 11, 10, 14, 13, 9, 16, 12, 19, 20] - 93, [1, 2, 3, 8, 9, 16, 12, 19, 20] - 42, [1, 2, 5, 8, 10, 14, 15, 20] - 38, [1, 6, 7, 9, 10, 13, 19, 20] - 46, [1, 6, 8, 9, 13, 15, 20] - 36, [1, 2, 4, 10, 12, 16, 17, 19, 20] - 56, [1, 2, 4, 11, 13, 9, 16, 10, 12, 5, 8, 3, 6, 7] - 98, [1, 3, 6, 8, 10, 13, 15, 20] - 42]
melhor indiv??duo da gera????o:[1, 2, 4, 11, 14, 15, 20] - 34
gera????o: 6: 
[[1, 3, 5, 8, 9, 13, 15, 20] - 39, [1, 2, 4, 11, 14, 15, 20] - 34, [1, 2, 5, 12, 16, 10, 13, 19, 20] - 48, [1, 2, 3, 8, 9, 16, 12, 19, 20] - 42, [1, 6, 7, 9, 10, 13, 19, 20] - 46, [1, 2, 4, 10, 12, 16, 17, 19, 20] - 56, [1, 3, 6, 8, 10, 13, 15, 20] - 42, [1, 2, 4, 11, 13, 9, 10, 12, 5, 8, 3, 6, 7] - 93, [1, 3, 8, 10, 12, 5, 2, 4, 11, 14, 13, 19, 20] - 77, [1, 2, 4, 10, 14, 13, 19, 20] - 37, [1, 6, 7, 9, 10, 12, 13, 14, 15, 20] - 61, [1, 6, 7, 8, 9, 16, 10, 13, 14, 15, 20] - 62]
melhor indiv??duo da gera????o:[1, 2, 4, 11, 14, 15, 20] - 34
______________________________________________________________________________________________________________________________
