geração: 1: 
[[1, 3, 8, 9, 12, 13, 19, 20] - 30, [1, 6, 7, 9, 12, 13, 15, 20] - 38, [1, 6, 8, 10, 13, 15, 20] - 39, [1, 3, 5, 8, 9, 16, 17, 18, 12, 19, 20] - 62, [1, 2, 3, 6, 7, 8, 10, 14, 15, 20] - 49, [1, 6, 8, 10, 14, 13, 19, 20] - 41, [1, 2, 5, 12, 13, 19, 20] - 30, [1, 6, 8, 3, 5, 12, 19, 20] - 41, [1, 3, 8, 10, 13, 19, 20] - 36, [1, 2, 4, 10, 12, 19, 20] - 42, [1, 6, 7, 9, 12, 19, 20] - 40, [1, 6, 8, 9, 13, 14, 15, 20] - 46, [1, 2, 3, 6, 7, 8, 9, 12, 13, 15, 20] - 47, [1, 3, 6, 8, 10, 12, 16, 17, 19, 20] - 63, [1, 6, 7, 8, 10, 14, 15, 20] - 41, [1, 3, 8, 9, 13, 15, 20] - 33, [1, 3, 8, 9, 13, 19, 20] - 33, [1, 3, 5, 2, 4, 11, 14, 10, 13, 15, 20] - 52, [1, 3, 6, 8, 10, 13, 14, 15, 20] - 52, [1, 6, 8, 3, 5, 10, 14, 15, 20] - 38, [1, 2, 3, 8, 10, 12, 19, 20] - 48, [1, 3, 6, 8, 10, 14, 15, 20] - 38, [1, 6, 7, 8, 10, 13, 19, 20] - 45, [1, 3, 5, 12, 19, 20] - 32, [1, 2, 3, 6, 7, 9, 13, 15, 20] - 49, [1, 6, 7, 8, 10, 13, 15, 20] - 45, [1, 6, 7, 8, 9, 10, 13, 19, 20] - 47, [1, 6, 8, 3, 5, 2, 4, 10, 13, 9, 16, 17, 19, 20] - 88, [1, 6, 8, 9, 12, 19, 20] - 35, [1, 2, 4, 10, 14, 13, 19, 20] - 37, [1, 6, 7, 8, 3, 5, 12, 13, 9, 16, 17, 19, 20] - 83, [1, 3, 8, 10, 14, 15, 20] - 32, [1, 6, 7, 8, 9, 13, 19, 20] - 42, [1, 2, 5, 8, 10, 13, 9, 12, 19, 20] - 71, [1, 2, 3, 8, 10, 13, 15, 20] - 41, [1, 2, 5, 12, 19, 20] - 32, [1, 6, 8, 10, 12, 13, 9, 16, 17, 19, 20] - 82, [1, 3, 5, 10, 14, 13, 9, 12, 16, 17, 18, 19, 20] - 84, [1, 6, 7, 8, 9, 10, 14, 15, 20] - 43, [1, 3, 6, 8, 9, 13, 15, 20] - 39]
melhor indivíduo da geração:[1, 3, 8, 9, 12, 13, 19, 20] - 30
geração: 2: 
[[1, 3, 8, 9, 12, 13, 19, 20] - 30, [1, 6, 7, 9, 12, 13, 15, 20] - 38, [1, 6, 8, 10, 13, 15, 20] - 39, [1, 6, 8, 10, 14, 13, 19, 20] - 41, [1, 2, 5, 12, 13, 19, 20] - 30, [1, 6, 8, 3, 5, 12, 19, 20] - 41, [1, 3, 8, 10, 13, 19, 20] - 36, [1, 2, 4, 10, 12, 19, 20] - 42, [1, 6, 7, 9, 12, 19, 20] - 40, [1, 6, 8, 9, 13, 14, 15, 20] - 46, [1, 6, 7, 8, 10, 14, 15, 20] - 41, [1, 3, 8, 9, 13, 15, 20] - 33, [1, 3, 8, 9, 13, 19, 20] - 33, [1, 6, 8, 3, 5, 10, 14, 15, 20] - 38, [1, 3, 6, 8, 10, 14, 15, 20] - 38, [1, 6, 7, 8, 10, 13, 19, 20] - 45, [1, 3, 5, 12, 19, 20] - 32, [1, 6, 7, 8, 10, 13, 15, 20] - 45, [1, 6, 8, 9, 12, 19, 20] - 35, [1, 2, 4, 10, 14, 13, 19, 20] - 37, [1, 3, 8, 10, 14, 15, 20] - 32, [1, 6, 7, 8, 9, 13, 19, 20] - 42, [1, 2, 3, 8, 10, 13, 15, 20] - 41, [1, 2, 5, 12, 19, 20] - 32, [1, 6, 7, 8, 9, 10, 14, 15, 20] - 43, [1, 3, 6, 8, 9, 13, 15, 20] - 39, [1, 2, 3, 5, 10, 14, 13, 19, 20] - 40, [1, 3, 5, 8, 9, 13, 15, 20] - 39, [1, 3, 8, 9, 13, 14, 15, 20] - 43]
melhor indivíduo da geração:[1, 3, 8, 9, 12, 13, 19, 20] - 30
geração: 3: 
[[1, 3, 8, 9, 12, 13, 19, 20] - 30, [1, 6, 7, 9, 12, 13, 15, 20] - 38, [1, 6, 8, 10, 13, 15, 20] - 39, [1, 2, 5, 12, 13, 19, 20] - 30, [1, 3, 8, 10, 13, 19, 20] - 36, [1, 3, 8, 9, 13, 15, 20] - 33, [1, 3, 8, 9, 13, 19, 20] - 33, [1, 6, 8, 3, 5, 10, 14, 15, 20] - 38, [1, 3, 6, 8, 10, 14, 15, 20] - 38, [1, 3, 5, 12, 19, 20] - 32, [1, 6, 8, 9, 12, 19, 20] - 35, [1, 2, 4, 10, 14, 13, 19, 20] - 37, [1, 3, 8, 10, 14, 15, 20] - 32, [1, 2, 5, 12, 19, 20] - 32, [1, 3, 6, 8, 9, 13, 15, 20] - 39, [1, 3, 5, 8, 9, 13, 15, 20] - 39, [1, 2, 5, 10, 14, 13, 19, 20] - 35]
melhor indivíduo da geração:[1, 3, 8, 9, 12, 13, 19, 20] - 30
geração: 4: 
[[1, 3, 8, 9, 12, 13, 19, 20] - 30, [1, 6, 7, 9, 12, 13, 15, 20] - 38, [1, 2, 5, 12, 13, 19, 20] - 30, [1, 3, 8, 10, 13, 19, 20] - 36, [1, 3, 8, 9, 13, 15, 20] - 33, [1, 3, 8, 9, 13, 19, 20] - 33, [1, 6, 8, 3, 5, 10, 14, 15, 20] - 38, [1, 3, 6, 8, 10, 14, 15, 20] - 38, [1, 3, 5, 12, 19, 20] - 32, [1, 6, 8, 9, 12, 19, 20] - 35, [1, 2, 4, 10, 14, 13, 19, 20] - 37, [1, 3, 8, 10, 14, 15, 20] - 32, [1, 2, 5, 12, 19, 20] - 32, [1, 2, 5, 10, 14, 13, 19, 20] - 35, [1, 2, 5, 10, 13, 15, 20] - 33]
melhor indivíduo da geração:[1, 3, 8, 9, 12, 13, 19, 20] - 30
geração: 5: 
[[1, 3, 8, 9, 12, 13, 19, 20] - 30, [1, 6, 7, 9, 12, 13, 15, 20] - 38, [1, 2, 5, 12, 13, 19, 20] - 30, [1, 3, 8, 10, 13, 19, 20] - 36, [1, 3, 8, 9, 13, 15, 20] - 33, [1, 3, 8, 9, 13, 19, 20] - 33, [1, 6, 8, 3, 5, 10, 14, 15, 20] - 38, [1, 3, 6, 8, 10, 14, 15, 20] - 38, [1, 3, 5, 12, 19, 20] - 32, [1, 6, 8, 9, 12, 19, 20] - 35, [1, 2, 4, 10, 14, 13, 19, 20] - 37, [1, 3, 8, 10, 14, 15, 20] - 32, [1, 2, 5, 12, 19, 20] - 32, [1, 2, 5, 10, 14, 13, 19, 20] - 35, [1, 2, 5, 10, 13, 15, 20] - 33, [1, 2, 4, 10, 12, 13, 19, 20] - 40, [1, 3, 5, 2, 4, 10, 14, 15, 20] - 37]
melhor indivíduo da geração:[1, 3, 8, 9, 12, 13, 19, 20] - 30
geração: 6: 
[[1, 3, 8, 9, 12, 13, 19, 20] - 30, [1, 6, 7, 9, 12, 13, 15, 20] - 38, [1, 2, 5, 12, 13, 19, 20] - 30, [1, 3, 8, 10, 13, 19, 20] - 36, [1, 3, 8, 9, 13, 15, 20] - 33, [1, 3, 8, 9, 13, 19, 20] - 33, [1, 6, 8, 3, 5, 10, 14, 15, 20] - 38, [1, 3, 6, 8, 10, 14, 15, 20] - 38, [1, 3, 5, 12, 19, 20] - 32, [1, 6, 8, 9, 12, 19, 20] - 35, [1, 2, 4, 10, 14, 13, 19, 20] - 37, [1, 3, 8, 10, 14, 15, 20] - 32, [1, 2, 5, 12, 19, 20] - 32, [1, 2, 5, 10, 14, 13, 19, 20] - 35, [1, 2, 5, 10, 13, 15, 20] - 33, [1, 2, 4, 10, 12, 13, 19, 20] - 40, [1, 3, 5, 2, 4, 10, 14, 15, 20] - 37, [1, 3, 8, 9, 12, 19, 20] - 32, [1, 3, 6, 8, 9, 10, 14, 15, 20] - 40]
melhor indivíduo da geração:[1, 3, 8, 9, 12, 13, 19, 20] - 30
geração: 7: 
[[1, 3, 8, 9, 12, 13, 19, 20] - 30, [1, 6, 7, 9, 12, 13, 15, 20] - 38, [1, 2, 5, 12, 13, 19, 20] - 30, [1, 3, 8, 10, 13, 19, 20] - 36, [1, 3, 8, 9, 13, 15, 20] - 33, [1, 3, 8, 9, 13, 19, 20] - 33, [1, 6, 8, 3, 5, 10, 14, 15, 20] - 38, [1, 3, 6, 8, 10, 14, 15, 20] - 38, [1, 3, 5, 12, 19, 20] - 32, [1, 6, 8, 9, 12, 19, 20] - 35, [1, 2, 4, 10, 14, 13, 19, 20] - 37, [1, 3, 8, 10, 14, 15, 20] - 32, [1, 2, 5, 12, 19, 20] - 32, [1, 2, 5, 10, 14, 13, 19, 20] - 35, [1, 2, 5, 10, 13, 15, 20] - 33, [1, 2, 4, 10, 12, 13, 19, 20] - 40, [1, 3, 5, 2, 4, 10, 14, 15, 20] - 37, [1, 3, 8, 9, 12, 19, 20] - 32, [1, 3, 6, 8, 9, 10, 14, 15, 20] - 40, [1, 6, 7, 9, 12, 19, 20] - 40]
melhor indivíduo da geração:[1, 3, 8, 9, 12, 13, 19, 20] - 30
geração: 8: 
[[1, 3, 8, 9, 12, 13, 19, 20] - 30, [1, 6, 7, 9, 12, 13, 15, 20] - 38, [1, 2, 5, 12, 13, 19, 20] - 30, [1, 3, 8, 10, 13, 19, 20] - 36, [1, 3, 8, 9, 13, 15, 20] - 33, [1, 3, 8, 9, 13, 19, 20] - 33, [1, 6, 8, 3, 5, 10, 14, 15, 20] - 38, [1, 3, 6, 8, 10, 14, 15, 20] - 38, [1, 3, 5, 12, 19, 20] - 32, [1, 6, 8, 9, 12, 19, 20] - 35, [1, 2, 4, 10, 14, 13, 19, 20] - 37, [1, 3, 8, 10, 14, 15, 20] - 32, [1, 2, 5, 12, 19, 20] - 32, [1, 2, 5, 10, 14, 13, 19, 20] - 35, [1, 2, 5, 10, 13, 15, 20] - 33, [1, 3, 5, 2, 4, 10, 14, 15, 20] - 37, [1, 3, 8, 9, 12, 19, 20] - 32, [1, 3, 6, 8, 9, 13, 19, 20] - 39, [1, 2, 3, 8, 9, 10, 14, 15, 20] - 39, [1, 3, 5, 10, 14, 13, 15, 20] - 35, [1, 3, 6, 8, 9, 13, 15, 20] - 39]
melhor indivíduo da geração:[1, 3, 8, 9, 12, 13, 19, 20] - 30
geração: 9: 
[[1, 3, 8, 9, 12, 13, 19, 20] - 30, [1, 2, 5, 12, 13, 19, 20] - 30, [1, 3, 8, 9, 13, 15, 20] - 33, [1, 3, 8, 9, 13, 19, 20] - 33, [1, 3, 5, 12, 19, 20] - 32, [1, 6, 8, 9, 12, 19, 20] - 35, [1, 3, 8, 10, 14, 15, 20] - 32, [1, 2, 5, 12, 19, 20] - 32, [1, 2, 5, 10, 14, 13, 19, 20] - 35, [1, 2, 5, 10, 13, 15, 20] - 33, [1, 3, 8, 9, 12, 19, 20] - 32, [1, 3, 5, 10, 14, 13, 15, 20] - 35]
melhor indivíduo da geração:[1, 3, 8, 9, 12, 13, 19, 20] - 30
geração: 10: 
[[1, 3, 8, 9, 12, 13, 19, 20] - 30, [1, 2, 5, 12, 13, 19, 20] - 30, [1, 3, 8, 9, 13, 15, 20] - 33, [1, 3, 8, 9, 13, 19, 20] - 33, [1, 3, 5, 12, 19, 20] - 32, [1, 6, 8, 9, 12, 19, 20] - 35, [1, 3, 8, 10, 14, 15, 20] - 32, [1, 2, 5, 12, 19, 20] - 32, [1, 2, 5, 10, 14, 13, 19, 20] - 35, [1, 2, 5, 10, 13, 15, 20] - 33, [1, 3, 8, 9, 12, 19, 20] - 32, [1, 3, 5, 10, 14, 13, 15, 20] - 35, [1, 2, 4, 10, 13, 19, 20] - 35]
melhor indivíduo da geração:[1, 3, 8, 9, 12, 13, 19, 20] - 30
geração: 11: 
[[1, 3, 8, 9, 12, 13, 19, 20] - 30, [1, 2, 5, 12, 13, 19, 20] - 30, [1, 3, 8, 9, 13, 15, 20] - 33, [1, 3, 8, 9, 13, 19, 20] - 33, [1, 3, 5, 12, 19, 20] - 32, [1, 6, 8, 9, 12, 19, 20] - 35, [1, 3, 8, 10, 14, 15, 20] - 32, [1, 2, 5, 12, 19, 20] - 32, [1, 2, 5, 10, 14, 13, 19, 20] - 35, [1, 2, 5, 10, 13, 15, 20] - 33, [1, 3, 8, 9, 12, 19, 20] - 32, [1, 3, 5, 10, 14, 13, 15, 20] - 35, [1, 2, 4, 10, 13, 19, 20] - 35]
melhor indivíduo da geração:[1, 3, 8, 9, 12, 13, 19, 20] - 30
geração: 12: 
[[1, 3, 8, 9, 12, 13, 19, 20] - 30, [1, 2, 5, 12, 13, 19, 20] - 30, [1, 3, 8, 9, 13, 15, 20] - 33, [1, 3, 8, 9, 13, 19, 20] - 33, [1, 3, 5, 12, 19, 20] - 32, [1, 6, 8, 9, 12, 19, 20] - 35, [1, 3, 8, 10, 14, 15, 20] - 32, [1, 2, 5, 12, 19, 20] - 32, [1, 2, 5, 10, 14, 13, 19, 20] - 35, [1, 2, 5, 10, 13, 15, 20] - 33, [1, 3, 8, 9, 12, 19, 20] - 32, [1, 3, 5, 10, 14, 13, 15, 20] - 35, [1, 2, 4, 10, 13, 19, 20] - 35, [1, 2, 3, 5, 12, 19, 20] - 37, [1, 3, 5, 10, 14, 13, 19, 20] - 35]
melhor indivíduo da geração:[1, 3, 8, 9, 12, 13, 19, 20] - 30
geração: 13: 
[[1, 3, 8, 9, 12, 13, 19, 20] - 30, [1, 2, 5, 12, 13, 19, 20] - 30, [1, 3, 8, 9, 13, 15, 20] - 33, [1, 3, 8, 9, 13, 19, 20] - 33, [1, 3, 5, 12, 19, 20] - 32, [1, 6, 8, 9, 12, 19, 20] - 35, [1, 3, 8, 10, 14, 15, 20] - 32, [1, 2, 5, 12, 19, 20] - 32, [1, 2, 5, 10, 14, 13, 19, 20] - 35, [1, 2, 5, 10, 13, 15, 20] - 33, [1, 3, 8, 9, 12, 19, 20] - 32, [1, 3, 5, 10, 14, 13, 15, 20] - 35, [1, 2, 4, 10, 13, 19, 20] - 35, [1, 2, 3, 5, 12, 19, 20] - 37, [1, 3, 5, 10, 14, 13, 19, 20] - 35, [1, 2, 3, 5, 12, 13, 15, 20] - 35]
melhor indivíduo da geração:[1, 3, 8, 9, 12, 13, 19, 20] - 30
geração: 14: 
[[1, 3, 8, 9, 12, 13, 19, 20] - 30, [1, 2, 5, 12, 13, 19, 20] - 30, [1, 3, 8, 9, 13, 15, 20] - 33, [1, 3, 8, 9, 13, 19, 20] - 33, [1, 3, 5, 12, 19, 20] - 32, [1, 6, 8, 9, 12, 19, 20] - 35, [1, 3, 8, 10, 14, 15, 20] - 32, [1, 2, 5, 12, 19, 20] - 32, [1, 2, 5, 10, 14, 13, 19, 20] - 35, [1, 2, 5, 10, 13, 15, 20] - 33, [1, 3, 8, 9, 12, 19, 20] - 32, [1, 3, 5, 10, 14, 13, 15, 20] - 35, [1, 2, 4, 10, 13, 19, 20] - 35, [1, 2, 3, 5, 12, 19, 20] - 37, [1, 3, 5, 10, 14, 13, 19, 20] - 35, [1, 2, 3, 5, 12, 13, 15, 20] - 35, [1, 2, 3, 8, 10, 14, 15, 20] - 37]
melhor indivíduo da geração:[1, 3, 8, 9, 12, 13, 19, 20] - 30
geração: 15: 
[[1, 3, 8, 9, 12, 13, 19, 20] - 30, [1, 2, 5, 12, 13, 19, 20] - 30, [1, 3, 8, 9, 13, 15, 20] - 33, [1, 3, 8, 9, 13, 19, 20] - 33, [1, 3, 5, 12, 19, 20] - 32, [1, 6, 8, 9, 12, 19, 20] - 35, [1, 3, 8, 10, 14, 15, 20] - 32, [1, 2, 5, 12, 19, 20] - 32, [1, 2, 5, 10, 14, 13, 19, 20] - 35, [1, 2, 5, 10, 13, 15, 20] - 33, [1, 3, 8, 9, 12, 19, 20] - 32, [1, 3, 5, 10, 14, 13, 15, 20] - 35, [1, 2, 4, 10, 13, 19, 20] - 35, [1, 2, 3, 5, 12, 19, 20] - 37, [1, 3, 5, 10, 14, 13, 19, 20] - 35, [1, 2, 3, 5, 12, 13, 15, 20] - 35, [1, 2, 3, 8, 10, 14, 15, 20] - 37, [1, 2, 4, 10, 14, 15, 20] - 31, [1, 3, 5, 12, 13, 15, 20] - 30]
melhor indivíduo da geração:[1, 3, 8, 9, 12, 13, 19, 20] - 30
geração: 16: 
[[1, 3, 8, 9, 12, 13, 19, 20] - 30, [1, 2, 5, 12, 13, 19, 20] - 30, [1, 3, 8, 9, 13, 15, 20] - 33, [1, 3, 8, 9, 13, 19, 20] - 33, [1, 3, 5, 12, 19, 20] - 32, [1, 6, 8, 9, 12, 19, 20] - 35, [1, 3, 8, 10, 14, 15, 20] - 32, [1, 2, 5, 12, 19, 20] - 32, [1, 2, 5, 10, 14, 13, 19, 20] - 35, [1, 2, 5, 10, 13, 15, 20] - 33, [1, 3, 8, 9, 12, 19, 20] - 32, [1, 3, 5, 10, 14, 13, 15, 20] - 35, [1, 2, 4, 10, 13, 19, 20] - 35, [1, 2, 3, 5, 12, 19, 20] - 37, [1, 3, 5, 10, 14, 13, 19, 20] - 35, [1, 2, 3, 5, 12, 13, 15, 20] - 35, [1, 2, 3, 8, 10, 14, 15, 20] - 37, [1, 2, 4, 10, 14, 15, 20] - 31, [1, 3, 5, 12, 13, 15, 20] - 30, [1, 6, 8, 10, 14, 15, 20] - 35]
melhor indivíduo da geração:[1, 3, 8, 9, 12, 13, 19, 20] - 30
geração: 17: 
[[1, 3, 8, 9, 12, 13, 19, 20] - 30, [1, 2, 5, 12, 13, 19, 20] - 30, [1, 3, 8, 9, 13, 15, 20] - 33, [1, 3, 8, 9, 13, 19, 20] - 33, [1, 3, 5, 12, 19, 20] - 32, [1, 6, 8, 9, 12, 19, 20] - 35, [1, 3, 8, 10, 14, 15, 20] - 32, [1, 2, 5, 12, 19, 20] - 32, [1, 2, 5, 10, 14, 13, 19, 20] - 35, [1, 2, 5, 10, 13, 15, 20] - 33, [1, 3, 8, 9, 12, 19, 20] - 32, [1, 3, 5, 10, 14, 13, 15, 20] - 35, [1, 2, 4, 10, 13, 19, 20] - 35, [1, 2, 3, 5, 12, 19, 20] - 37, [1, 3, 5, 10, 14, 13, 19, 20] - 35, [1, 2, 3, 5, 12, 13, 15, 20] - 35, [1, 2, 3, 8, 10, 14, 15, 20] - 37, [1, 2, 4, 10, 14, 15, 20] - 31, [1, 3, 5, 12, 13, 15, 20] - 30, [1, 6, 8, 10, 14, 15, 20] - 35, [1, 3, 5, 8, 9, 13, 15, 20] - 39]
melhor indivíduo da geração:[1, 3, 8, 9, 12, 13, 19, 20] - 30
geração: 18: 
[[1, 3, 8, 9, 12, 13, 19, 20] - 30, [1, 2, 5, 12, 13, 19, 20] - 30, [1, 3, 8, 9, 13, 15, 20] - 33, [1, 3, 8, 9, 13, 19, 20] - 33, [1, 3, 5, 12, 19, 20] - 32, [1, 6, 8, 9, 12, 19, 20] - 35, [1, 3, 8, 10, 14, 15, 20] - 32, [1, 2, 5, 12, 19, 20] - 32, [1, 2, 5, 10, 14, 13, 19, 20] - 35, [1, 2, 5, 10, 13, 15, 20] - 33, [1, 3, 8, 9, 12, 19, 20] - 32, [1, 3, 5, 10, 14, 13, 15, 20] - 35, [1, 2, 4, 10, 13, 19, 20] - 35, [1, 3, 5, 10, 14, 13, 19, 20] - 35, [1, 2, 3, 5, 12, 13, 15, 20] - 35, [1, 2, 4, 10, 14, 15, 20] - 31, [1, 3, 5, 12, 13, 15, 20] - 30, [1, 6, 8, 10, 14, 15, 20] - 35]
melhor indivíduo da geração:[1, 3, 8, 9, 12, 13, 19, 20] - 30
geração: 19: 
[[1, 3, 8, 9, 12, 13, 19, 20] - 30, [1, 2, 5, 12, 13, 19, 20] - 30, [1, 3, 8, 9, 13, 15, 20] - 33, [1, 3, 8, 9, 13, 19, 20] - 33, [1, 3, 5, 12, 19, 20] - 32, [1, 6, 8, 9, 12, 19, 20] - 35, [1, 3, 8, 10, 14, 15, 20] - 32, [1, 2, 5, 12, 19, 20] - 32, [1, 2, 5, 10, 14, 13, 19, 20] - 35, [1, 2, 5, 10, 13, 15, 20] - 33, [1, 3, 8, 9, 12, 19, 20] - 32, [1, 3, 5, 10, 14, 13, 15, 20] - 35, [1, 2, 4, 10, 13, 19, 20] - 35, [1, 3, 5, 10, 14, 13, 19, 20] - 35, [1, 2, 3, 5, 12, 13, 15, 20] - 35, [1, 2, 4, 10, 14, 15, 20] - 31, [1, 3, 5, 12, 13, 15, 20] - 30, [1, 6, 8, 10, 14, 15, 20] - 35]
melhor indivíduo da geração:[1, 3, 8, 9, 12, 13, 19, 20] - 30
geração: 20: 
[[1, 3, 8, 9, 12, 13, 19, 20] - 30, [1, 2, 5, 12, 13, 19, 20] - 30, [1, 3, 8, 9, 13, 15, 20] - 33, [1, 3, 8, 9, 13, 19, 20] - 33, [1, 3, 5, 12, 19, 20] - 32, [1, 6, 8, 9, 12, 19, 20] - 35, [1, 3, 8, 10, 14, 15, 20] - 32, [1, 2, 5, 12, 19, 20] - 32, [1, 2, 5, 10, 14, 13, 19, 20] - 35, [1, 2, 5, 10, 13, 15, 20] - 33, [1, 3, 8, 9, 12, 19, 20] - 32, [1, 3, 5, 10, 14, 13, 15, 20] - 35, [1, 2, 4, 10, 13, 19, 20] - 35, [1, 3, 5, 10, 14, 13, 19, 20] - 35, [1, 2, 3, 5, 12, 13, 15, 20] - 35, [1, 2, 4, 10, 14, 15, 20] - 31, [1, 3, 5, 12, 13, 15, 20] - 30, [1, 6, 8, 10, 14, 15, 20] - 35, [1, 2, 5, 8, 9, 12, 19, 20] - 38]
melhor indivíduo da geração:[1, 3, 8, 9, 12, 13, 19, 20] - 30
melhor valor é da geração 18!!!!
______________________________________________________________________________________________________________________________
