gera????o: 1: 
[[1, 3, 12, 22, 23, 33, 47, 55, 58, 62, 70] - 3634, [1, 3, 9, 11, 21, 23, 33, 49, 58, 62, 70] - 3699, [1, 2, 3, 12, 13, 21, 23, 33, 49, 58, 62, 70] - 3844, [1, 2, 9, 21, 22, 23, 25, 26, 33, 49, 58, 62, 70] - 4086, [1, 4, 11, 21, 23, 31, 33, 49, 55, 57, 70] - 4152, [1, 3, 5, 6, 17, 24, 28, 36, 48, 49, 55, 57, 70] - 4303, [1, 3, 9, 11, 21, 23, 33, 46, 47, 49, 58, 62, 70] - 4386, [1, 2, 9, 21, 23, 25, 26, 28, 36, 49, 58, 62, 70] - 4427, [1, 3, 5, 12, 14, 25, 26, 28, 35, 46, 49, 55, 57, 70] - 4463, [1, 4, 11, 20, 30, 32, 40, 44, 54, 56, 63, 70] - 4482, [1, 4, 11, 20, 32, 40, 41, 45, 47, 55, 57, 70] - 4566, [1, 4, 10, 20, 29, 37, 39, 44, 45, 47, 55, 57, 70] - 4569, [1, 2, 3, 5, 12, 14, 26, 33, 34, 35, 49, 58, 62, 70] - 4642, [1, 3, 13, 14, 17, 24, 36, 49, 58, 62, 70] - 4667, [1, 4, 10, 20, 39, 40, 44, 53, 61, 63, 70] - 4698, [1, 4, 11, 21, 23, 33, 34, 41, 47, 55, 57, 70] - 4702, [1, 3, 23, 31, 33, 40, 41, 45, 47, 56, 63, 70] - 4810, [1, 3, 13, 14, 25, 33, 34, 35, 36, 49, 58, 62, 70] - 4847, [1, 4, 11, 21, 31, 32, 40, 44, 50, 53, 61, 68, 70] - 4860, [1, 3, 13, 14, 17, 24, 34, 35, 46, 49, 58, 62, 70] - 4874, [1, 2, 4, 10, 11, 21, 31, 32, 40, 41, 46, 49, 55, 58, 62, 70] - 4927, [1, 3, 5, 6, 17, 26, 28, 34, 41, 46, 49, 58, 62, 70] - 4983, [1, 3, 5, 6, 8, 15, 17, 24, 28, 34, 46, 47, 56, 61, 68, 70] - 5123, [1, 3, 12, 13, 14, 26, 31, 40, 44, 53, 54, 56, 63, 70] - 5127, [1, 2, 4, 11, 21, 23, 31, 40, 41, 46, 47, 49, 58, 62, 70] - 5138, [1, 2, 3, 9, 13, 22, 33, 34, 41, 46, 49, 58, 62, 70] - 5170, [1, 4, 10, 11, 20, 30, 31, 33, 34, 41, 47, 55, 57, 70] - 5261, [1, 4, 10, 20, 37, 38, 43, 51, 59, 64, 67, 69, 70] - 5372, [1, 4, 11, 21, 22, 23, 25, 26, 33, 34, 46, 47, 56, 57, 70] - 5456, [1, 4, 10, 11, 21, 31, 32, 39, 53, 60, 64, 67, 68, 70] - 5500, [1, 3, 9, 21, 31, 33, 40, 41, 45, 47, 49, 55, 56, 57, 70] - 5502, [1, 4, 10, 20, 37, 42, 50, 53, 61, 65, 67, 69, 70] - 5633, [1, 2, 3, 5, 12, 14, 24, 26, 33, 41, 44, 45, 47, 56, 61, 63, 70] - 5730, [1, 2, 4, 11, 21, 22, 25, 26, 33, 39, 40, 44, 53, 61, 63, 70] - 5790, [1, 2, 3, 9, 13, 14, 22, 23, 25, 33, 39, 40, 44, 54, 56, 61, 68, 70] - 5852, [1, 4, 10, 20, 32, 37, 42, 51, 59, 66, 67, 68, 70] - 6024, [1, 3, 9, 11, 20, 21, 31, 32, 39, 50, 53, 60, 64, 67, 68, 70] - 6193, [1, 2, 9, 11, 20, 21, 22, 25, 26, 31, 32, 37, 39, 53, 54, 61, 68, 70] - 6286, [1, 2, 4, 10, 11, 21, 31, 41, 45, 47, 56, 60, 61, 65, 68, 70] - 6328, [1, 4, 10, 11, 21, 22, 24, 34, 46, 47, 56, 60, 65, 68, 70] - 6396]
melhor indiv??duo da gera????o:[1, 3, 12, 22, 23, 33, 47, 55, 58, 62, 70] - 3634
gera????o: 2: 
[[1, 3, 12, 22, 23, 33, 47, 55, 58, 62, 70] - 3634, [1, 2, 3, 12, 13, 21, 23, 33, 49, 58, 62, 70] - 3844, [1, 4, 11, 21, 23, 31, 33, 49, 55, 57, 70] - 4152, [1, 3, 5, 6, 17, 24, 28, 36, 48, 49, 55, 57, 70] - 4303, [1, 3, 9, 11, 21, 23, 33, 46, 47, 49, 58, 62, 70] - 4386, [1, 3, 5, 12, 14, 25, 26, 28, 35, 46, 49, 55, 57, 70] - 4463, [1, 4, 11, 20, 32, 40, 41, 45, 47, 55, 57, 70] - 4566, [1, 2, 3, 5, 12, 14, 26, 33, 34, 35, 49, 58, 62, 70] - 4642, [1, 4, 10, 20, 39, 40, 44, 53, 61, 63, 70] - 4698, [1, 2, 9, 13, 23, 31, 40, 41, 44, 54, 56, 61, 68, 70] - 4734, [1, 3, 23, 31, 33, 40, 41, 45, 47, 56, 63, 70] - 4810, [1, 4, 11, 21, 31, 32, 40, 44, 50, 53, 61, 68, 70] - 4860, [1, 2, 4, 10, 11, 21, 31, 32, 40, 41, 46, 49, 55, 58, 62, 70] - 4927, [1, 3, 5, 6, 17, 26, 28, 34, 41, 46, 49, 58, 62, 70] - 4983, [1, 3, 5, 12, 14, 17, 24, 27, 28, 36, 48, 58, 62, 70] - 4994, [1, 3, 5, 6, 26, 31, 32, 37, 39, 53, 61, 63, 70] - 5075, [1, 3, 12, 13, 14, 26, 31, 40, 44, 53, 54, 56, 63, 70] - 5127, [1, 2, 4, 10, 11, 21, 22, 25, 33, 34, 35, 36, 48, 49, 55, 57, 70] - 5148, [1, 4, 10, 11, 20, 30, 31, 33, 34, 41, 47, 55, 57, 70] - 5261, [1, 4, 11, 21, 22, 23, 25, 26, 33, 34, 46, 47, 56, 57, 70] - 5456, [1, 4, 10, 11, 21, 31, 32, 39, 53, 60, 64, 67, 68, 70] - 5500, [1, 4, 10, 20, 37, 42, 50, 53, 61, 65, 67, 69, 70] - 5633, [1, 2, 9, 21, 22, 33, 49, 55, 56, 60, 61, 68, 70] - 5707, [1, 2, 4, 11, 21, 22, 25, 26, 33, 39, 40, 44, 53, 61, 63, 70] - 5790, [1, 4, 10, 20, 32, 37, 42, 51, 59, 66, 67, 68, 70] - 6024, [1, 2, 9, 11, 20, 21, 22, 25, 26, 31, 32, 37, 39, 53, 54, 61, 68, 70] - 6286, [1, 4, 10, 11, 21, 22, 24, 34, 46, 47, 56, 60, 65, 68, 70] - 6396]
melhor indiv??duo da gera????o:[1, 3, 12, 22, 23, 33, 47, 55, 58, 62, 70] - 3634
gera????o: 3: 
[[1, 2, 3, 12, 13, 21, 23, 33, 49, 58, 62, 70] - 3844, [1, 3, 9, 21, 23, 25, 33, 49, 55, 57, 70] - 3929, [1, 3, 5, 6, 17, 24, 28, 36, 48, 49, 55, 57, 70] - 4303, [1, 3, 5, 12, 14, 25, 26, 28, 35, 46, 49, 55, 57, 70] - 4463, [1, 4, 11, 20, 32, 40, 41, 45, 47, 55, 57, 70] - 4566, [1, 4, 10, 20, 39, 40, 44, 53, 61, 63, 70] - 4698, [1, 3, 9, 11, 20, 37, 39, 53, 54, 61, 68, 70] - 4753, [1, 4, 11, 21, 31, 32, 40, 44, 50, 53, 61, 68, 70] - 4860, [1, 2, 4, 10, 20, 29, 37, 42, 50, 53, 61, 68, 70] - 4977, [1, 3, 5, 12, 14, 17, 24, 27, 28, 36, 48, 58, 62, 70] - 4994, [1, 3, 12, 13, 14, 26, 31, 40, 44, 53, 54, 56, 63, 70] - 5127, [1, 4, 10, 11, 20, 30, 31, 33, 34, 41, 47, 55, 57, 70] - 5261, [1, 4, 10, 11, 21, 31, 32, 39, 53, 60, 64, 67, 68, 70] - 5500, [1, 2, 9, 21, 22, 33, 49, 55, 56, 60, 61, 68, 70] - 5707, [1, 2, 4, 11, 21, 22, 25, 26, 33, 39, 40, 44, 53, 61, 63, 70] - 5790, [1, 4, 10, 20, 39, 50, 53, 60, 64, 65, 66, 67, 68, 70] - 6259, [1, 4, 11, 20, 30, 31, 41, 44, 50, 53, 60, 64, 66, 67, 69, 70] - 6354, [1, 3, 12, 14, 17, 24, 27, 28, 34, 35, 36, 48, 49, 55, 56, 60, 65, 68, 70] - 7289]
melhor indiv??duo da gera????o:[1, 2, 3, 12, 13, 21, 23, 33, 49, 58, 62, 70] - 3844
gera????o: 4: 
[[1, 2, 3, 12, 13, 21, 23, 33, 49, 58, 62, 70] - 3844, [1, 2, 3, 23, 31, 40, 44, 55, 58, 62, 70] - 4301, [1, 2, 3, 12, 14, 26, 33, 47, 55, 56, 63, 70] - 4361, [1, 4, 10, 20, 31, 40, 44, 55, 58, 62, 70] - 4493, [1, 4, 11, 20, 32, 40, 41, 45, 47, 55, 57, 70] - 4566, [1, 3, 5, 6, 8, 15, 16, 17, 26, 28, 34, 46, 49, 58, 62, 70] - 4671, [1, 3, 9, 11, 20, 37, 39, 53, 54, 61, 68, 70] - 4753, [1, 2, 4, 10, 20, 29, 37, 42, 50, 53, 61, 68, 70] - 4977, [1, 3, 12, 13, 14, 26, 31, 40, 44, 53, 54, 56, 63, 70] - 5127, [1, 4, 10, 11, 20, 30, 31, 33, 34, 41, 47, 55, 57, 70] - 5261, [1, 2, 9, 21, 22, 33, 49, 55, 56, 60, 61, 68, 70] - 5707, [1, 3, 13, 31, 40, 44, 50, 53, 61, 65, 66, 67, 69, 70] - 5776, [1, 2, 4, 11, 21, 22, 25, 26, 33, 39, 40, 44, 53, 61, 63, 70] - 5790, [1, 4, 10, 20, 39, 50, 53, 60, 64, 65, 66, 67, 68, 70] - 6259, [1, 4, 11, 21, 23, 25, 33, 39, 56, 60, 61, 65, 68, 70] - 6690, [1, 3, 12, 14, 17, 24, 27, 28, 34, 35, 36, 48, 49, 55, 56, 60, 65, 68, 70] - 7289]
melhor indiv??duo da gera????o:[1, 2, 3, 12, 13, 21, 23, 33, 49, 58, 62, 70] - 3844
gera????o: 5: 
[[1, 3, 13, 23, 33, 46, 49, 58, 62, 70] - 3977, [1, 2, 3, 23, 31, 40, 44, 55, 58, 62, 70] - 4301, [1, 3, 9, 13, 40, 41, 45, 47, 56, 63, 70] - 4425, [1, 4, 10, 11, 21, 31, 41, 45, 56, 61, 68, 70] - 4523, [1, 4, 11, 21, 23, 31, 32, 40, 44, 55, 58, 62, 70] - 4608, [1, 3, 5, 6, 8, 15, 16, 17, 26, 28, 34, 46, 49, 58, 62, 70] - 4671, [1, 3, 9, 11, 20, 37, 39, 53, 54, 61, 68, 70] - 4753, [1, 3, 12, 13, 14, 26, 31, 40, 44, 53, 54, 56, 63, 70] - 5127, [1, 4, 11, 20, 32, 40, 41, 46, 47, 55, 56, 63, 70] - 5439, [1, 2, 3, 5, 12, 14, 17, 18, 19, 24, 28, 34, 35, 36, 48, 49, 58, 62, 70] - 5638, [1, 3, 13, 31, 40, 44, 50, 53, 61, 65, 66, 67, 69, 70] - 5776, [1, 3, 9, 11, 20, 29, 38, 43, 51, 59, 66, 67, 68, 70] - 5984, [1, 2, 9, 11, 20, 31, 33, 40, 41, 45, 56, 61, 65, 67, 68, 70] - 6429, [1, 3, 12, 14, 17, 24, 27, 28, 34, 35, 36, 48, 49, 55, 56, 60, 65, 68, 70] - 7289]
melhor indiv??duo da gera????o:[1, 3, 13, 23, 33, 46, 49, 58, 62, 70] - 3977
gera????o: 6: 
[[1, 3, 13, 23, 33, 46, 49, 58, 62, 70] - 3977, [1, 3, 12, 22, 33, 49, 55, 56, 61, 63, 70] - 4266, [1, 3, 9, 13, 40, 41, 45, 47, 56, 63, 70] - 4425, [1, 4, 10, 11, 21, 31, 41, 45, 56, 61, 68, 70] - 4523, [1, 4, 11, 21, 23, 31, 32, 40, 44, 55, 58, 62, 70] - 4608, [1, 3, 9, 11, 20, 37, 39, 53, 54, 61, 68, 70] - 4753, [1, 2, 9, 13, 22, 24, 26, 28, 34, 46, 49, 55, 58, 62, 70] - 4882, [1, 2, 4, 10, 11, 21, 22, 33, 34, 41, 46, 49, 58, 62, 70] - 5261, [1, 2, 9, 13, 21, 23, 31, 32, 39, 53, 60, 61, 65, 68, 70] - 5552, [1, 3, 13, 31, 40, 44, 50, 53, 61, 65, 66, 67, 69, 70] - 5776, [1, 3, 9, 11, 20, 29, 38, 43, 51, 59, 66, 67, 68, 70] - 5984, [1, 3, 12, 22, 24, 27, 35, 36, 48, 49, 55, 56, 60, 64, 65, 68, 70] - 7219]
melhor indiv??duo da gera????o:[1, 3, 13, 23, 33, 46, 49, 58, 62, 70] - 3977
gera????o: 7: 
[[1, 3, 13, 23, 33, 46, 49, 58, 62, 70] - 3977, [1, 3, 13, 40, 41, 47, 49, 55, 57, 70] - 4328, [1, 2, 3, 23, 33, 34, 46, 47, 56, 63, 70] - 4463, [1, 4, 11, 21, 23, 31, 32, 40, 44, 55, 58, 62, 70] - 4608, [1, 3, 9, 11, 20, 37, 39, 53, 54, 61, 68, 70] - 4753, [1, 4, 11, 21, 22, 23, 33, 46, 47, 55, 56, 57, 70] - 5021, [1, 4, 11, 21, 22, 23, 33, 40, 41, 44, 53, 61, 63, 70] - 5219, [1, 2, 9, 13, 21, 23, 31, 32, 39, 53, 60, 61, 65, 68, 70] - 5552, [1, 4, 11, 20, 32, 39, 40, 41, 45, 56, 60, 61, 63, 70] - 5927, [1, 4, 11, 21, 22, 25, 26, 34, 41, 46, 47, 49, 55, 56, 61, 68, 70] - 6424]
melhor indiv??duo da gera????o:[1, 3, 13, 23, 33, 46, 49, 58, 62, 70] - 3977
gera????o: 8: 
[[1, 2, 3, 9, 13, 23, 33, 49, 55, 57, 70] - 3850, [1, 3, 13, 40, 41, 47, 49, 55, 57, 70] - 4328, [1, 3, 23, 25, 26, 31, 41, 45, 57, 70] - 4527, [1, 4, 10, 20, 31, 40, 41, 44, 56, 57, 70] - 4663, [1, 4, 11, 21, 23, 25, 26, 28, 35, 36, 48, 58, 62, 70] - 4809, [1, 4, 10, 20, 31, 40, 41, 46, 47, 49, 58, 62, 70] - 5056, [1, 4, 10, 20, 30, 32, 40, 44, 50, 53, 60, 61, 68, 70] - 5358, [1, 4, 11, 20, 32, 39, 40, 41, 45, 56, 60, 61, 63, 70] - 5927, [1, 4, 11, 21, 31, 41, 46, 47, 49, 55, 56, 60, 65, 66, 67, 68, 70] - 7836]
melhor indiv??duo da gera????o:[1, 2, 3, 9, 13, 23, 33, 49, 55, 57, 70] - 3850
gera????o: 9: 
[[1, 2, 3, 9, 13, 23, 33, 49, 55, 57, 70] - 3850, [1, 2, 3, 5, 12, 22, 24, 28, 35, 49, 58, 62, 70] - 4405, [1, 4, 10, 20, 31, 40, 41, 44, 56, 57, 70] - 4663, [1, 3, 23, 31, 41, 44, 50, 53, 61, 68, 70] - 4881, [1, 4, 11, 20, 31, 41, 47, 49, 58, 62, 70] - 4940, [1, 4, 10, 20, 31, 40, 41, 46, 47, 49, 58, 62, 70] - 5056, [1, 4, 11, 20, 32, 39, 40, 41, 45, 56, 60, 61, 63, 70] - 5927, [1, 4, 11, 21, 31, 41, 46, 47, 49, 55, 56, 60, 65, 66, 67, 68, 70] - 7836]
melhor indiv??duo da gera????o:[1, 2, 3, 9, 13, 23, 33, 49, 55, 57, 70] - 3850
gera????o: 10: 
[[1, 2, 3, 5, 12, 22, 24, 28, 35, 49, 58, 62, 70] - 4405, [1, 3, 9, 11, 21, 22, 33, 41, 46, 49, 58, 62, 70] - 4581, [1, 3, 13, 40, 41, 44, 54, 61, 65, 68, 70] - 4746, [1, 4, 11, 20, 31, 41, 47, 49, 58, 62, 70] - 4940, [1, 4, 11, 20, 21, 31, 32, 40, 44, 53, 61, 68, 70] - 5625, [1, 4, 11, 20, 32, 39, 40, 41, 45, 56, 60, 61, 63, 70] - 5927]
melhor indiv??duo da gera????o:[1, 2, 3, 5, 12, 22, 24, 28, 35, 49, 58, 62, 70] - 4405
melhor valor ?? da gera????o 7!!!!
______________________________________________________________________________________________________________________________
