geração: 1: 
[[1, 6, 7, 9, 16, 12, 5, 10, 13, 14, 15, 20] - 76, [1, 3, 6, 8, 9, 16, 12, 13, 19, 20] - 41, [1, 2, 3, 6, 7, 9, 13, 14, 15, 20] - 59, [1, 2, 5, 10, 13, 19, 20] - 33, [1, 6, 8, 3, 5, 12, 13, 14, 10] - 46, [1, 3, 5, 2, 4, 11, 14, 15, 20] - 40, [1, 6, 8, 9, 10, 12, 13, 19, 20] - 46, [1, 3, 5, 2, 4, 11, 13, 9, 16, 10, 12, 19, 20] - 87, [1, 6, 7, 8, 10, 12, 5, 2, 3] - 59, [1, 6, 7, 8, 9, 13, 15, 20] - 42, [1, 3, 8, 10, 13, 15, 20] - 36, [1, 6, 8, 10, 12, 13, 19, 20] - 44, [1, 3, 8, 10, 13, 19, 20] - 36, [1, 6, 7, 9, 13, 14, 10, 12, 16, 17, 18, 19, 20] - 90, [1, 3, 8, 9, 10, 14, 13, 15, 20] - 40, [1, 6, 8, 10, 12, 5, 2, 3] - 53, [1, 3, 6, 7, 8, 10, 13, 19, 20] - 48, [1, 6, 8, 3, 5, 10, 12, 19, 20] - 49, [1, 2, 5, 8, 9, 16, 10, 13, 14, 15, 20] - 59, [1, 3, 6, 7, 9, 12, 13, 14, 10] - 48, [1, 6, 7, 8, 9, 10, 12, 16, 17, 18, 13, 14, 15, 20] - 87, [1, 3, 6, 7, 9, 10, 14, 13, 19, 20] - 51, [1, 6, 8, 10, 13, 15, 20] - 39, [1, 2, 4, 11, 14, 10, 12, 5, 8, 9, 16, 17, 18, 13, 15, 20] - 97, [1, 2, 3, 6, 8, 9, 10, 12, 13, 14, 15, 20] - 64, [1, 2, 5, 10, 12, 19, 20] - 40, [1, 2, 5, 12, 13, 19, 20] - 30, [1, 3, 8, 10, 12, 13, 9, 16, 17, 19, 20] - 79, [1, 6, 8, 9, 13, 15, 20] - 36, [1, 3, 6, 7, 8, 9, 16, 12, 5, 10, 14, 15, 20] - 66, [1, 6, 8, 3, 5, 12, 13, 15, 20] - 39, [1, 3, 6, 7, 8, 9, 10, 14, 13, 15, 20] - 52, [1, 2, 5, 12, 16, 10, 13, 9] - 58, [1, 6, 8, 10, 14, 15, 20] - 35, [1, 3, 8, 10, 13, 9, 12, 16, 17, 19, 20] - 79, [1, 6, 8, 3, 5, 2, 4, 11, 14, 13, 9, 10, 12, 19, 20] - 97, [1, 2, 5, 8, 3, 6, 7, 9, 12, 16, 10, 13, 14, 15, 20] - 81, [1, 6, 7, 9, 10, 12, 13, 19, 20] - 51, [1, 2, 3, 5, 10, 12, 16, 17, 18, 19, 20] - 65, [1, 2, 3, 6, 7, 8, 9, 16, 17, 19, 20] - 58]
melhor indivíduo da geração:[1, 2, 5, 12, 13, 19, 20] - 30
geração: 2: 
[[1, 3, 6, 8, 9, 16, 12, 13, 19, 20] - 41, [1, 2, 5, 10, 13, 19, 20] - 33, [1, 6, 8, 3, 5, 12, 13, 14, 10] - 46, [1, 3, 5, 2, 4, 11, 14, 15, 20] - 40, [1, 6, 8, 9, 10, 12, 13, 19, 20] - 46, [1, 6, 7, 8, 9, 13, 15, 20] - 42, [1, 3, 8, 10, 13, 15, 20] - 36, [1, 6, 8, 10, 12, 13, 19, 20] - 44, [1, 3, 8, 10, 13, 19, 20] - 36, [1, 3, 8, 9, 10, 14, 13, 15, 20] - 40, [1, 6, 8, 10, 12, 5, 2, 3] - 53, [1, 3, 6, 7, 8, 10, 13, 19, 20] - 48, [1, 6, 8, 3, 5, 10, 12, 19, 20] - 49, [1, 3, 6, 7, 9, 12, 13, 14, 10] - 48, [1, 3, 6, 7, 9, 10, 14, 13, 19, 20] - 51, [1, 6, 8, 10, 13, 15, 20] - 39, [1, 2, 5, 10, 12, 19, 20] - 40, [1, 2, 5, 12, 13, 19, 20] - 30, [1, 6, 8, 9, 13, 15, 20] - 36, [1, 6, 8, 3, 5, 12, 13, 15, 20] - 39, [1, 3, 6, 7, 8, 9, 10, 14, 13, 15, 20] - 52, [1, 6, 8, 10, 14, 15, 20] - 35, [1, 6, 7, 9, 10, 12, 13, 19, 20] - 51, [1, 2, 5, 10, 12, 13, 19, 20] - 38, [1, 2, 4, 11, 10, 12, 19, 20] - 49, [1, 3, 8, 9, 16, 12, 13, 19, 20] - 35, [1, 2, 3, 5, 8, 9, 10, 13, 15, 20] - 49, [1, 3, 5, 10, 12, 13, 19, 20] - 38]
melhor indivíduo da geração:[1, 2, 5, 12, 13, 19, 20] - 30
geração: 3: 
[[1, 3, 6, 8, 9, 16, 12, 13, 19, 20] - 41, [1, 2, 5, 10, 13, 19, 20] - 33, [1, 3, 5, 2, 4, 11, 14, 15, 20] - 40, [1, 6, 7, 8, 9, 13, 15, 20] - 42, [1, 3, 8, 10, 13, 15, 20] - 36, [1, 3, 8, 10, 13, 19, 20] - 36, [1, 3, 8, 9, 10, 14, 13, 15, 20] - 40, [1, 6, 8, 10, 13, 15, 20] - 39, [1, 2, 5, 10, 12, 19, 20] - 40, [1, 2, 5, 12, 13, 19, 20] - 30, [1, 6, 8, 9, 13, 15, 20] - 36, [1, 6, 8, 3, 5, 12, 13, 15, 20] - 39, [1, 6, 8, 10, 14, 15, 20] - 35, [1, 2, 5, 10, 12, 13, 19, 20] - 38, [1, 3, 8, 9, 16, 12, 13, 19, 20] - 35, [1, 3, 5, 10, 12, 13, 19, 20] - 38, [1, 6, 8, 3, 5, 10, 13, 19, 20] - 42]
melhor indivíduo da geração:[1, 2, 5, 12, 13, 19, 20] - 30
geração: 4: 
[[1, 3, 6, 8, 9, 16, 12, 13, 19, 20] - 41, [1, 2, 5, 10, 13, 19, 20] - 33, [1, 3, 5, 2, 4, 11, 14, 15, 20] - 40, [1, 6, 7, 8, 9, 13, 15, 20] - 42, [1, 3, 8, 10, 13, 15, 20] - 36, [1, 3, 8, 10, 13, 19, 20] - 36, [1, 3, 8, 9, 10, 14, 13, 15, 20] - 40, [1, 6, 8, 10, 13, 15, 20] - 39, [1, 2, 5, 10, 12, 19, 20] - 40, [1, 2, 5, 12, 13, 19, 20] - 30, [1, 6, 8, 9, 13, 15, 20] - 36, [1, 6, 8, 3, 5, 12, 13, 15, 20] - 39, [1, 6, 8, 10, 14, 15, 20] - 35, [1, 2, 5, 10, 12, 13, 19, 20] - 38, [1, 3, 8, 9, 16, 12, 13, 19, 20] - 35, [1, 3, 5, 10, 12, 13, 19, 20] - 38, [1, 6, 8, 3, 5, 10, 13, 19, 20] - 42, [1, 6, 7, 9, 10, 13, 19, 20] - 46, [1, 3, 6, 8, 10, 13, 19, 20] - 42]
melhor indivíduo da geração:[1, 2, 5, 12, 13, 19, 20] - 30
geração: 5: 
[[1, 3, 6, 8, 9, 16, 12, 13, 19, 20] - 41, [1, 2, 5, 10, 13, 19, 20] - 33, [1, 3, 5, 2, 4, 11, 14, 15, 20] - 40, [1, 6, 7, 8, 9, 13, 15, 20] - 42, [1, 3, 8, 10, 13, 15, 20] - 36, [1, 3, 8, 10, 13, 19, 20] - 36, [1, 3, 8, 9, 10, 14, 13, 15, 20] - 40, [1, 6, 8, 10, 13, 15, 20] - 39, [1, 2, 5, 10, 12, 19, 20] - 40, [1, 2, 5, 12, 13, 19, 20] - 30, [1, 6, 8, 9, 13, 15, 20] - 36, [1, 6, 8, 3, 5, 12, 13, 15, 20] - 39, [1, 6, 8, 10, 14, 15, 20] - 35, [1, 2, 5, 10, 12, 13, 19, 20] - 38, [1, 3, 8, 9, 16, 12, 13, 19, 20] - 35, [1, 3, 5, 10, 12, 13, 19, 20] - 38, [1, 6, 8, 3, 5, 10, 13, 19, 20] - 42, [1, 3, 6, 8, 10, 13, 19, 20] - 42, [1, 2, 3, 6, 8, 9, 13, 19, 20] - 44, [1, 2, 4, 5, 12, 19, 20] - 43, [1, 3, 8, 9, 12, 19, 20] - 32]
melhor indivíduo da geração:[1, 2, 5, 12, 13, 19, 20] - 30
geração: 6: 
[[1, 2, 5, 10, 13, 19, 20] - 33, [1, 3, 5, 2, 4, 11, 14, 15, 20] - 40, [1, 3, 8, 10, 13, 15, 20] - 36, [1, 3, 8, 10, 13, 19, 20] - 36, [1, 3, 8, 9, 10, 14, 13, 15, 20] - 40, [1, 6, 8, 10, 13, 15, 20] - 39, [1, 2, 5, 10, 12, 19, 20] - 40, [1, 2, 5, 12, 13, 19, 20] - 30, [1, 6, 8, 9, 13, 15, 20] - 36, [1, 6, 8, 3, 5, 12, 13, 15, 20] - 39, [1, 6, 8, 10, 14, 15, 20] - 35, [1, 2, 5, 10, 12, 13, 19, 20] - 38, [1, 3, 8, 9, 16, 12, 13, 19, 20] - 35, [1, 3, 5, 10, 12, 13, 19, 20] - 38, [1, 3, 8, 9, 12, 19, 20] - 32]
melhor indivíduo da geração:[1, 2, 5, 12, 13, 19, 20] - 30
geração: 7: 
[[1, 2, 5, 10, 13, 19, 20] - 33, [1, 3, 5, 2, 4, 11, 14, 15, 20] - 40, [1, 3, 8, 10, 13, 15, 20] - 36, [1, 3, 8, 10, 13, 19, 20] - 36, [1, 3, 8, 9, 10, 14, 13, 15, 20] - 40, [1, 6, 8, 10, 13, 15, 20] - 39, [1, 2, 5, 10, 12, 19, 20] - 40, [1, 2, 5, 12, 13, 19, 20] - 30, [1, 6, 8, 9, 13, 15, 20] - 36, [1, 6, 8, 3, 5, 12, 13, 15, 20] - 39, [1, 6, 8, 10, 14, 15, 20] - 35, [1, 2, 5, 10, 12, 13, 19, 20] - 38, [1, 3, 8, 9, 16, 12, 13, 19, 20] - 35, [1, 3, 5, 10, 12, 13, 19, 20] - 38, [1, 3, 8, 9, 12, 19, 20] - 32, [1, 2, 4, 10, 14, 15, 20] - 31]
melhor indivíduo da geração:[1, 2, 5, 12, 13, 19, 20] - 30
geração: 8: 
[[1, 2, 5, 10, 13, 19, 20] - 33, [1, 3, 8, 10, 13, 15, 20] - 36, [1, 3, 8, 10, 13, 19, 20] - 36, [1, 6, 8, 10, 13, 15, 20] - 39, [1, 2, 5, 12, 13, 19, 20] - 30, [1, 6, 8, 9, 13, 15, 20] - 36, [1, 6, 8, 3, 5, 12, 13, 15, 20] - 39, [1, 6, 8, 10, 14, 15, 20] - 35, [1, 2, 5, 10, 12, 13, 19, 20] - 38, [1, 3, 8, 9, 16, 12, 13, 19, 20] - 35, [1, 3, 5, 10, 12, 13, 19, 20] - 38, [1, 3, 8, 9, 12, 19, 20] - 32, [1, 2, 4, 10, 14, 15, 20] - 31, [1, 2, 4, 10, 13, 19, 20] - 35, [1, 3, 5, 8, 9, 12, 19, 20] - 38]
melhor indivíduo da geração:[1, 2, 5, 12, 13, 19, 20] - 30
geração: 9: 
[[1, 2, 5, 10, 13, 19, 20] - 33, [1, 3, 8, 10, 13, 15, 20] - 36, [1, 3, 8, 10, 13, 19, 20] - 36, [1, 6, 8, 10, 13, 15, 20] - 39, [1, 2, 5, 12, 13, 19, 20] - 30, [1, 6, 8, 9, 13, 15, 20] - 36, [1, 6, 8, 3, 5, 12, 13, 15, 20] - 39, [1, 6, 8, 10, 14, 15, 20] - 35, [1, 2, 5, 10, 12, 13, 19, 20] - 38, [1, 3, 8, 9, 16, 12, 13, 19, 20] - 35, [1, 3, 5, 10, 12, 13, 19, 20] - 38, [1, 3, 8, 9, 12, 19, 20] - 32, [1, 2, 4, 10, 14, 15, 20] - 31, [1, 2, 4, 10, 13, 19, 20] - 35, [1, 3, 5, 8, 9, 12, 19, 20] - 38, [1, 2, 3, 8, 10, 14, 15, 20] - 37, [1, 6, 7, 8, 10, 14, 15, 20] - 41]
melhor indivíduo da geração:[1, 2, 5, 12, 13, 19, 20] - 30
geração: 10: 
[[1, 2, 5, 10, 13, 19, 20] - 33, [1, 3, 8, 10, 13, 15, 20] - 36, [1, 3, 8, 10, 13, 19, 20] - 36, [1, 6, 8, 10, 13, 15, 20] - 39, [1, 2, 5, 12, 13, 19, 20] - 30, [1, 6, 8, 9, 13, 15, 20] - 36, [1, 6, 8, 3, 5, 12, 13, 15, 20] - 39, [1, 6, 8, 10, 14, 15, 20] - 35, [1, 2, 5, 10, 12, 13, 19, 20] - 38, [1, 3, 8, 9, 16, 12, 13, 19, 20] - 35, [1, 3, 5, 10, 12, 13, 19, 20] - 38, [1, 3, 8, 9, 12, 19, 20] - 32, [1, 2, 4, 10, 14, 15, 20] - 31, [1, 2, 4, 10, 13, 19, 20] - 35, [1, 3, 5, 8, 9, 12, 19, 20] - 38, [1, 2, 3, 8, 10, 14, 15, 20] - 37, [1, 3, 8, 9, 13, 19, 20] - 33, [1, 2, 5, 10, 14, 15, 20] - 29, [1, 2, 3, 8, 9, 12, 13, 15, 20] - 35]
melhor indivíduo da geração:[1, 2, 5, 10, 14, 15, 20] - 29
geração: 11: 
[[1, 2, 5, 10, 13, 19, 20] - 33, [1, 3, 8, 10, 13, 15, 20] - 36, [1, 3, 8, 10, 13, 19, 20] - 36, [1, 6, 8, 10, 13, 15, 20] - 39, [1, 2, 5, 12, 13, 19, 20] - 30, [1, 6, 8, 9, 13, 15, 20] - 36, [1, 6, 8, 3, 5, 12, 13, 15, 20] - 39, [1, 6, 8, 10, 14, 15, 20] - 35, [1, 2, 5, 10, 12, 13, 19, 20] - 38, [1, 3, 8, 9, 16, 12, 13, 19, 20] - 35, [1, 3, 5, 10, 12, 13, 19, 20] - 38, [1, 3, 8, 9, 12, 19, 20] - 32, [1, 2, 4, 10, 14, 15, 20] - 31, [1, 2, 4, 10, 13, 19, 20] - 35, [1, 3, 5, 8, 9, 12, 19, 20] - 38, [1, 2, 3, 8, 10, 14, 15, 20] - 37, [1, 3, 8, 9, 13, 19, 20] - 33, [1, 2, 5, 10, 14, 15, 20] - 29, [1, 2, 3, 8, 9, 12, 13, 15, 20] - 35, [1, 3, 5, 12, 13, 15, 20] - 30]
melhor indivíduo da geração:[1, 2, 5, 10, 14, 15, 20] - 29
geração: 12: 
[[1, 2, 5, 10, 13, 19, 20] - 33, [1, 3, 8, 10, 13, 15, 20] - 36, [1, 3, 8, 10, 13, 19, 20] - 36, [1, 6, 8, 10, 13, 15, 20] - 39, [1, 2, 5, 12, 13, 19, 20] - 30, [1, 6, 8, 9, 13, 15, 20] - 36, [1, 6, 8, 3, 5, 12, 13, 15, 20] - 39, [1, 6, 8, 10, 14, 15, 20] - 35, [1, 2, 5, 10, 12, 13, 19, 20] - 38, [1, 3, 8, 9, 16, 12, 13, 19, 20] - 35, [1, 3, 5, 10, 12, 13, 19, 20] - 38, [1, 3, 8, 9, 12, 19, 20] - 32, [1, 2, 4, 10, 14, 15, 20] - 31, [1, 2, 4, 10, 13, 19, 20] - 35, [1, 3, 5, 8, 9, 12, 19, 20] - 38, [1, 2, 3, 8, 10, 14, 15, 20] - 37, [1, 3, 8, 9, 13, 19, 20] - 33, [1, 2, 5, 10, 14, 15, 20] - 29, [1, 2, 3, 8, 9, 12, 13, 15, 20] - 35, [1, 3, 5, 12, 13, 15, 20] - 30, [1, 3, 8, 10, 14, 15, 20] - 32, [1, 6, 7, 8, 9, 12, 13, 15, 20] - 39]
melhor indivíduo da geração:[1, 2, 5, 10, 14, 15, 20] - 29
geração: 13: 
[[1, 2, 5, 10, 13, 19, 20] - 33, [1, 2, 5, 12, 13, 19, 20] - 30, [1, 6, 8, 10, 14, 15, 20] - 35, [1, 3, 8, 9, 16, 12, 13, 19, 20] - 35, [1, 3, 8, 9, 12, 19, 20] - 32, [1, 2, 4, 10, 14, 15, 20] - 31, [1, 2, 4, 10, 13, 19, 20] - 35, [1, 3, 8, 9, 13, 19, 20] - 33, [1, 2, 5, 10, 14, 15, 20] - 29, [1, 2, 3, 8, 9, 12, 13, 15, 20] - 35, [1, 3, 5, 12, 13, 15, 20] - 30, [1, 3, 8, 10, 14, 15, 20] - 32]
melhor indivíduo da geração:[1, 2, 5, 10, 14, 15, 20] - 29
geração: 14: 
[[1, 2, 5, 10, 13, 19, 20] - 33, [1, 2, 5, 12, 13, 19, 20] - 30, [1, 6, 8, 10, 14, 15, 20] - 35, [1, 3, 8, 9, 16, 12, 13, 19, 20] - 35, [1, 3, 8, 9, 12, 19, 20] - 32, [1, 2, 4, 10, 14, 15, 20] - 31, [1, 2, 4, 10, 13, 19, 20] - 35, [1, 3, 8, 9, 13, 19, 20] - 33, [1, 2, 5, 10, 14, 15, 20] - 29, [1, 2, 3, 8, 9, 12, 13, 15, 20] - 35, [1, 3, 5, 12, 13, 15, 20] - 30, [1, 3, 8, 10, 14, 15, 20] - 32, [1, 6, 8, 9, 12, 19, 20] - 35, [1, 6, 8, 9, 13, 15, 20] - 36]
melhor indivíduo da geração:[1, 2, 5, 10, 14, 15, 20] - 29
geração: 15: 
[[1, 2, 5, 10, 13, 19, 20] - 33, [1, 2, 5, 12, 13, 19, 20] - 30, [1, 6, 8, 10, 14, 15, 20] - 35, [1, 3, 8, 9, 16, 12, 13, 19, 20] - 35, [1, 3, 8, 9, 12, 19, 20] - 32, [1, 2, 4, 10, 14, 15, 20] - 31, [1, 2, 4, 10, 13, 19, 20] - 35, [1, 3, 8, 9, 13, 19, 20] - 33, [1, 2, 5, 10, 14, 15, 20] - 29, [1, 2, 3, 8, 9, 12, 13, 15, 20] - 35, [1, 3, 5, 12, 13, 15, 20] - 30, [1, 3, 8, 10, 14, 15, 20] - 32, [1, 6, 8, 9, 12, 19, 20] - 35, [1, 6, 8, 9, 13, 15, 20] - 36, [1, 3, 5, 2, 4, 10, 14, 15, 20] - 37, [1, 3, 5, 10, 14, 15, 20] - 29]
melhor indivíduo da geração:[1, 2, 5, 10, 14, 15, 20] - 29
geração: 16: 
[[1, 2, 5, 10, 13, 19, 20] - 33, [1, 2, 5, 12, 13, 19, 20] - 30, [1, 6, 8, 10, 14, 15, 20] - 35, [1, 3, 8, 9, 16, 12, 13, 19, 20] - 35, [1, 3, 8, 9, 12, 19, 20] - 32, [1, 2, 4, 10, 14, 15, 20] - 31, [1, 2, 4, 10, 13, 19, 20] - 35, [1, 3, 8, 9, 13, 19, 20] - 33, [1, 2, 5, 10, 14, 15, 20] - 29, [1, 2, 3, 8, 9, 12, 13, 15, 20] - 35, [1, 3, 5, 12, 13, 15, 20] - 30, [1, 3, 8, 10, 14, 15, 20] - 32, [1, 6, 8, 9, 12, 19, 20] - 35, [1, 6, 8, 9, 13, 15, 20] - 36, [1, 3, 5, 2, 4, 10, 14, 15, 20] - 37, [1, 3, 5, 10, 14, 15, 20] - 29, [1, 3, 5, 10, 13, 15, 20] - 33]
melhor indivíduo da geração:[1, 2, 5, 10, 14, 15, 20] - 29
geração: 17: 
[[1, 2, 5, 10, 13, 19, 20] - 33, [1, 2, 5, 12, 13, 19, 20] - 30, [1, 6, 8, 10, 14, 15, 20] - 35, [1, 3, 8, 9, 16, 12, 13, 19, 20] - 35, [1, 3, 8, 9, 12, 19, 20] - 32, [1, 2, 4, 10, 14, 15, 20] - 31, [1, 2, 4, 10, 13, 19, 20] - 35, [1, 3, 8, 9, 13, 19, 20] - 33, [1, 2, 5, 10, 14, 15, 20] - 29, [1, 2, 3, 8, 9, 12, 13, 15, 20] - 35, [1, 3, 5, 12, 13, 15, 20] - 30, [1, 3, 8, 10, 14, 15, 20] - 32, [1, 6, 8, 9, 12, 19, 20] - 35, [1, 6, 8, 9, 13, 15, 20] - 36, [1, 3, 5, 10, 14, 15, 20] - 29, [1, 3, 5, 10, 13, 15, 20] - 33, [1, 2, 3, 5, 12, 13, 19, 20] - 35]
melhor indivíduo da geração:[1, 2, 5, 10, 14, 15, 20] - 29
geração: 18: 
[[1, 2, 5, 10, 13, 19, 20] - 33, [1, 2, 5, 12, 13, 19, 20] - 30, [1, 6, 8, 10, 14, 15, 20] - 35, [1, 3, 8, 9, 16, 12, 13, 19, 20] - 35, [1, 3, 8, 9, 12, 19, 20] - 32, [1, 2, 4, 10, 14, 15, 20] - 31, [1, 2, 4, 10, 13, 19, 20] - 35, [1, 3, 8, 9, 13, 19, 20] - 33, [1, 2, 5, 10, 14, 15, 20] - 29, [1, 2, 3, 8, 9, 12, 13, 15, 20] - 35, [1, 3, 5, 12, 13, 15, 20] - 30, [1, 3, 8, 10, 14, 15, 20] - 32, [1, 6, 8, 9, 12, 19, 20] - 35, [1, 6, 8, 9, 13, 15, 20] - 36, [1, 3, 5, 10, 14, 15, 20] - 29, [1, 3, 5, 10, 13, 15, 20] - 33, [1, 2, 3, 5, 12, 13, 19, 20] - 35, [1, 3, 8, 10, 13, 19, 20] - 36]
melhor indivíduo da geração:[1, 2, 5, 10, 14, 15, 20] - 29
geração: 19: 
[[1, 2, 5, 10, 13, 19, 20] - 33, [1, 2, 5, 12, 13, 19, 20] - 30, [1, 6, 8, 10, 14, 15, 20] - 35, [1, 3, 8, 9, 16, 12, 13, 19, 20] - 35, [1, 3, 8, 9, 12, 19, 20] - 32, [1, 2, 4, 10, 14, 15, 20] - 31, [1, 2, 4, 10, 13, 19, 20] - 35, [1, 3, 8, 9, 13, 19, 20] - 33, [1, 2, 5, 10, 14, 15, 20] - 29, [1, 2, 3, 8, 9, 12, 13, 15, 20] - 35, [1, 3, 5, 12, 13, 15, 20] - 30, [1, 3, 8, 10, 14, 15, 20] - 32, [1, 6, 8, 9, 12, 19, 20] - 35, [1, 6, 8, 9, 13, 15, 20] - 36, [1, 3, 5, 10, 14, 15, 20] - 29, [1, 3, 5, 10, 13, 15, 20] - 33, [1, 2, 3, 5, 12, 13, 19, 20] - 35, [1, 3, 8, 10, 13, 19, 20] - 36, [1, 3, 8, 10, 13, 15, 20] - 36, [1, 3, 5, 8, 10, 14, 15, 20] - 38]
melhor indivíduo da geração:[1, 2, 5, 10, 14, 15, 20] - 29
geração: 20: 
[[1, 2, 5, 10, 13, 19, 20] - 33, [1, 2, 5, 12, 13, 19, 20] - 30, [1, 6, 8, 10, 14, 15, 20] - 35, [1, 3, 8, 9, 16, 12, 13, 19, 20] - 35, [1, 3, 8, 9, 12, 19, 20] - 32, [1, 2, 4, 10, 14, 15, 20] - 31, [1, 2, 4, 10, 13, 19, 20] - 35, [1, 3, 8, 9, 13, 19, 20] - 33, [1, 2, 5, 10, 14, 15, 20] - 29, [1, 2, 3, 8, 9, 12, 13, 15, 20] - 35, [1, 3, 5, 12, 13, 15, 20] - 30, [1, 3, 8, 10, 14, 15, 20] - 32, [1, 6, 8, 9, 12, 19, 20] - 35, [1, 6, 8, 9, 13, 15, 20] - 36, [1, 3, 5, 10, 14, 15, 20] - 29, [1, 3, 5, 10, 13, 15, 20] - 33, [1, 2, 3, 5, 12, 13, 19, 20] - 35, [1, 3, 8, 10, 13, 19, 20] - 36, [1, 3, 8, 10, 13, 15, 20] - 36, [1, 3, 5, 8, 10, 14, 15, 20] - 38, [1, 2, 5, 10, 12, 13, 19, 20] - 38, [1, 2, 5, 8, 10, 14, 15, 20] - 38, [1, 6, 8, 9, 16, 12, 13, 15, 20] - 38]
melhor indivíduo da geração:[1, 2, 5, 10, 14, 15, 20] - 29
geração: 21: 
[[1, 2, 5, 10, 13, 19, 20] - 33, [1, 2, 5, 12, 13, 19, 20] - 30, [1, 6, 8, 10, 14, 15, 20] - 35, [1, 3, 8, 9, 16, 12, 13, 19, 20] - 35, [1, 3, 8, 9, 12, 19, 20] - 32, [1, 2, 4, 10, 14, 15, 20] - 31, [1, 2, 4, 10, 13, 19, 20] - 35, [1, 3, 8, 9, 13, 19, 20] - 33, [1, 2, 5, 10, 14, 15, 20] - 29, [1, 2, 3, 8, 9, 12, 13, 15, 20] - 35, [1, 3, 5, 12, 13, 15, 20] - 30, [1, 3, 8, 10, 14, 15, 20] - 32, [1, 6, 8, 9, 12, 19, 20] - 35, [1, 6, 8, 9, 13, 15, 20] - 36, [1, 3, 5, 10, 14, 15, 20] - 29, [1, 3, 5, 10, 13, 15, 20] - 33, [1, 2, 3, 5, 12, 13, 19, 20] - 35, [1, 3, 8, 10, 13, 19, 20] - 36, [1, 3, 8, 10, 13, 15, 20] - 36]
melhor indivíduo da geração:[1, 2, 5, 10, 14, 15, 20] - 29
geração: 22: 
[[1, 2, 5, 10, 13, 19, 20] - 33, [1, 2, 5, 12, 13, 19, 20] - 30, [1, 6, 8, 10, 14, 15, 20] - 35, [1, 3, 8, 9, 16, 12, 13, 19, 20] - 35, [1, 3, 8, 9, 12, 19, 20] - 32, [1, 2, 4, 10, 14, 15, 20] - 31, [1, 2, 4, 10, 13, 19, 20] - 35, [1, 3, 8, 9, 13, 19, 20] - 33, [1, 2, 5, 10, 14, 15, 20] - 29, [1, 2, 3, 8, 9, 12, 13, 15, 20] - 35, [1, 3, 5, 12, 13, 15, 20] - 30, [1, 3, 8, 10, 14, 15, 20] - 32, [1, 6, 8, 9, 12, 19, 20] - 35, [1, 6, 8, 9, 13, 15, 20] - 36, [1, 3, 5, 10, 14, 15, 20] - 29, [1, 3, 5, 10, 13, 15, 20] - 33, [1, 2, 3, 5, 12, 13, 19, 20] - 35, [1, 3, 8, 10, 13, 19, 20] - 36, [1, 3, 8, 10, 13, 15, 20] - 36, [1, 2, 5, 12, 13, 15, 20] - 30]
melhor indivíduo da geração:[1, 2, 5, 10, 14, 15, 20] - 29
geração: 23: 
[[1, 2, 5, 10, 13, 19, 20] - 33, [1, 2, 5, 12, 13, 19, 20] - 30, [1, 6, 8, 10, 14, 15, 20] - 35, [1, 3, 8, 9, 16, 12, 13, 19, 20] - 35, [1, 3, 8, 9, 12, 19, 20] - 32, [1, 2, 4, 10, 14, 15, 20] - 31, [1, 2, 4, 10, 13, 19, 20] - 35, [1, 3, 8, 9, 13, 19, 20] - 33, [1, 2, 5, 10, 14, 15, 20] - 29, [1, 2, 3, 8, 9, 12, 13, 15, 20] - 35, [1, 3, 5, 12, 13, 15, 20] - 30, [1, 3, 8, 10, 14, 15, 20] - 32, [1, 6, 8, 9, 12, 19, 20] - 35, [1, 6, 8, 9, 13, 15, 20] - 36, [1, 3, 5, 10, 14, 15, 20] - 29, [1, 3, 5, 10, 13, 15, 20] - 33, [1, 2, 3, 5, 12, 13, 19, 20] - 35, [1, 3, 8, 10, 13, 19, 20] - 36, [1, 3, 8, 10, 13, 15, 20] - 36, [1, 2, 5, 12, 13, 15, 20] - 30, [1, 3, 5, 12, 19, 20] - 32, [1, 2, 5, 8, 9, 12, 13, 19, 20] - 36]
melhor indivíduo da geração:[1, 2, 5, 10, 14, 15, 20] - 29
geração: 24: 
[[1, 2, 5, 10, 13, 19, 20] - 33, [1, 2, 5, 12, 13, 19, 20] - 30, [1, 3, 8, 9, 12, 19, 20] - 32, [1, 2, 4, 10, 14, 15, 20] - 31, [1, 3, 8, 9, 13, 19, 20] - 33, [1, 2, 5, 10, 14, 15, 20] - 29, [1, 3, 5, 12, 13, 15, 20] - 30, [1, 3, 8, 10, 14, 15, 20] - 32, [1, 3, 5, 10, 14, 15, 20] - 29, [1, 3, 5, 10, 13, 15, 20] - 33, [1, 2, 5, 12, 13, 15, 20] - 30, [1, 3, 5, 12, 19, 20] - 32]
melhor indivíduo da geração:[1, 2, 5, 10, 14, 15, 20] - 29
geração: 25: 
[[1, 2, 5, 10, 13, 19, 20] - 33, [1, 2, 5, 12, 13, 19, 20] - 30, [1, 3, 8, 9, 12, 19, 20] - 32, [1, 2, 4, 10, 14, 15, 20] - 31, [1, 3, 8, 9, 13, 19, 20] - 33, [1, 2, 5, 10, 14, 15, 20] - 29, [1, 3, 5, 12, 13, 15, 20] - 30, [1, 3, 8, 10, 14, 15, 20] - 32, [1, 3, 5, 10, 14, 15, 20] - 29, [1, 3, 5, 10, 13, 15, 20] - 33, [1, 2, 5, 12, 13, 15, 20] - 30, [1, 3, 5, 12, 19, 20] - 32, [1, 6, 8, 10, 14, 15, 20] - 35, [1, 6, 8, 9, 10, 14, 15, 20] - 37]
melhor indivíduo da geração:[1, 2, 5, 10, 14, 15, 20] - 29
geração: 26: 
[[1, 2, 5, 10, 13, 19, 20] - 33, [1, 2, 5, 12, 13, 19, 20] - 30, [1, 3, 8, 9, 12, 19, 20] - 32, [1, 2, 4, 10, 14, 15, 20] - 31, [1, 3, 8, 9, 13, 19, 20] - 33, [1, 2, 5, 10, 14, 15, 20] - 29, [1, 3, 5, 12, 13, 15, 20] - 30, [1, 3, 8, 10, 14, 15, 20] - 32, [1, 3, 5, 10, 14, 15, 20] - 29, [1, 3, 5, 10, 13, 15, 20] - 33, [1, 2, 5, 12, 13, 15, 20] - 30, [1, 3, 5, 12, 19, 20] - 32, [1, 6, 8, 10, 14, 15, 20] - 35, [1, 6, 8, 9, 10, 14, 15, 20] - 37, [1, 2, 5, 10, 14, 13, 15, 20] - 35]
melhor indivíduo da geração:[1, 2, 5, 10, 14, 15, 20] - 29
geração: 27: 
[[1, 2, 5, 10, 13, 19, 20] - 33, [1, 2, 5, 12, 13, 19, 20] - 30, [1, 3, 8, 9, 12, 19, 20] - 32, [1, 2, 4, 10, 14, 15, 20] - 31, [1, 3, 8, 9, 13, 19, 20] - 33, [1, 2, 5, 10, 14, 15, 20] - 29, [1, 3, 5, 12, 13, 15, 20] - 30, [1, 3, 8, 10, 14, 15, 20] - 32, [1, 3, 5, 10, 14, 15, 20] - 29, [1, 3, 5, 10, 13, 15, 20] - 33, [1, 2, 5, 12, 13, 15, 20] - 30, [1, 3, 5, 12, 19, 20] - 32, [1, 6, 8, 10, 14, 15, 20] - 35, [1, 6, 8, 9, 10, 14, 15, 20] - 37, [1, 2, 5, 10, 14, 13, 15, 20] - 35, [1, 3, 5, 10, 13, 19, 20] - 33]
melhor indivíduo da geração:[1, 2, 5, 10, 14, 15, 20] - 29
geração: 28: 
[[1, 2, 5, 10, 13, 19, 20] - 33, [1, 2, 5, 12, 13, 19, 20] - 30, [1, 3, 8, 9, 12, 19, 20] - 32, [1, 2, 4, 10, 14, 15, 20] - 31, [1, 3, 8, 9, 13, 19, 20] - 33, [1, 2, 5, 10, 14, 15, 20] - 29, [1, 3, 5, 12, 13, 15, 20] - 30, [1, 3, 8, 10, 14, 15, 20] - 32, [1, 3, 5, 10, 14, 15, 20] - 29, [1, 3, 5, 10, 13, 15, 20] - 33, [1, 2, 5, 12, 13, 15, 20] - 30, [1, 3, 5, 12, 19, 20] - 32, [1, 6, 8, 10, 14, 15, 20] - 35, [1, 6, 8, 9, 10, 14, 15, 20] - 37, [1, 2, 5, 10, 14, 13, 15, 20] - 35, [1, 3, 5, 10, 13, 19, 20] - 33, [1, 2, 5, 8, 9, 13, 15, 20] - 39]
melhor indivíduo da geração:[1, 2, 5, 10, 14, 15, 20] - 29
geração: 29: 
[[1, 2, 5, 10, 13, 19, 20] - 33, [1, 2, 5, 12, 13, 19, 20] - 30, [1, 3, 8, 9, 12, 19, 20] - 32, [1, 2, 4, 10, 14, 15, 20] - 31, [1, 3, 8, 9, 13, 19, 20] - 33, [1, 2, 5, 10, 14, 15, 20] - 29, [1, 3, 5, 12, 13, 15, 20] - 30, [1, 3, 8, 10, 14, 15, 20] - 32, [1, 3, 5, 10, 14, 15, 20] - 29, [1, 3, 5, 10, 13, 15, 20] - 33, [1, 2, 5, 12, 13, 15, 20] - 30, [1, 3, 5, 12, 19, 20] - 32, [1, 6, 8, 10, 14, 15, 20] - 35, [1, 2, 5, 10, 14, 13, 15, 20] - 35, [1, 3, 5, 10, 13, 19, 20] - 33]
melhor indivíduo da geração:[1, 2, 5, 10, 14, 15, 20] - 29
geração: 30: 
[[1, 2, 5, 10, 13, 19, 20] - 33, [1, 2, 5, 12, 13, 19, 20] - 30, [1, 3, 8, 9, 12, 19, 20] - 32, [1, 2, 4, 10, 14, 15, 20] - 31, [1, 3, 8, 9, 13, 19, 20] - 33, [1, 2, 5, 10, 14, 15, 20] - 29, [1, 3, 5, 12, 13, 15, 20] - 30, [1, 3, 8, 10, 14, 15, 20] - 32, [1, 3, 5, 10, 14, 15, 20] - 29, [1, 3, 5, 10, 13, 15, 20] - 33, [1, 2, 5, 12, 13, 15, 20] - 30, [1, 3, 5, 12, 19, 20] - 32, [1, 6, 8, 10, 14, 15, 20] - 35, [1, 2, 5, 10, 14, 13, 15, 20] - 35, [1, 3, 5, 10, 13, 19, 20] - 33]
melhor indivíduo da geração:[1, 2, 5, 10, 14, 15, 20] - 29
geração: 31: 
[[1, 2, 5, 10, 13, 19, 20] - 33, [1, 2, 5, 12, 13, 19, 20] - 30, [1, 3, 8, 9, 12, 19, 20] - 32, [1, 2, 4, 10, 14, 15, 20] - 31, [1, 3, 8, 9, 13, 19, 20] - 33, [1, 2, 5, 10, 14, 15, 20] - 29, [1, 3, 5, 12, 13, 15, 20] - 30, [1, 3, 8, 10, 14, 15, 20] - 32, [1, 3, 5, 10, 14, 15, 20] - 29, [1, 3, 5, 10, 13, 15, 20] - 33, [1, 2, 5, 12, 13, 15, 20] - 30, [1, 3, 5, 12, 19, 20] - 32, [1, 6, 8, 10, 14, 15, 20] - 35, [1, 2, 5, 10, 14, 13, 15, 20] - 35, [1, 3, 5, 10, 13, 19, 20] - 33]
melhor indivíduo da geração:[1, 2, 5, 10, 14, 15, 20] - 29
geração: 32: 
[[1, 2, 5, 10, 13, 19, 20] - 33, [1, 2, 5, 12, 13, 19, 20] - 30, [1, 3, 8, 9, 12, 19, 20] - 32, [1, 2, 4, 10, 14, 15, 20] - 31, [1, 3, 8, 9, 13, 19, 20] - 33, [1, 2, 5, 10, 14, 15, 20] - 29, [1, 3, 5, 12, 13, 15, 20] - 30, [1, 3, 8, 10, 14, 15, 20] - 32, [1, 3, 5, 10, 14, 15, 20] - 29, [1, 3, 5, 10, 13, 15, 20] - 33, [1, 2, 5, 12, 13, 15, 20] - 30, [1, 3, 5, 12, 19, 20] - 32, [1, 6, 8, 10, 14, 15, 20] - 35, [1, 2, 5, 10, 14, 13, 15, 20] - 35, [1, 3, 5, 10, 13, 19, 20] - 33]
melhor indivíduo da geração:[1, 2, 5, 10, 14, 15, 20] - 29
geração: 33: 
[[1, 2, 5, 10, 13, 19, 20] - 33, [1, 2, 5, 12, 13, 19, 20] - 30, [1, 3, 8, 9, 12, 19, 20] - 32, [1, 2, 4, 10, 14, 15, 20] - 31, [1, 3, 8, 9, 13, 19, 20] - 33, [1, 2, 5, 10, 14, 15, 20] - 29, [1, 3, 5, 12, 13, 15, 20] - 30, [1, 3, 8, 10, 14, 15, 20] - 32, [1, 3, 5, 10, 14, 15, 20] - 29, [1, 3, 5, 10, 13, 15, 20] - 33, [1, 2, 5, 12, 13, 15, 20] - 30, [1, 3, 5, 12, 19, 20] - 32, [1, 6, 8, 10, 14, 15, 20] - 35, [1, 2, 5, 10, 14, 13, 15, 20] - 35, [1, 3, 5, 10, 13, 19, 20] - 33, [1, 3, 5, 10, 14, 13, 15, 20] - 35]
melhor indivíduo da geração:[1, 2, 5, 10, 14, 15, 20] - 29
geração: 34: 
[[1, 2, 5, 10, 13, 19, 20] - 33, [1, 2, 5, 12, 13, 19, 20] - 30, [1, 3, 8, 9, 12, 19, 20] - 32, [1, 2, 4, 10, 14, 15, 20] - 31, [1, 3, 8, 9, 13, 19, 20] - 33, [1, 2, 5, 10, 14, 15, 20] - 29, [1, 3, 5, 12, 13, 15, 20] - 30, [1, 3, 8, 10, 14, 15, 20] - 32, [1, 3, 5, 10, 14, 15, 20] - 29, [1, 3, 5, 10, 13, 15, 20] - 33, [1, 2, 5, 12, 13, 15, 20] - 30, [1, 3, 5, 12, 19, 20] - 32, [1, 6, 8, 10, 14, 15, 20] - 35, [1, 2, 5, 10, 14, 13, 15, 20] - 35, [1, 3, 5, 10, 13, 19, 20] - 33, [1, 3, 5, 10, 14, 13, 15, 20] - 35]
melhor indivíduo da geração:[1, 2, 5, 10, 14, 15, 20] - 29
geração: 35: 
[[1, 2, 5, 10, 13, 19, 20] - 33, [1, 2, 5, 12, 13, 19, 20] - 30, [1, 3, 8, 9, 12, 19, 20] - 32, [1, 2, 4, 10, 14, 15, 20] - 31, [1, 3, 8, 9, 13, 19, 20] - 33, [1, 2, 5, 10, 14, 15, 20] - 29, [1, 3, 5, 12, 13, 15, 20] - 30, [1, 3, 8, 10, 14, 15, 20] - 32, [1, 3, 5, 10, 14, 15, 20] - 29, [1, 3, 5, 10, 13, 15, 20] - 33, [1, 2, 5, 12, 13, 15, 20] - 30, [1, 3, 5, 12, 19, 20] - 32, [1, 6, 8, 10, 14, 15, 20] - 35, [1, 2, 5, 10, 14, 13, 15, 20] - 35, [1, 3, 5, 10, 13, 19, 20] - 33, [1, 3, 5, 10, 14, 13, 15, 20] - 35, [1, 2, 5, 8, 10, 14, 15, 20] - 38]
melhor indivíduo da geração:[1, 2, 5, 10, 14, 15, 20] - 29
geração: 36: 
[[1, 2, 5, 10, 13, 19, 20] - 33, [1, 2, 5, 12, 13, 19, 20] - 30, [1, 3, 8, 9, 12, 19, 20] - 32, [1, 2, 4, 10, 14, 15, 20] - 31, [1, 3, 8, 9, 13, 19, 20] - 33, [1, 2, 5, 10, 14, 15, 20] - 29, [1, 3, 5, 12, 13, 15, 20] - 30, [1, 3, 8, 10, 14, 15, 20] - 32, [1, 3, 5, 10, 14, 15, 20] - 29, [1, 3, 5, 10, 13, 15, 20] - 33, [1, 2, 5, 12, 13, 15, 20] - 30, [1, 3, 5, 12, 19, 20] - 32, [1, 6, 8, 10, 14, 15, 20] - 35, [1, 2, 5, 10, 14, 13, 15, 20] - 35, [1, 3, 5, 10, 13, 19, 20] - 33, [1, 3, 5, 10, 14, 13, 15, 20] - 35, [1, 2, 5, 8, 10, 14, 15, 20] - 38]
melhor indivíduo da geração:[1, 2, 5, 10, 14, 15, 20] - 29
geração: 37: 
[[1, 2, 5, 10, 13, 19, 20] - 33, [1, 2, 5, 12, 13, 19, 20] - 30, [1, 3, 8, 9, 12, 19, 20] - 32, [1, 2, 4, 10, 14, 15, 20] - 31, [1, 3, 8, 9, 13, 19, 20] - 33, [1, 2, 5, 10, 14, 15, 20] - 29, [1, 3, 5, 12, 13, 15, 20] - 30, [1, 3, 8, 10, 14, 15, 20] - 32, [1, 3, 5, 10, 14, 15, 20] - 29, [1, 3, 5, 10, 13, 15, 20] - 33, [1, 2, 5, 12, 13, 15, 20] - 30, [1, 3, 5, 12, 19, 20] - 32, [1, 6, 8, 10, 14, 15, 20] - 35, [1, 2, 5, 10, 14, 13, 15, 20] - 35, [1, 3, 5, 10, 13, 19, 20] - 33, [1, 3, 5, 10, 14, 13, 15, 20] - 35, [1, 2, 5, 8, 10, 14, 15, 20] - 38, [1, 2, 3, 8, 9, 13, 15, 20] - 38, [1, 3, 5, 10, 12, 13, 15, 20] - 38, [1, 3, 8, 10, 13, 19, 20] - 36]
melhor indivíduo da geração:[1, 2, 5, 10, 14, 15, 20] - 29
geração: 38: 
[[1, 2, 5, 10, 13, 19, 20] - 33, [1, 2, 5, 12, 13, 19, 20] - 30, [1, 3, 8, 9, 12, 19, 20] - 32, [1, 2, 4, 10, 14, 15, 20] - 31, [1, 3, 8, 9, 13, 19, 20] - 33, [1, 2, 5, 10, 14, 15, 20] - 29, [1, 3, 5, 12, 13, 15, 20] - 30, [1, 3, 8, 10, 14, 15, 20] - 32, [1, 3, 5, 10, 14, 15, 20] - 29, [1, 3, 5, 10, 13, 15, 20] - 33, [1, 2, 5, 12, 13, 15, 20] - 30, [1, 3, 5, 12, 19, 20] - 32, [1, 6, 8, 10, 14, 15, 20] - 35, [1, 2, 5, 10, 14, 13, 15, 20] - 35, [1, 3, 5, 10, 13, 19, 20] - 33, [1, 3, 5, 10, 14, 13, 15, 20] - 35, [1, 2, 5, 8, 10, 14, 15, 20] - 38, [1, 2, 3, 8, 9, 13, 15, 20] - 38, [1, 3, 5, 10, 12, 13, 15, 20] - 38, [1, 3, 8, 10, 13, 19, 20] - 36, [1, 2, 5, 12, 19, 20] - 32]
melhor indivíduo da geração:[1, 2, 5, 10, 14, 15, 20] - 29
geração: 39: 
[[1, 2, 5, 10, 13, 19, 20] - 33, [1, 2, 5, 12, 13, 19, 20] - 30, [1, 3, 8, 9, 12, 19, 20] - 32, [1, 2, 4, 10, 14, 15, 20] - 31, [1, 3, 8, 9, 13, 19, 20] - 33, [1, 2, 5, 10, 14, 15, 20] - 29, [1, 3, 5, 12, 13, 15, 20] - 30, [1, 3, 8, 10, 14, 15, 20] - 32, [1, 3, 5, 10, 14, 15, 20] - 29, [1, 3, 5, 10, 13, 15, 20] - 33, [1, 2, 5, 12, 13, 15, 20] - 30, [1, 3, 5, 12, 19, 20] - 32, [1, 3, 5, 10, 13, 19, 20] - 33, [1, 2, 5, 12, 19, 20] - 32]
melhor indivíduo da geração:[1, 2, 5, 10, 14, 15, 20] - 29
geração: 40: 
[[1, 2, 5, 10, 13, 19, 20] - 33, [1, 2, 5, 12, 13, 19, 20] - 30, [1, 3, 8, 9, 12, 19, 20] - 32, [1, 2, 4, 10, 14, 15, 20] - 31, [1, 3, 8, 9, 13, 19, 20] - 33, [1, 2, 5, 10, 14, 15, 20] - 29, [1, 3, 5, 12, 13, 15, 20] - 30, [1, 3, 8, 10, 14, 15, 20] - 32, [1, 3, 5, 10, 14, 15, 20] - 29, [1, 3, 5, 10, 13, 15, 20] - 33, [1, 2, 5, 12, 13, 15, 20] - 30, [1, 3, 5, 12, 19, 20] - 32, [1, 3, 5, 10, 13, 19, 20] - 33, [1, 2, 5, 12, 19, 20] - 32]
melhor indivíduo da geração:[1, 2, 5, 10, 14, 15, 20] - 29
geração: 41: 
[[1, 2, 5, 10, 13, 19, 20] - 33, [1, 2, 5, 12, 13, 19, 20] - 30, [1, 3, 8, 9, 12, 19, 20] - 32, [1, 2, 4, 10, 14, 15, 20] - 31, [1, 3, 8, 9, 13, 19, 20] - 33, [1, 2, 5, 10, 14, 15, 20] - 29, [1, 3, 5, 12, 13, 15, 20] - 30, [1, 3, 8, 10, 14, 15, 20] - 32, [1, 3, 5, 10, 14, 15, 20] - 29, [1, 3, 5, 10, 13, 15, 20] - 33, [1, 2, 5, 12, 13, 15, 20] - 30, [1, 3, 5, 12, 19, 20] - 32, [1, 3, 5, 10, 13, 19, 20] - 33, [1, 2, 5, 12, 19, 20] - 32, [1, 6, 8, 9, 13, 15, 20] - 36]
melhor indivíduo da geração:[1, 2, 5, 10, 14, 15, 20] - 29
geração: 42: 
[[1, 2, 5, 10, 13, 19, 20] - 33, [1, 2, 5, 12, 13, 19, 20] - 30, [1, 3, 8, 9, 12, 19, 20] - 32, [1, 2, 4, 10, 14, 15, 20] - 31, [1, 3, 8, 9, 13, 19, 20] - 33, [1, 2, 5, 10, 14, 15, 20] - 29, [1, 3, 5, 12, 13, 15, 20] - 30, [1, 3, 8, 10, 14, 15, 20] - 32, [1, 3, 5, 10, 14, 15, 20] - 29, [1, 3, 5, 10, 13, 15, 20] - 33, [1, 2, 5, 12, 13, 15, 20] - 30, [1, 3, 5, 12, 19, 20] - 32, [1, 3, 5, 10, 13, 19, 20] - 33, [1, 2, 5, 12, 19, 20] - 32, [1, 6, 8, 9, 13, 15, 20] - 36]
melhor indivíduo da geração:[1, 2, 5, 10, 14, 15, 20] - 29
geração: 43: 
[[1, 2, 5, 10, 13, 19, 20] - 33, [1, 2, 5, 12, 13, 19, 20] - 30, [1, 3, 8, 9, 12, 19, 20] - 32, [1, 2, 4, 10, 14, 15, 20] - 31, [1, 3, 8, 9, 13, 19, 20] - 33, [1, 2, 5, 10, 14, 15, 20] - 29, [1, 3, 5, 12, 13, 15, 20] - 30, [1, 3, 8, 10, 14, 15, 20] - 32, [1, 3, 5, 10, 14, 15, 20] - 29, [1, 3, 5, 10, 13, 15, 20] - 33, [1, 2, 5, 12, 13, 15, 20] - 30, [1, 3, 5, 12, 19, 20] - 32, [1, 3, 5, 10, 13, 19, 20] - 33, [1, 2, 5, 12, 19, 20] - 32, [1, 6, 8, 9, 13, 15, 20] - 36]
melhor indivíduo da geração:[1, 2, 5, 10, 14, 15, 20] - 29
geração: 44: 
[[1, 2, 5, 10, 13, 19, 20] - 33, [1, 2, 5, 12, 13, 19, 20] - 30, [1, 3, 8, 9, 12, 19, 20] - 32, [1, 2, 4, 10, 14, 15, 20] - 31, [1, 3, 8, 9, 13, 19, 20] - 33, [1, 2, 5, 10, 14, 15, 20] - 29, [1, 3, 5, 12, 13, 15, 20] - 30, [1, 3, 8, 10, 14, 15, 20] - 32, [1, 3, 5, 10, 14, 15, 20] - 29, [1, 3, 5, 10, 13, 15, 20] - 33, [1, 2, 5, 12, 13, 15, 20] - 30, [1, 3, 5, 12, 19, 20] - 32, [1, 3, 5, 10, 13, 19, 20] - 33, [1, 2, 5, 12, 19, 20] - 32, [1, 6, 8, 9, 13, 15, 20] - 36, [1, 2, 4, 11, 13, 19, 20] - 34]
melhor indivíduo da geração:[1, 2, 5, 10, 14, 15, 20] - 29
geração: 45: 
[[1, 2, 5, 10, 13, 19, 20] - 33, [1, 2, 5, 12, 13, 19, 20] - 30, [1, 3, 8, 9, 12, 19, 20] - 32, [1, 2, 4, 10, 14, 15, 20] - 31, [1, 3, 8, 9, 13, 19, 20] - 33, [1, 2, 5, 10, 14, 15, 20] - 29, [1, 3, 5, 12, 13, 15, 20] - 30, [1, 3, 8, 10, 14, 15, 20] - 32, [1, 3, 5, 10, 14, 15, 20] - 29, [1, 3, 5, 10, 13, 15, 20] - 33, [1, 2, 5, 12, 13, 15, 20] - 30, [1, 3, 5, 12, 19, 20] - 32, [1, 3, 5, 10, 13, 19, 20] - 33, [1, 2, 5, 12, 19, 20] - 32, [1, 6, 8, 9, 13, 15, 20] - 36, [1, 2, 4, 11, 13, 19, 20] - 34, [1, 2, 3, 5, 10, 14, 13, 19, 20] - 40]
melhor indivíduo da geração:[1, 2, 5, 10, 14, 15, 20] - 29
geração: 46: 
[[1, 2, 5, 10, 13, 19, 20] - 33, [1, 2, 5, 12, 13, 19, 20] - 30, [1, 3, 8, 9, 12, 19, 20] - 32, [1, 2, 4, 10, 14, 15, 20] - 31, [1, 3, 8, 9, 13, 19, 20] - 33, [1, 2, 5, 10, 14, 15, 20] - 29, [1, 3, 5, 12, 13, 15, 20] - 30, [1, 3, 8, 10, 14, 15, 20] - 32, [1, 3, 5, 10, 14, 15, 20] - 29, [1, 3, 5, 10, 13, 15, 20] - 33, [1, 2, 5, 12, 13, 15, 20] - 30, [1, 3, 5, 12, 19, 20] - 32, [1, 3, 5, 10, 13, 19, 20] - 33, [1, 2, 5, 12, 19, 20] - 32, [1, 6, 8, 9, 13, 15, 20] - 36, [1, 2, 4, 11, 13, 19, 20] - 34, [1, 2, 3, 5, 10, 14, 13, 19, 20] - 40, [1, 3, 6, 8, 9, 13, 15, 20] - 39, [1, 2, 4, 10, 12, 13, 15, 20] - 40]
melhor indivíduo da geração:[1, 2, 5, 10, 14, 15, 20] - 29
geração: 47: 
[[1, 2, 5, 10, 13, 19, 20] - 33, [1, 2, 5, 12, 13, 19, 20] - 30, [1, 3, 8, 9, 12, 19, 20] - 32, [1, 2, 4, 10, 14, 15, 20] - 31, [1, 3, 8, 9, 13, 19, 20] - 33, [1, 2, 5, 10, 14, 15, 20] - 29, [1, 3, 5, 12, 13, 15, 20] - 30, [1, 3, 8, 10, 14, 15, 20] - 32, [1, 3, 5, 10, 14, 15, 20] - 29, [1, 3, 5, 10, 13, 15, 20] - 33, [1, 2, 5, 12, 13, 15, 20] - 30, [1, 3, 5, 12, 19, 20] - 32, [1, 3, 5, 10, 13, 19, 20] - 33, [1, 2, 5, 12, 19, 20] - 32, [1, 6, 8, 9, 13, 15, 20] - 36, [1, 2, 4, 11, 13, 19, 20] - 34, [1, 2, 3, 5, 10, 14, 13, 19, 20] - 40, [1, 3, 6, 8, 9, 13, 15, 20] - 39, [1, 2, 4, 10, 12, 13, 15, 20] - 40, [1, 6, 7, 9, 13, 15, 20] - 41, [1, 3, 6, 8, 10, 14, 15, 20] - 38, [1, 2, 3, 5, 12, 19, 20] - 37]
melhor indivíduo da geração:[1, 2, 5, 10, 14, 15, 20] - 29
geração: 48: 
[[1, 2, 5, 10, 13, 19, 20] - 33, [1, 2, 5, 12, 13, 19, 20] - 30, [1, 3, 8, 9, 12, 19, 20] - 32, [1, 2, 4, 10, 14, 15, 20] - 31, [1, 3, 8, 9, 13, 19, 20] - 33, [1, 2, 5, 10, 14, 15, 20] - 29, [1, 3, 5, 12, 13, 15, 20] - 30, [1, 3, 8, 10, 14, 15, 20] - 32, [1, 3, 5, 10, 14, 15, 20] - 29, [1, 3, 5, 10, 13, 15, 20] - 33, [1, 2, 5, 12, 13, 15, 20] - 30, [1, 3, 5, 12, 19, 20] - 32, [1, 3, 5, 10, 13, 19, 20] - 33, [1, 2, 5, 12, 19, 20] - 32, [1, 2, 4, 11, 13, 19, 20] - 34]
melhor indivíduo da geração:[1, 2, 5, 10, 14, 15, 20] - 29
geração: 49: 
[[1, 2, 5, 10, 13, 19, 20] - 33, [1, 2, 5, 12, 13, 19, 20] - 30, [1, 3, 8, 9, 12, 19, 20] - 32, [1, 2, 4, 10, 14, 15, 20] - 31, [1, 3, 8, 9, 13, 19, 20] - 33, [1, 2, 5, 10, 14, 15, 20] - 29, [1, 3, 5, 12, 13, 15, 20] - 30, [1, 3, 8, 10, 14, 15, 20] - 32, [1, 3, 5, 10, 14, 15, 20] - 29, [1, 3, 5, 10, 13, 15, 20] - 33, [1, 2, 5, 12, 13, 15, 20] - 30, [1, 3, 5, 12, 19, 20] - 32, [1, 3, 5, 10, 13, 19, 20] - 33, [1, 2, 5, 12, 19, 20] - 32, [1, 2, 4, 11, 13, 19, 20] - 34]
melhor indivíduo da geração:[1, 2, 5, 10, 14, 15, 20] - 29
geração: 50: 
[[1, 2, 5, 10, 13, 19, 20] - 33, [1, 2, 5, 12, 13, 19, 20] - 30, [1, 3, 8, 9, 12, 19, 20] - 32, [1, 2, 4, 10, 14, 15, 20] - 31, [1, 3, 8, 9, 13, 19, 20] - 33, [1, 2, 5, 10, 14, 15, 20] - 29, [1, 3, 5, 12, 13, 15, 20] - 30, [1, 3, 8, 10, 14, 15, 20] - 32, [1, 3, 5, 10, 14, 15, 20] - 29, [1, 3, 5, 10, 13, 15, 20] - 33, [1, 2, 5, 12, 13, 15, 20] - 30, [1, 3, 5, 12, 19, 20] - 32, [1, 3, 5, 10, 13, 19, 20] - 33, [1, 2, 5, 12, 19, 20] - 32, [1, 2, 4, 11, 13, 19, 20] - 34]
melhor indivíduo da geração:[1, 2, 5, 10, 14, 15, 20] - 29
geração: 51: 
[[1, 2, 5, 10, 13, 19, 20] - 33, [1, 2, 5, 12, 13, 19, 20] - 30, [1, 3, 8, 9, 12, 19, 20] - 32, [1, 2, 4, 10, 14, 15, 20] - 31, [1, 3, 8, 9, 13, 19, 20] - 33, [1, 2, 5, 10, 14, 15, 20] - 29, [1, 3, 5, 12, 13, 15, 20] - 30, [1, 3, 8, 10, 14, 15, 20] - 32, [1, 3, 5, 10, 14, 15, 20] - 29, [1, 3, 5, 10, 13, 15, 20] - 33, [1, 2, 5, 12, 13, 15, 20] - 30, [1, 3, 5, 12, 19, 20] - 32, [1, 3, 5, 10, 13, 19, 20] - 33, [1, 2, 5, 12, 19, 20] - 32, [1, 2, 4, 11, 13, 19, 20] - 34]
melhor indivíduo da geração:[1, 2, 5, 10, 14, 15, 20] - 29
geração: 52: 
[[1, 2, 5, 10, 13, 19, 20] - 33, [1, 2, 5, 12, 13, 19, 20] - 30, [1, 3, 8, 9, 12, 19, 20] - 32, [1, 2, 4, 10, 14, 15, 20] - 31, [1, 3, 8, 9, 13, 19, 20] - 33, [1, 2, 5, 10, 14, 15, 20] - 29, [1, 3, 5, 12, 13, 15, 20] - 30, [1, 3, 8, 10, 14, 15, 20] - 32, [1, 3, 5, 10, 14, 15, 20] - 29, [1, 3, 5, 10, 13, 15, 20] - 33, [1, 2, 5, 12, 13, 15, 20] - 30, [1, 3, 5, 12, 19, 20] - 32, [1, 3, 5, 10, 13, 19, 20] - 33, [1, 2, 5, 12, 19, 20] - 32, [1, 2, 4, 11, 13, 19, 20] - 34]
melhor indivíduo da geração:[1, 2, 5, 10, 14, 15, 20] - 29
geração: 53: 
[[1, 2, 5, 10, 13, 19, 20] - 33, [1, 2, 5, 12, 13, 19, 20] - 30, [1, 3, 8, 9, 12, 19, 20] - 32, [1, 2, 4, 10, 14, 15, 20] - 31, [1, 3, 8, 9, 13, 19, 20] - 33, [1, 2, 5, 10, 14, 15, 20] - 29, [1, 3, 5, 12, 13, 15, 20] - 30, [1, 3, 8, 10, 14, 15, 20] - 32, [1, 3, 5, 10, 14, 15, 20] - 29, [1, 3, 5, 10, 13, 15, 20] - 33, [1, 2, 5, 12, 13, 15, 20] - 30, [1, 3, 5, 12, 19, 20] - 32, [1, 3, 5, 10, 13, 19, 20] - 33, [1, 2, 5, 12, 19, 20] - 32, [1, 2, 4, 11, 13, 19, 20] - 34, [1, 2, 3, 5, 12, 19, 20] - 37, [1, 6, 8, 9, 13, 19, 20] - 36]
melhor indivíduo da geração:[1, 2, 5, 10, 14, 15, 20] - 29
geração: 54: 
[[1, 2, 5, 10, 13, 19, 20] - 33, [1, 2, 5, 12, 13, 19, 20] - 30, [1, 3, 8, 9, 12, 19, 20] - 32, [1, 2, 4, 10, 14, 15, 20] - 31, [1, 3, 8, 9, 13, 19, 20] - 33, [1, 2, 5, 10, 14, 15, 20] - 29, [1, 3, 5, 12, 13, 15, 20] - 30, [1, 3, 8, 10, 14, 15, 20] - 32, [1, 3, 5, 10, 14, 15, 20] - 29, [1, 3, 5, 10, 13, 15, 20] - 33, [1, 2, 5, 12, 13, 15, 20] - 30, [1, 3, 5, 12, 19, 20] - 32, [1, 3, 5, 10, 13, 19, 20] - 33, [1, 2, 5, 12, 19, 20] - 32, [1, 2, 4, 11, 13, 19, 20] - 34, [1, 2, 3, 5, 12, 19, 20] - 37, [1, 6, 8, 9, 13, 19, 20] - 36, [1, 2, 3, 5, 12, 13, 15, 20] - 35]
melhor indivíduo da geração:[1, 2, 5, 10, 14, 15, 20] - 29
geração: 55: 
[[1, 2, 5, 10, 13, 19, 20] - 33, [1, 2, 5, 12, 13, 19, 20] - 30, [1, 3, 8, 9, 12, 19, 20] - 32, [1, 2, 4, 10, 14, 15, 20] - 31, [1, 3, 8, 9, 13, 19, 20] - 33, [1, 2, 5, 10, 14, 15, 20] - 29, [1, 3, 5, 12, 13, 15, 20] - 30, [1, 3, 8, 10, 14, 15, 20] - 32, [1, 3, 5, 10, 14, 15, 20] - 29, [1, 3, 5, 10, 13, 15, 20] - 33, [1, 2, 5, 12, 13, 15, 20] - 30, [1, 3, 5, 12, 19, 20] - 32, [1, 3, 5, 10, 13, 19, 20] - 33, [1, 2, 5, 12, 19, 20] - 32, [1, 2, 4, 11, 13, 19, 20] - 34, [1, 2, 3, 5, 12, 19, 20] - 37, [1, 6, 8, 9, 13, 19, 20] - 36, [1, 2, 3, 5, 12, 13, 15, 20] - 35, [1, 2, 4, 10, 13, 19, 20] - 35, [1, 2, 4, 10, 14, 13, 15, 20] - 37]
melhor indivíduo da geração:[1, 2, 5, 10, 14, 15, 20] - 29
geração: 56: 
[[1, 2, 5, 10, 13, 19, 20] - 33, [1, 2, 5, 12, 13, 19, 20] - 30, [1, 3, 8, 9, 12, 19, 20] - 32, [1, 2, 4, 10, 14, 15, 20] - 31, [1, 3, 8, 9, 13, 19, 20] - 33, [1, 2, 5, 10, 14, 15, 20] - 29, [1, 3, 5, 12, 13, 15, 20] - 30, [1, 3, 8, 10, 14, 15, 20] - 32, [1, 3, 5, 10, 14, 15, 20] - 29, [1, 3, 5, 10, 13, 15, 20] - 33, [1, 2, 5, 12, 13, 15, 20] - 30, [1, 3, 5, 12, 19, 20] - 32, [1, 3, 5, 10, 13, 19, 20] - 33, [1, 2, 5, 12, 19, 20] - 32, [1, 2, 4, 11, 13, 19, 20] - 34, [1, 2, 3, 5, 12, 19, 20] - 37, [1, 6, 8, 9, 13, 19, 20] - 36, [1, 2, 3, 5, 12, 13, 15, 20] - 35, [1, 2, 4, 10, 13, 19, 20] - 35, [1, 2, 4, 10, 14, 13, 15, 20] - 37, [1, 3, 5, 8, 9, 12, 19, 20] - 38, [1, 2, 4, 10, 13, 15, 20] - 35]
melhor indivíduo da geração:[1, 2, 5, 10, 14, 15, 20] - 29
geração: 57: 
[[1, 2, 5, 10, 13, 19, 20] - 33, [1, 2, 5, 12, 13, 19, 20] - 30, [1, 3, 8, 9, 12, 19, 20] - 32, [1, 2, 4, 10, 14, 15, 20] - 31, [1, 3, 8, 9, 13, 19, 20] - 33, [1, 2, 5, 10, 14, 15, 20] - 29, [1, 3, 5, 12, 13, 15, 20] - 30, [1, 3, 8, 10, 14, 15, 20] - 32, [1, 3, 5, 10, 14, 15, 20] - 29, [1, 3, 5, 10, 13, 15, 20] - 33, [1, 2, 5, 12, 13, 15, 20] - 30, [1, 3, 5, 12, 19, 20] - 32, [1, 3, 5, 10, 13, 19, 20] - 33, [1, 2, 5, 12, 19, 20] - 32]
melhor indivíduo da geração:[1, 2, 5, 10, 14, 15, 20] - 29
geração: 58: 
[[1, 2, 5, 10, 13, 19, 20] - 33, [1, 2, 5, 12, 13, 19, 20] - 30, [1, 3, 8, 9, 12, 19, 20] - 32, [1, 2, 4, 10, 14, 15, 20] - 31, [1, 3, 8, 9, 13, 19, 20] - 33, [1, 2, 5, 10, 14, 15, 20] - 29, [1, 3, 5, 12, 13, 15, 20] - 30, [1, 3, 8, 10, 14, 15, 20] - 32, [1, 3, 5, 10, 14, 15, 20] - 29, [1, 3, 5, 10, 13, 15, 20] - 33, [1, 2, 5, 12, 13, 15, 20] - 30, [1, 3, 5, 12, 19, 20] - 32, [1, 3, 5, 10, 13, 19, 20] - 33, [1, 2, 5, 12, 19, 20] - 32, [1, 6, 8, 9, 12, 13, 19, 20] - 33]
melhor indivíduo da geração:[1, 2, 5, 10, 14, 15, 20] - 29
geração: 59: 
[[1, 2, 5, 10, 13, 19, 20] - 33, [1, 2, 5, 12, 13, 19, 20] - 30, [1, 3, 8, 9, 12, 19, 20] - 32, [1, 2, 4, 10, 14, 15, 20] - 31, [1, 3, 8, 9, 13, 19, 20] - 33, [1, 2, 5, 10, 14, 15, 20] - 29, [1, 3, 5, 12, 13, 15, 20] - 30, [1, 3, 8, 10, 14, 15, 20] - 32, [1, 3, 5, 10, 14, 15, 20] - 29, [1, 3, 5, 10, 13, 15, 20] - 33, [1, 2, 5, 12, 13, 15, 20] - 30, [1, 3, 5, 12, 19, 20] - 32, [1, 3, 5, 10, 13, 19, 20] - 33, [1, 2, 5, 12, 19, 20] - 32, [1, 6, 8, 9, 12, 13, 19, 20] - 33, [1, 2, 5, 12, 13, 14, 15, 20] - 40]
melhor indivíduo da geração:[1, 2, 5, 10, 14, 15, 20] - 29
geração: 60: 
[[1, 2, 5, 10, 13, 19, 20] - 33, [1, 2, 5, 12, 13, 19, 20] - 30, [1, 3, 8, 9, 12, 19, 20] - 32, [1, 2, 4, 10, 14, 15, 20] - 31, [1, 3, 8, 9, 13, 19, 20] - 33, [1, 2, 5, 10, 14, 15, 20] - 29, [1, 3, 5, 12, 13, 15, 20] - 30, [1, 3, 8, 10, 14, 15, 20] - 32, [1, 3, 5, 10, 14, 15, 20] - 29, [1, 3, 5, 10, 13, 15, 20] - 33, [1, 2, 5, 12, 13, 15, 20] - 30, [1, 3, 5, 12, 19, 20] - 32, [1, 3, 5, 10, 13, 19, 20] - 33, [1, 2, 5, 12, 19, 20] - 32, [1, 6, 8, 9, 12, 13, 19, 20] - 33, [1, 2, 4, 11, 10, 14, 15, 20] - 38, [1, 3, 8, 10, 13, 19, 20] - 36]
melhor indivíduo da geração:[1, 2, 5, 10, 14, 15, 20] - 29
geração: 61: 
[[1, 2, 5, 10, 13, 19, 20] - 33, [1, 2, 5, 12, 13, 19, 20] - 30, [1, 3, 8, 9, 12, 19, 20] - 32, [1, 2, 4, 10, 14, 15, 20] - 31, [1, 3, 8, 9, 13, 19, 20] - 33, [1, 2, 5, 10, 14, 15, 20] - 29, [1, 3, 5, 12, 13, 15, 20] - 30, [1, 3, 8, 10, 14, 15, 20] - 32, [1, 3, 5, 10, 14, 15, 20] - 29, [1, 3, 5, 10, 13, 15, 20] - 33, [1, 2, 5, 12, 13, 15, 20] - 30, [1, 3, 5, 12, 19, 20] - 32, [1, 3, 5, 10, 13, 19, 20] - 33, [1, 2, 5, 12, 19, 20] - 32, [1, 6, 8, 9, 12, 13, 19, 20] - 33, [1, 2, 4, 11, 10, 14, 15, 20] - 38, [1, 3, 8, 10, 13, 19, 20] - 36, [1, 6, 7, 8, 10, 14, 15, 20] - 41, [1, 2, 3, 8, 9, 12, 19, 20] - 37]
melhor indivíduo da geração:[1, 2, 5, 10, 14, 15, 20] - 29
geração: 62: 
[[1, 2, 5, 10, 13, 19, 20] - 33, [1, 2, 5, 12, 13, 19, 20] - 30, [1, 3, 8, 9, 12, 19, 20] - 32, [1, 2, 4, 10, 14, 15, 20] - 31, [1, 3, 8, 9, 13, 19, 20] - 33, [1, 2, 5, 10, 14, 15, 20] - 29, [1, 3, 5, 12, 13, 15, 20] - 30, [1, 3, 8, 10, 14, 15, 20] - 32, [1, 3, 5, 10, 14, 15, 20] - 29, [1, 3, 5, 10, 13, 15, 20] - 33, [1, 2, 5, 12, 13, 15, 20] - 30, [1, 3, 5, 12, 19, 20] - 32, [1, 3, 5, 10, 13, 19, 20] - 33, [1, 2, 5, 12, 19, 20] - 32, [1, 6, 8, 9, 12, 13, 19, 20] - 33, [1, 2, 4, 11, 10, 14, 15, 20] - 38, [1, 3, 8, 10, 13, 19, 20] - 36, [1, 2, 3, 8, 9, 12, 19, 20] - 37, [1, 2, 5, 12, 13, 14, 10] - 37, [1, 2, 3, 5, 12, 19, 20] - 37]
melhor indivíduo da geração:[1, 2, 5, 10, 14, 15, 20] - 29
geração: 63: 
[[1, 2, 5, 10, 13, 19, 20] - 33, [1, 2, 5, 12, 13, 19, 20] - 30, [1, 3, 8, 9, 12, 19, 20] - 32, [1, 2, 4, 10, 14, 15, 20] - 31, [1, 3, 8, 9, 13, 19, 20] - 33, [1, 2, 5, 10, 14, 15, 20] - 29, [1, 3, 5, 12, 13, 15, 20] - 30, [1, 3, 8, 10, 14, 15, 20] - 32, [1, 3, 5, 10, 14, 15, 20] - 29, [1, 3, 5, 10, 13, 15, 20] - 33, [1, 2, 5, 12, 13, 15, 20] - 30, [1, 3, 5, 12, 19, 20] - 32, [1, 3, 5, 10, 13, 19, 20] - 33, [1, 2, 5, 12, 19, 20] - 32, [1, 6, 8, 9, 12, 13, 19, 20] - 33, [1, 2, 4, 11, 10, 14, 15, 20] - 38, [1, 3, 8, 10, 13, 19, 20] - 36, [1, 2, 3, 8, 9, 12, 19, 20] - 37, [1, 2, 5, 12, 13, 14, 10] - 37, [1, 2, 3, 5, 12, 19, 20] - 37]
melhor indivíduo da geração:[1, 2, 5, 10, 14, 15, 20] - 29
geração: 64: 
[[1, 2, 5, 10, 13, 19, 20] - 33, [1, 2, 5, 12, 13, 19, 20] - 30, [1, 3, 8, 9, 12, 19, 20] - 32, [1, 2, 4, 10, 14, 15, 20] - 31, [1, 3, 8, 9, 13, 19, 20] - 33, [1, 2, 5, 10, 14, 15, 20] - 29, [1, 3, 5, 12, 13, 15, 20] - 30, [1, 3, 8, 10, 14, 15, 20] - 32, [1, 3, 5, 10, 14, 15, 20] - 29, [1, 3, 5, 10, 13, 15, 20] - 33, [1, 2, 5, 12, 13, 15, 20] - 30, [1, 3, 5, 12, 19, 20] - 32, [1, 3, 5, 10, 13, 19, 20] - 33, [1, 2, 5, 12, 19, 20] - 32, [1, 6, 8, 9, 12, 13, 19, 20] - 33, [1, 3, 8, 10, 13, 19, 20] - 36, [1, 2, 3, 8, 9, 12, 19, 20] - 37, [1, 2, 5, 12, 13, 14, 10] - 37, [1, 2, 3, 5, 12, 19, 20] - 37, [1, 3, 8, 9, 13, 15, 20] - 33, [1, 2, 4, 10, 14, 13, 15, 20] - 37]
melhor indivíduo da geração:[1, 2, 5, 10, 14, 15, 20] - 29
geração: 65: 
[[1, 2, 5, 10, 13, 19, 20] - 33, [1, 2, 5, 12, 13, 19, 20] - 30, [1, 3, 8, 9, 12, 19, 20] - 32, [1, 2, 4, 10, 14, 15, 20] - 31, [1, 3, 8, 9, 13, 19, 20] - 33, [1, 2, 5, 10, 14, 15, 20] - 29, [1, 3, 5, 12, 13, 15, 20] - 30, [1, 3, 8, 10, 14, 15, 20] - 32, [1, 3, 5, 10, 14, 15, 20] - 29, [1, 3, 5, 10, 13, 15, 20] - 33, [1, 2, 5, 12, 13, 15, 20] - 30, [1, 3, 5, 12, 19, 20] - 32, [1, 3, 5, 10, 13, 19, 20] - 33, [1, 2, 5, 12, 19, 20] - 32, [1, 6, 8, 9, 12, 13, 19, 20] - 33, [1, 3, 8, 9, 13, 15, 20] - 33]
melhor indivíduo da geração:[1, 2, 5, 10, 14, 15, 20] - 29
geração: 66: 
[[1, 2, 5, 10, 13, 19, 20] - 33, [1, 2, 5, 12, 13, 19, 20] - 30, [1, 3, 8, 9, 12, 19, 20] - 32, [1, 2, 4, 10, 14, 15, 20] - 31, [1, 3, 8, 9, 13, 19, 20] - 33, [1, 2, 5, 10, 14, 15, 20] - 29, [1, 3, 5, 12, 13, 15, 20] - 30, [1, 3, 8, 10, 14, 15, 20] - 32, [1, 3, 5, 10, 14, 15, 20] - 29, [1, 3, 5, 10, 13, 15, 20] - 33, [1, 2, 5, 12, 13, 15, 20] - 30, [1, 3, 5, 12, 19, 20] - 32, [1, 3, 5, 10, 13, 19, 20] - 33, [1, 2, 5, 12, 19, 20] - 32, [1, 6, 8, 9, 12, 13, 19, 20] - 33, [1, 3, 8, 9, 13, 15, 20] - 33, [1, 3, 8, 9, 16, 12, 13, 19, 20] - 35, [1, 2, 4, 11, 13, 15, 20] - 34]
melhor indivíduo da geração:[1, 2, 5, 10, 14, 15, 20] - 29
geração: 67: 
[[1, 2, 5, 10, 13, 19, 20] - 33, [1, 2, 5, 12, 13, 19, 20] - 30, [1, 3, 8, 9, 12, 19, 20] - 32, [1, 2, 4, 10, 14, 15, 20] - 31, [1, 3, 8, 9, 13, 19, 20] - 33, [1, 2, 5, 10, 14, 15, 20] - 29, [1, 3, 5, 12, 13, 15, 20] - 30, [1, 3, 8, 10, 14, 15, 20] - 32, [1, 3, 5, 10, 14, 15, 20] - 29, [1, 3, 5, 10, 13, 15, 20] - 33, [1, 2, 5, 12, 13, 15, 20] - 30, [1, 3, 5, 12, 19, 20] - 32, [1, 3, 5, 10, 13, 19, 20] - 33, [1, 2, 5, 12, 19, 20] - 32, [1, 6, 8, 9, 12, 13, 19, 20] - 33, [1, 3, 8, 9, 13, 15, 20] - 33, [1, 3, 8, 9, 16, 12, 13, 19, 20] - 35, [1, 2, 4, 11, 13, 15, 20] - 34, [1, 2, 3, 5, 12, 13, 19, 20] - 35]
melhor indivíduo da geração:[1, 2, 5, 10, 14, 15, 20] - 29
geração: 68: 
[[1, 2, 5, 10, 13, 19, 20] - 33, [1, 2, 5, 12, 13, 19, 20] - 30, [1, 3, 8, 9, 12, 19, 20] - 32, [1, 2, 4, 10, 14, 15, 20] - 31, [1, 3, 8, 9, 13, 19, 20] - 33, [1, 2, 5, 10, 14, 15, 20] - 29, [1, 3, 5, 12, 13, 15, 20] - 30, [1, 3, 8, 10, 14, 15, 20] - 32, [1, 3, 5, 10, 14, 15, 20] - 29, [1, 3, 5, 10, 13, 15, 20] - 33, [1, 2, 5, 12, 13, 15, 20] - 30, [1, 3, 5, 12, 19, 20] - 32, [1, 3, 5, 10, 13, 19, 20] - 33, [1, 2, 5, 12, 19, 20] - 32, [1, 6, 8, 9, 12, 13, 19, 20] - 33, [1, 3, 8, 9, 13, 15, 20] - 33, [1, 3, 8, 9, 16, 12, 13, 19, 20] - 35, [1, 2, 4, 11, 13, 15, 20] - 34, [1, 2, 3, 5, 12, 13, 19, 20] - 35, [1, 2, 4, 11, 13, 19, 20] - 34, [1, 6, 8, 9, 12, 19, 20] - 35]
melhor indivíduo da geração:[1, 2, 5, 10, 14, 15, 20] - 29
______________________________________________________________________________________________________________________________
