gera????o: 1: 
[[1, 4, 10, 20, 29, 38, 43, 51, 59, 64, 67, 68, 70] - 5706, [1, 2, 4, 11, 20, 32, 40, 44, 56, 57, 70] - 4665, [1, 4, 10, 11, 20, 39, 53, 60, 64, 67, 68, 70] - 5666, [1, 3, 13, 23, 31, 32, 37, 42, 51, 59, 66, 67, 69, 70] - 5831, [1, 4, 11, 21, 23, 31, 33, 40, 41, 44, 55, 58, 62, 70] - 5169, [1, 2, 4, 11, 20, 21, 22, 33, 41, 44, 54, 61, 63, 70] - 5146, [1, 2, 9, 11, 20, 21, 23, 33, 34, 46, 49, 58, 62, 70] - 4742, [1, 2, 3, 5, 12, 14, 25, 33, 47, 56, 61, 65, 66, 67, 69, 70] - 5939, [1, 2, 3, 5, 6, 14, 22, 33, 39, 53, 61, 63, 70] - 4817, [1, 3, 13, 21, 22, 23, 31, 33, 41, 45, 56, 63, 70] - 4372, [1, 4, 10, 20, 39, 53, 60, 65, 66, 67, 69, 70] - 5813, [1, 4, 11, 20, 39, 50, 53, 54, 61, 63, 70] - 4553, [1, 2, 9, 21, 22, 33, 41, 45, 47, 56, 63, 70] - 4364, [1, 2, 3, 5, 6, 26, 34, 35, 46, 47, 55, 57, 70] - 4271, [1, 4, 11, 21, 23, 33, 41, 44, 45, 47, 56, 61, 68, 70] - 5365, [1, 4, 11, 21, 31, 33, 39, 44, 54, 56, 61, 68, 70] - 5442, [1, 2, 4, 11, 20, 37, 39, 53, 60, 65, 68, 70] - 5257, [1, 2, 3, 5, 12, 13, 23, 33, 49, 55, 57, 70] - 3796, [1, 4, 10, 11, 20, 21, 31, 41, 47, 55, 56, 63, 70] - 5200, [1, 2, 9, 11, 20, 29, 37, 38, 43, 51, 59, 60, 64, 66, 67, 68, 70] - 5946, [1, 2, 3, 13, 14, 17, 24, 34, 35, 36, 49, 55, 57, 70] - 5200, [1, 3, 9, 11, 20, 39, 40, 44, 50, 53, 61, 68, 70] - 5199, [1, 4, 10, 11, 21, 23, 33, 40, 44, 53, 54, 61, 68, 70] - 5035, [1, 4, 10, 20, 29, 37, 38, 43, 52, 60, 61, 63, 70] - 5085, [1, 4, 10, 11, 20, 37, 42, 52, 53, 54, 61, 65, 68, 70] - 5207, [1, 4, 11, 20, 31, 33, 34, 46, 49, 58, 62, 70] - 4891, [1, 4, 11, 21, 23, 31, 33, 46, 49, 55, 57, 70] - 4579, [1, 4, 10, 11, 21, 31, 33, 34, 46, 47, 49, 58, 62, 70] - 4547, [1, 4, 10, 11, 20, 32, 37, 39, 44, 55, 57, 70] - 4997, [1, 4, 10, 11, 20, 21, 31, 41, 45, 57, 70] - 4589, [1, 3, 13, 31, 41, 44, 53, 54, 56, 61, 63, 70] - 4708, [1, 4, 10, 11, 21, 23, 31, 33, 47, 55, 57, 70] - 3962, [1, 2, 9, 21, 22, 24, 34, 41, 46, 47, 56, 63, 70] - 5678, [1, 2, 9, 21, 31, 40, 44, 45, 56, 63, 70] - 3858, [1, 3, 5, 12, 13, 40, 44, 56, 63, 70] - 3760, [1, 4, 11, 20, 30, 31, 41, 47, 49, 58, 62, 70] - 4979, [1, 3, 9, 21, 23, 25, 26, 34, 35, 49, 58, 62, 70] - 4318, [1, 4, 11, 21, 23, 33, 40, 41, 45, 56, 60, 64, 67, 69, 70] - 6116, [1, 4, 11, 20, 37, 38, 43, 52, 60, 64, 66, 67, 69, 70] - 5878, [1, 4, 10, 11, 20, 31, 33, 41, 47, 49, 58, 62, 70] - 4917]
melhor indiv??duo da gera????o:[1, 3, 5, 12, 13, 40, 44, 56, 63, 70] - 3760
gera????o: 2: 
[[1, 2, 4, 11, 20, 32, 40, 44, 56, 57, 70] - 4665, [1, 3, 13, 23, 31, 32, 37, 42, 51, 59, 66, 67, 69, 70] - 5831, [1, 2, 4, 11, 20, 21, 22, 33, 41, 44, 54, 61, 63, 70] - 5146, [1, 2, 3, 5, 12, 14, 25, 33, 47, 56, 61, 65, 66, 67, 69, 70] - 5939, [1, 3, 13, 21, 22, 23, 31, 33, 41, 45, 56, 63, 70] - 4372, [1, 4, 11, 20, 39, 50, 53, 54, 61, 63, 70] - 4553, [1, 2, 3, 5, 6, 26, 34, 35, 46, 47, 55, 57, 70] - 4271, [1, 4, 11, 21, 31, 33, 39, 44, 54, 56, 61, 68, 70] - 5442, [1, 2, 3, 5, 12, 13, 23, 33, 49, 55, 57, 70] - 3796, [1, 2, 9, 11, 20, 29, 37, 38, 43, 51, 59, 60, 64, 66, 67, 68, 70] - 5946, [1, 3, 9, 11, 20, 39, 40, 44, 50, 53, 61, 68, 70] - 5199, [1, 4, 10, 20, 29, 37, 38, 43, 52, 60, 61, 63, 70] - 5085, [1, 4, 11, 20, 31, 33, 34, 46, 49, 58, 62, 70] - 4891, [1, 4, 10, 11, 21, 31, 33, 34, 46, 47, 49, 58, 62, 70] - 4547, [1, 4, 10, 11, 20, 21, 31, 41, 45, 57, 70] - 4589, [1, 4, 10, 11, 21, 23, 31, 33, 47, 55, 57, 70] - 3962, [1, 2, 9, 21, 31, 40, 44, 45, 56, 63, 70] - 3858, [1, 4, 11, 20, 30, 31, 41, 47, 49, 58, 62, 70] - 4979, [1, 4, 11, 21, 23, 33, 40, 41, 45, 56, 60, 64, 67, 69, 70] - 6116, [1, 4, 10, 11, 20, 31, 33, 41, 47, 49, 58, 62, 70] - 4917, [1, 4, 10, 11, 21, 23, 31, 33, 47, 55, 57, 70] - 3962, [1, 4, 11, 21, 23, 33, 41, 44, 45, 47, 56, 61, 68, 70] - 5365, [1, 2, 9, 21, 22, 33, 41, 45, 47, 56, 63, 70] - 4364, [1, 3, 13, 21, 22, 23, 31, 33, 41, 45, 56, 63, 70] - 4372, [1, 2, 4, 11, 20, 37, 39, 53, 60, 65, 68, 70] - 5257, [1, 4, 10, 11, 20, 39, 53, 60, 64, 67, 68, 70] - 5666, [1, 4, 10, 11, 21, 23, 31, 33, 47, 55, 57, 70] - 3962]
melhor indiv??duo da gera????o:[1, 2, 3, 5, 12, 13, 23, 33, 49, 55, 57, 70] - 3796
gera????o: 3: 
[[1, 3, 13, 23, 31, 32, 37, 42, 51, 59, 66, 67, 69, 70] - 5831, [1, 2, 3, 5, 12, 14, 25, 33, 47, 56, 61, 65, 66, 67, 69, 70] - 5939, [1, 4, 11, 20, 39, 50, 53, 54, 61, 63, 70] - 4553, [1, 4, 11, 21, 31, 33, 39, 44, 54, 56, 61, 68, 70] - 5442, [1, 2, 9, 11, 20, 29, 37, 38, 43, 51, 59, 60, 64, 66, 67, 68, 70] - 5946, [1, 4, 10, 20, 29, 37, 38, 43, 52, 60, 61, 63, 70] - 5085, [1, 4, 10, 11, 21, 31, 33, 34, 46, 47, 49, 58, 62, 70] - 4547, [1, 4, 10, 11, 21, 23, 31, 33, 47, 55, 57, 70] - 3962, [1, 4, 11, 20, 30, 31, 41, 47, 49, 58, 62, 70] - 4979, [1, 4, 10, 11, 20, 31, 33, 41, 47, 49, 58, 62, 70] - 4917, [1, 4, 11, 21, 23, 33, 41, 44, 45, 47, 56, 61, 68, 70] - 5365, [1, 3, 13, 21, 22, 23, 31, 33, 41, 45, 56, 63, 70] - 4372, [1, 4, 10, 11, 20, 39, 53, 60, 64, 67, 68, 70] - 5666, [1, 2, 9, 21, 31, 40, 44, 45, 56, 63, 70] - 3858, [1, 2, 3, 5, 6, 26, 34, 35, 46, 47, 55, 57, 70] - 4271, [1, 4, 10, 11, 20, 21, 31, 41, 45, 57, 70] - 4589, [1, 2, 3, 5, 12, 13, 23, 33, 49, 55, 57, 70] - 3796, [1, 2, 3, 5, 12, 13, 23, 33, 49, 55, 57, 70] - 3796]
melhor indiv??duo da gera????o:[1, 2, 3, 5, 12, 13, 23, 33, 49, 55, 57, 70] - 3796
gera????o: 4: 
[[1, 2, 3, 5, 12, 14, 25, 33, 47, 56, 61, 65, 66, 67, 69, 70] - 5939, [1, 4, 11, 21, 31, 33, 39, 44, 54, 56, 61, 68, 70] - 5442, [1, 4, 10, 20, 29, 37, 38, 43, 52, 60, 61, 63, 70] - 5085, [1, 4, 10, 11, 21, 23, 31, 33, 47, 55, 57, 70] - 3962, [1, 4, 10, 11, 20, 31, 33, 41, 47, 49, 58, 62, 70] - 4917, [1, 3, 13, 21, 22, 23, 31, 33, 41, 45, 56, 63, 70] - 4372, [1, 2, 9, 21, 31, 40, 44, 45, 56, 63, 70] - 3858, [1, 4, 10, 11, 20, 21, 31, 41, 45, 57, 70] - 4589, [1, 2, 3, 5, 12, 13, 23, 33, 49, 55, 57, 70] - 3796, [1, 2, 3, 5, 12, 13, 23, 33, 49, 55, 57, 70] - 3796, [1, 2, 3, 5, 12, 13, 23, 33, 49, 55, 57, 70] - 3796, [1, 3, 13, 21, 22, 23, 31, 33, 41, 45, 56, 63, 70] - 4372, [1, 4, 10, 11, 20, 21, 31, 41, 45, 57, 70] - 4589, [1, 4, 10, 11, 21, 31, 33, 34, 46, 47, 49, 58, 62, 70] - 4547, [1, 3, 13, 21, 22, 23, 31, 33, 41, 45, 56, 63, 70] - 4372, [1, 2, 3, 5, 6, 26, 34, 35, 46, 47, 55, 57, 70] - 4271]
melhor indiv??duo da gera????o:[1, 2, 3, 5, 12, 13, 23, 33, 49, 55, 57, 70] - 3796
gera????o: 5: 
[[1, 4, 11, 21, 31, 33, 39, 44, 54, 56, 61, 68, 70] - 5442, [1, 4, 10, 11, 21, 23, 31, 33, 47, 55, 57, 70] - 3962, [1, 3, 13, 21, 22, 23, 31, 33, 41, 45, 56, 63, 70] - 4372, [1, 4, 10, 11, 20, 21, 31, 41, 45, 57, 70] - 4589, [1, 2, 3, 5, 12, 13, 23, 33, 49, 55, 57, 70] - 3796, [1, 3, 13, 21, 22, 23, 31, 33, 41, 45, 56, 63, 70] - 4372, [1, 4, 10, 11, 21, 31, 33, 34, 46, 47, 49, 58, 62, 70] - 4547, [1, 2, 3, 5, 6, 26, 34, 35, 46, 47, 55, 57, 70] - 4271, [1, 3, 13, 21, 22, 23, 31, 33, 41, 45, 56, 63, 70] - 4372, [1, 2, 3, 5, 12, 13, 23, 33, 49, 55, 57, 70] - 3796, [1, 2, 3, 5, 12, 13, 23, 33, 49, 55, 57, 70] - 3796, [1, 2, 3, 5, 12, 14, 25, 33, 47, 56, 61, 65, 66, 67, 69, 70] - 5939, [1, 2, 3, 5, 12, 13, 23, 33, 49, 55, 57, 70] - 3796, [1, 2, 3, 5, 12, 13, 23, 33, 49, 55, 57, 70] - 3796]
melhor indiv??duo da gera????o:[1, 2, 3, 5, 12, 13, 23, 33, 49, 55, 57, 70] - 3796
gera????o: 6: 
[[1, 4, 10, 11, 21, 23, 31, 33, 47, 55, 57, 70] - 3962, [1, 4, 10, 11, 20, 21, 31, 41, 45, 57, 70] - 4589, [1, 3, 13, 21, 22, 23, 31, 33, 41, 45, 56, 63, 70] - 4372, [1, 2, 3, 5, 6, 26, 34, 35, 46, 47, 55, 57, 70] - 4271, [1, 2, 3, 5, 12, 13, 23, 33, 49, 55, 57, 70] - 3796, [1, 2, 3, 5, 12, 14, 25, 33, 47, 56, 61, 65, 66, 67, 69, 70] - 5939, [1, 2, 3, 5, 12, 13, 23, 33, 49, 55, 57, 70] - 3796, [1, 2, 3, 5, 6, 26, 34, 35, 46, 47, 55, 57, 70] - 4271, [1, 4, 10, 11, 21, 23, 31, 33, 47, 55, 57, 70] - 3962, [1, 4, 10, 11, 21, 31, 33, 34, 46, 47, 49, 58, 62, 70] - 4547, [1, 2, 3, 5, 12, 13, 23, 33, 49, 55, 57, 70] - 3796, [1, 2, 3, 5, 12, 13, 23, 33, 49, 55, 57, 70] - 3796]
melhor indiv??duo da gera????o:[1, 2, 3, 5, 12, 13, 23, 33, 49, 55, 57, 70] - 3796
______________________________________________________________________________________________________________________________
