gera????o: 1: 
[[1, 4, 10, 11, 20, 29, 38, 43, 51, 59, 66, 67, 69, 70] - 5812, [1, 3, 5, 6, 26, 33, 39, 40, 44, 45, 47, 56, 60, 64, 67, 68, 70] - 7265, [1, 4, 10, 11, 20, 32, 37, 42, 50, 53, 61, 68, 70] - 5365, [1, 3, 13, 21, 22, 24, 28, 35, 36, 48, 49, 55, 56, 60, 61, 65, 66, 67, 68, 70] - 8470, [1, 2, 3, 9, 11, 20, 32, 37, 42, 51, 59, 66, 67, 69, 70] - 6209, [1, 4, 11, 21, 22, 24, 27, 35, 46, 47, 55, 56, 61, 65, 68, 70] - 6501, [1, 3, 5, 6, 22, 24, 27, 28, 35, 36, 48, 49, 55, 57, 70] - 5337, [1, 3, 13, 21, 23, 31, 40, 44, 56, 61, 68, 70] - 4616, [1, 3, 13, 14, 26, 28, 35, 46, 49, 58, 62, 70] - 4463, [1, 3, 23, 25, 26, 28, 36, 48, 58, 62, 70] - 4392, [1, 4, 10, 11, 21, 31, 33, 49, 55, 56, 60, 64, 67, 68, 70] - 6226, [1, 3, 12, 13, 14, 17, 24, 26, 34, 41, 44, 54, 61, 68, 70] - 5433, [1, 2, 3, 9, 11, 21, 31, 41, 45, 56, 61, 63, 70] - 4306, [1, 4, 11, 20, 32, 40, 44, 54, 61, 68, 70] - 4769, [1, 3, 13, 21, 23, 25, 26, 33, 39, 56, 61, 63, 70] - 5264, [1, 3, 5, 12, 22, 23, 31, 32, 40, 44, 54, 61, 63, 70] - 4092, [1, 4, 11, 21, 23, 25, 26, 31, 41, 45, 57, 70] - 4857, [1, 3, 5, 6, 22, 25, 26, 28, 34, 35, 46, 47, 56, 63, 70] - 4889, [1, 2, 3, 13, 22, 25, 26, 28, 36, 49, 58, 62, 70] - 4498, [1, 3, 23, 33, 41, 44, 45, 47, 55, 56, 63, 70] - 4549, [1, 4, 11, 20, 21, 23, 33, 49, 58, 62, 70] - 4479, [1, 4, 11, 21, 22, 25, 26, 31, 41, 47, 55, 57, 70] - 4995, [1, 3, 9, 11, 21, 31, 32, 39, 50, 53, 54, 56, 57, 70] - 4520, [1, 3, 12, 14, 22, 24, 26, 33, 41, 45, 47, 55, 57, 70] - 4815, [1, 2, 3, 23, 25, 26, 31, 33, 34, 46, 49, 58, 62, 70] - 5050, [1, 2, 9, 13, 40, 44, 53, 61, 63, 70] - 4207, [1, 4, 11, 21, 23, 31, 40, 44, 56, 63, 70] - 4144, [1, 3, 23, 25, 26, 28, 34, 46, 49, 58, 62, 70] - 4168, [1, 2, 3, 23, 33, 49, 58, 62, 70] - 3590, [1, 2, 9, 11, 20, 31, 41, 46, 49, 58, 62, 70] - 4841, [1, 2, 9, 13, 14, 24, 36, 48, 58, 62, 70] - 4667, [1, 2, 3, 5, 6, 14, 25, 33, 40, 41, 46, 49, 58, 62, 70] - 4839, [1, 3, 23, 33, 46, 47, 55, 56, 57, 70] - 4554, [1, 4, 11, 21, 23, 33, 34, 35, 49, 55, 57, 70] - 4558, [1, 3, 5, 6, 26, 31, 32, 39, 56, 57, 70] - 4922, [1, 2, 3, 5, 12, 13, 31, 33, 46, 47, 49, 58, 62, 70] - 4510, [1, 4, 10, 11, 21, 31, 41, 47, 49, 58, 62, 70] - 4336, [1, 2, 9, 21, 22, 23, 25, 33, 40, 44, 45, 47, 49, 55, 58, 62, 70] - 5051, [1, 3, 13, 23, 25, 33, 41, 45, 47, 55, 57, 70] - 4025, [1, 3, 13, 21, 22, 24, 26, 28, 35, 36, 49, 55, 57, 70] - 5316]
melhor indiv??duo da gera????o:[1, 2, 3, 23, 33, 49, 58, 62, 70] - 3590
gera????o: 2: 
[[1, 3, 5, 6, 26, 33, 39, 40, 44, 45, 47, 56, 60, 64, 67, 68, 70] - 7265, [1, 3, 13, 21, 22, 24, 28, 35, 36, 48, 49, 55, 56, 60, 61, 65, 66, 67, 68, 70] - 8470, [1, 4, 11, 21, 22, 24, 27, 35, 46, 47, 55, 56, 61, 65, 68, 70] - 6501, [1, 3, 13, 21, 23, 31, 40, 44, 56, 61, 68, 70] - 4616, [1, 3, 23, 25, 26, 28, 36, 48, 58, 62, 70] - 4392, [1, 3, 12, 13, 14, 17, 24, 26, 34, 41, 44, 54, 61, 68, 70] - 5433, [1, 4, 11, 20, 32, 40, 44, 54, 61, 68, 70] - 4769, [1, 3, 5, 12, 22, 23, 31, 32, 40, 44, 54, 61, 63, 70] - 4092, [1, 3, 5, 6, 22, 25, 26, 28, 34, 35, 46, 47, 56, 63, 70] - 4889, [1, 3, 23, 33, 41, 44, 45, 47, 55, 56, 63, 70] - 4549, [1, 4, 11, 21, 22, 25, 26, 31, 41, 47, 55, 57, 70] - 4995, [1, 3, 12, 14, 22, 24, 26, 33, 41, 45, 47, 55, 57, 70] - 4815, [1, 2, 9, 13, 40, 44, 53, 61, 63, 70] - 4207, [1, 3, 23, 25, 26, 28, 34, 46, 49, 58, 62, 70] - 4168, [1, 2, 9, 11, 20, 31, 41, 46, 49, 58, 62, 70] - 4841, [1, 2, 3, 5, 6, 14, 25, 33, 40, 41, 46, 49, 58, 62, 70] - 4839, [1, 4, 11, 21, 23, 33, 34, 35, 49, 55, 57, 70] - 4558, [1, 2, 3, 5, 12, 13, 31, 33, 46, 47, 49, 58, 62, 70] - 4510, [1, 2, 9, 21, 22, 23, 25, 33, 40, 44, 45, 47, 49, 55, 58, 62, 70] - 5051, [1, 3, 13, 21, 22, 24, 26, 28, 35, 36, 49, 55, 57, 70] - 5316, [1, 4, 11, 21, 22, 24, 27, 35, 46, 47, 55, 56, 61, 65, 68, 70] - 6501, [1, 2, 3, 23, 33, 49, 58, 62, 70] - 3590, [1, 3, 5, 12, 22, 23, 31, 32, 40, 44, 54, 61, 63, 70] - 4092, [1, 4, 11, 21, 22, 24, 27, 35, 46, 47, 55, 56, 61, 65, 68, 70] - 6501, [1, 3, 5, 12, 22, 23, 31, 32, 40, 44, 54, 61, 63, 70] - 4092, [1, 2, 3, 23, 33, 49, 58, 62, 70] - 3590, [1, 3, 9, 11, 21, 31, 32, 39, 50, 53, 54, 56, 57, 70] - 4520, [1, 3, 13, 21, 22, 24, 28, 35, 36, 48, 49, 55, 56, 60, 61, 65, 66, 67, 68, 70] - 8470]
melhor indiv??duo da gera????o:[1, 2, 3, 23, 33, 49, 58, 62, 70] - 3590
gera????o: 3: 
[[1, 3, 13, 21, 22, 24, 28, 35, 36, 48, 49, 55, 56, 60, 61, 65, 66, 67, 68, 70] - 8470, [1, 3, 13, 21, 23, 31, 40, 44, 56, 61, 68, 70] - 4616, [1, 3, 12, 13, 14, 17, 24, 26, 34, 41, 44, 54, 61, 68, 70] - 5433, [1, 3, 5, 12, 22, 23, 31, 32, 40, 44, 54, 61, 63, 70] - 4092, [1, 3, 23, 33, 41, 44, 45, 47, 55, 56, 63, 70] - 4549, [1, 3, 12, 14, 22, 24, 26, 33, 41, 45, 47, 55, 57, 70] - 4815, [1, 3, 23, 25, 26, 28, 34, 46, 49, 58, 62, 70] - 4168, [1, 2, 3, 5, 6, 14, 25, 33, 40, 41, 46, 49, 58, 62, 70] - 4839, [1, 2, 3, 5, 12, 13, 31, 33, 46, 47, 49, 58, 62, 70] - 4510, [1, 3, 13, 21, 22, 24, 26, 28, 35, 36, 49, 55, 57, 70] - 5316, [1, 2, 3, 23, 33, 49, 58, 62, 70] - 3590, [1, 4, 11, 21, 22, 24, 27, 35, 46, 47, 55, 56, 61, 65, 68, 70] - 6501, [1, 2, 3, 23, 33, 49, 58, 62, 70] - 3590, [1, 3, 13, 21, 22, 24, 28, 35, 36, 48, 49, 55, 56, 60, 61, 65, 66, 67, 68, 70] - 8470, [1, 3, 13, 21, 23, 31, 40, 44, 56, 61, 68, 70] - 4616, [1, 4, 11, 21, 22, 24, 27, 35, 46, 47, 55, 56, 61, 65, 68, 70] - 6501, [1, 4, 11, 21, 22, 24, 27, 35, 46, 47, 55, 56, 61, 65, 68, 70] - 6501, [1, 3, 5, 12, 22, 23, 31, 32, 40, 44, 54, 61, 63, 70] - 4092, [1, 4, 11, 21, 22, 24, 27, 35, 46, 47, 55, 56, 61, 65, 68, 70] - 6501, [1, 3, 12, 13, 14, 17, 24, 26, 34, 41, 44, 54, 61, 68, 70] - 5433]
melhor indiv??duo da gera????o:[1, 2, 3, 23, 33, 49, 58, 62, 70] - 3590
gera????o: 4: 
[[1, 3, 13, 21, 23, 31, 40, 44, 56, 61, 68, 70] - 4616, [1, 3, 5, 12, 22, 23, 31, 32, 40, 44, 54, 61, 63, 70] - 4092, [1, 3, 12, 14, 22, 24, 26, 33, 41, 45, 47, 55, 57, 70] - 4815, [1, 2, 3, 5, 6, 14, 25, 33, 40, 41, 46, 49, 58, 62, 70] - 4839, [1, 3, 13, 21, 22, 24, 26, 28, 35, 36, 49, 55, 57, 70] - 5316, [1, 4, 11, 21, 22, 24, 27, 35, 46, 47, 55, 56, 61, 65, 68, 70] - 6501, [1, 3, 13, 21, 22, 24, 28, 35, 36, 48, 49, 55, 56, 60, 61, 65, 66, 67, 68, 70] - 8470, [1, 4, 11, 21, 22, 24, 27, 35, 46, 47, 55, 56, 61, 65, 68, 70] - 6501, [1, 3, 5, 12, 22, 23, 31, 32, 40, 44, 54, 61, 63, 70] - 4092, [1, 3, 12, 13, 14, 17, 24, 26, 34, 41, 44, 54, 61, 68, 70] - 5433, [1, 2, 3, 23, 33, 49, 58, 62, 70] - 3590, [1, 3, 23, 33, 41, 44, 45, 47, 55, 56, 63, 70] - 4549, [1, 2, 3, 23, 33, 49, 58, 62, 70] - 3590, [1, 3, 23, 25, 26, 28, 34, 46, 49, 58, 62, 70] - 4168, [1, 3, 23, 25, 26, 28, 34, 46, 49, 58, 62, 70] - 4168, [1, 3, 23, 33, 41, 44, 45, 47, 55, 56, 63, 70] - 4549, [1, 2, 3, 23, 33, 49, 58, 62, 70] - 3590, [1, 3, 5, 12, 22, 23, 31, 32, 40, 44, 54, 61, 63, 70] - 4092]
melhor indiv??duo da gera????o:[1, 2, 3, 23, 33, 49, 58, 62, 70] - 3590
gera????o: 5: 
[[1, 3, 5, 12, 22, 23, 31, 32, 40, 44, 54, 61, 63, 70] - 4092, [1, 2, 3, 5, 6, 14, 25, 33, 40, 41, 46, 49, 58, 62, 70] - 4839, [1, 4, 11, 21, 22, 24, 27, 35, 46, 47, 55, 56, 61, 65, 68, 70] - 6501, [1, 4, 11, 21, 22, 24, 27, 35, 46, 47, 55, 56, 61, 65, 68, 70] - 6501, [1, 3, 12, 13, 14, 17, 24, 26, 34, 41, 44, 54, 61, 68, 70] - 5433, [1, 3, 23, 33, 41, 44, 45, 47, 55, 56, 63, 70] - 4549, [1, 3, 23, 25, 26, 28, 34, 46, 49, 58, 62, 70] - 4168, [1, 3, 23, 33, 41, 44, 45, 47, 55, 56, 63, 70] - 4549, [1, 3, 5, 12, 22, 23, 31, 32, 40, 44, 54, 61, 63, 70] - 4092, [1, 3, 23, 33, 41, 44, 45, 47, 55, 56, 63, 70] - 4549, [1, 3, 5, 12, 22, 23, 31, 32, 40, 44, 54, 61, 63, 70] - 4092, [1, 2, 3, 23, 33, 49, 58, 62, 70] - 3590, [1, 3, 5, 12, 22, 23, 31, 32, 40, 44, 54, 61, 63, 70] - 4092, [1, 3, 12, 14, 22, 24, 26, 33, 41, 45, 47, 55, 57, 70] - 4815, [1, 3, 12, 13, 14, 17, 24, 26, 34, 41, 44, 54, 61, 68, 70] - 5433, [1, 4, 11, 21, 22, 24, 27, 35, 46, 47, 55, 56, 61, 65, 68, 70] - 6501]
melhor indiv??duo da gera????o:[1, 2, 3, 23, 33, 49, 58, 62, 70] - 3590
gera????o: 6: 
[[1, 2, 3, 5, 6, 14, 25, 33, 40, 41, 46, 49, 58, 62, 70] - 4839, [1, 4, 11, 21, 22, 24, 27, 35, 46, 47, 55, 56, 61, 65, 68, 70] - 6501, [1, 3, 23, 33, 41, 44, 45, 47, 55, 56, 63, 70] - 4549, [1, 3, 23, 33, 41, 44, 45, 47, 55, 56, 63, 70] - 4549, [1, 3, 23, 33, 41, 44, 45, 47, 55, 56, 63, 70] - 4549, [1, 2, 3, 23, 33, 49, 58, 62, 70] - 3590, [1, 3, 12, 14, 22, 24, 26, 33, 41, 45, 47, 55, 57, 70] - 4815, [1, 4, 11, 21, 22, 24, 27, 35, 46, 47, 55, 56, 61, 65, 68, 70] - 6501, [1, 3, 12, 13, 14, 17, 24, 26, 34, 41, 44, 54, 61, 68, 70] - 5433, [1, 3, 12, 14, 22, 24, 26, 33, 41, 45, 47, 55, 57, 70] - 4815, [1, 2, 3, 23, 33, 49, 58, 62, 70] - 3590, [1, 3, 23, 33, 41, 44, 45, 47, 55, 56, 63, 70] - 4549, [1, 3, 5, 12, 22, 23, 31, 32, 40, 44, 54, 61, 63, 70] - 4092, [1, 3, 5, 12, 22, 23, 31, 32, 40, 44, 54, 61, 63, 70] - 4092, [1, 2, 3, 23, 33, 49, 58, 62, 70] - 3590]
melhor indiv??duo da gera????o:[1, 2, 3, 23, 33, 49, 58, 62, 70] - 3590
gera????o: 7: 
[[1, 4, 11, 21, 22, 24, 27, 35, 46, 47, 55, 56, 61, 65, 68, 70] - 6501, [1, 3, 23, 33, 41, 44, 45, 47, 55, 56, 63, 70] - 4549, [1, 2, 3, 23, 33, 49, 58, 62, 70] - 3590, [1, 4, 11, 21, 22, 24, 27, 35, 46, 47, 55, 56, 61, 65, 68, 70] - 6501, [1, 3, 12, 14, 22, 24, 26, 33, 41, 45, 47, 55, 57, 70] - 4815, [1, 3, 23, 33, 41, 44, 45, 47, 55, 56, 63, 70] - 4549, [1, 3, 5, 12, 22, 23, 31, 32, 40, 44, 54, 61, 63, 70] - 4092, [1, 2, 3, 23, 33, 49, 58, 62, 70] - 3590, [1, 3, 5, 12, 22, 23, 31, 32, 40, 44, 54, 61, 63, 70] - 4092, [1, 2, 3, 23, 33, 49, 58, 62, 70] - 3590, [1, 3, 12, 13, 14, 17, 24, 26, 34, 41, 44, 54, 61, 68, 70] - 5433, [1, 3, 23, 33, 41, 44, 45, 47, 55, 56, 63, 70] - 4549, [1, 2, 3, 23, 33, 49, 58, 62, 70] - 3590, [1, 3, 5, 12, 22, 23, 31, 32, 40, 44, 54, 61, 63, 70] - 4092]
melhor indiv??duo da gera????o:[1, 2, 3, 23, 33, 49, 58, 62, 70] - 3590
gera????o: 8: 
[[1, 3, 23, 33, 41, 44, 45, 47, 55, 56, 63, 70] - 4549, [1, 4, 11, 21, 22, 24, 27, 35, 46, 47, 55, 56, 61, 65, 68, 70] - 6501, [1, 3, 23, 33, 41, 44, 45, 47, 55, 56, 63, 70] - 4549, [1, 2, 3, 23, 33, 49, 58, 62, 70] - 3590, [1, 2, 3, 23, 33, 49, 58, 62, 70] - 3590, [1, 3, 23, 33, 41, 44, 45, 47, 55, 56, 63, 70] - 4549, [1, 3, 5, 12, 22, 23, 31, 32, 40, 44, 54, 61, 63, 70] - 4092, [1, 3, 5, 12, 22, 23, 31, 32, 40, 44, 54, 61, 63, 70] - 4092, [1, 3, 12, 13, 14, 17, 24, 26, 34, 41, 44, 54, 61, 68, 70] - 5433, [1, 3, 5, 12, 22, 23, 31, 32, 40, 44, 54, 61, 63, 70] - 4092, [1, 3, 23, 33, 41, 44, 45, 47, 55, 56, 63, 70] - 4549, [1, 2, 3, 23, 33, 49, 58, 62, 70] - 3590, [1, 3, 5, 12, 22, 23, 31, 32, 40, 44, 54, 61, 63, 70] - 4092]
melhor indiv??duo da gera????o:[1, 2, 3, 23, 33, 49, 58, 62, 70] - 3590
gera????o: 9: 
[[1, 4, 11, 21, 22, 24, 27, 35, 46, 47, 55, 56, 61, 65, 68, 70] - 6501, [1, 2, 3, 23, 33, 49, 58, 62, 70] - 3590, [1, 3, 23, 33, 41, 44, 45, 47, 55, 56, 63, 70] - 4549, [1, 3, 5, 12, 22, 23, 31, 32, 40, 44, 54, 61, 63, 70] - 4092, [1, 3, 5, 12, 22, 23, 31, 32, 40, 44, 54, 61, 63, 70] - 4092, [1, 2, 3, 23, 33, 49, 58, 62, 70] - 3590, [1, 3, 23, 33, 41, 44, 45, 47, 55, 56, 63, 70] - 4549, [1, 2, 3, 23, 33, 49, 58, 62, 70] - 3590, [1, 3, 23, 33, 41, 44, 45, 47, 55, 56, 63, 70] - 4549, [1, 3, 23, 33, 41, 44, 45, 47, 55, 56, 63, 70] - 4549, [1, 3, 5, 12, 22, 23, 31, 32, 40, 44, 54, 61, 63, 70] - 4092, [1, 2, 3, 23, 33, 49, 58, 62, 70] - 3590]
melhor indiv??duo da gera????o:[1, 2, 3, 23, 33, 49, 58, 62, 70] - 3590
gera????o: 10: 
[[1, 2, 3, 23, 33, 49, 58, 62, 70] - 3590, [1, 3, 5, 12, 22, 23, 31, 32, 40, 44, 54, 61, 63, 70] - 4092, [1, 2, 3, 23, 33, 49, 58, 62, 70] - 3590, [1, 2, 3, 23, 33, 49, 58, 62, 70] - 3590, [1, 3, 23, 33, 41, 44, 45, 47, 55, 56, 63, 70] - 4549, [1, 2, 3, 23, 33, 49, 58, 62, 70] - 3590, [1, 3, 5, 12, 22, 23, 31, 32, 40, 44, 54, 61, 63, 70] - 4092, [1, 2, 3, 23, 33, 49, 58, 62, 70] - 3590, [1, 2, 3, 23, 33, 49, 58, 62, 70] - 3590, [1, 3, 5, 12, 22, 23, 31, 32, 40, 44, 54, 61, 63, 70] - 4092, [1, 2, 3, 23, 33, 49, 58, 62, 70] - 3590]
melhor indiv??duo da gera????o:[1, 2, 3, 23, 33, 49, 58, 62, 70] - 3590
gera????o: 11: 
[[1, 3, 5, 12, 22, 23, 31, 32, 40, 44, 54, 61, 63, 70] - 4092, [1, 2, 3, 23, 33, 49, 58, 62, 70] - 3590, [1, 2, 3, 23, 33, 49, 58, 62, 70] - 3590, [1, 2, 3, 23, 33, 49, 58, 62, 70] - 3590, [1, 3, 5, 12, 22, 23, 31, 32, 40, 44, 54, 61, 63, 70] - 4092, [1, 2, 3, 23, 33, 49, 58, 62, 70] - 3590, [1, 2, 3, 23, 33, 49, 58, 62, 70] - 3590, [1, 2, 3, 23, 33, 49, 58, 62, 70] - 3590, [1, 2, 3, 23, 33, 49, 58, 62, 70] - 3590, [1, 2, 3, 23, 33, 49, 58, 62, 70] - 3590]
melhor indiv??duo da gera????o:[1, 2, 3, 23, 33, 49, 58, 62, 70] - 3590
gera????o: 12: 
[[1, 2, 3, 23, 33, 49, 58, 62, 70] - 3590, [1, 2, 3, 23, 33, 49, 58, 62, 70] - 3590, [1, 2, 3, 23, 33, 49, 58, 62, 70] - 3590, [1, 2, 3, 23, 33, 49, 58, 62, 70] - 3590, [1, 2, 3, 23, 33, 49, 58, 62, 70] - 3590, [1, 2, 3, 23, 33, 49, 58, 62, 70] - 3590, [1, 2, 3, 23, 33, 49, 58, 62, 70] - 3590, [1, 2, 3, 23, 33, 49, 58, 62, 70] - 3590, [1, 2, 3, 23, 33, 49, 58, 62, 70] - 3590]
melhor indiv??duo da gera????o:[1, 2, 3, 23, 33, 49, 58, 62, 70] - 3590
gera????o: 13: 
[[1, 2, 3, 23, 33, 49, 58, 62, 70] - 3590, [1, 2, 3, 23, 33, 49, 58, 62, 70] - 3590, [1, 2, 3, 23, 33, 49, 58, 62, 70] - 3590, [1, 2, 3, 23, 33, 49, 58, 62, 70] - 3590, [1, 2, 3, 23, 33, 49, 58, 62, 70] - 3590, [1, 2, 3, 23, 33, 49, 58, 62, 70] - 3590, [1, 2, 3, 23, 33, 49, 58, 62, 70] - 3590, [1, 2, 3, 23, 33, 49, 58, 62, 70] - 3590, [1, 2, 3, 23, 33, 49, 58, 62, 70] - 3590]
melhor indiv??duo da gera????o:[1, 2, 3, 23, 33, 49, 58, 62, 70] - 3590
gera????o: 14: 
[[1, 2, 3, 23, 33, 49, 58, 62, 70] - 3590, [1, 2, 3, 23, 33, 49, 58, 62, 70] - 3590, [1, 2, 3, 23, 33, 49, 58, 62, 70] - 3590, [1, 2, 3, 23, 33, 49, 58, 62, 70] - 3590, [1, 2, 3, 23, 33, 49, 58, 62, 70] - 3590, [1, 2, 3, 23, 33, 49, 58, 62, 70] - 3590, [1, 2, 3, 23, 33, 49, 58, 62, 70] - 3590, [1, 2, 3, 23, 33, 49, 58, 62, 70] - 3590, [1, 2, 3, 23, 33, 49, 58, 62, 70] - 3590]
melhor indiv??duo da gera????o:[1, 2, 3, 23, 33, 49, 58, 62, 70] - 3590
gera????o: 15: 
[[1, 2, 3, 23, 33, 49, 58, 62, 70] - 3590, [1, 2, 3, 23, 33, 49, 58, 62, 70] - 3590, [1, 2, 3, 23, 33, 49, 58, 62, 70] - 3590, [1, 2, 3, 23, 33, 49, 58, 62, 70] - 3590, [1, 2, 3, 23, 33, 49, 58, 62, 70] - 3590, [1, 2, 3, 23, 33, 49, 58, 62, 70] - 3590, [1, 2, 3, 23, 33, 49, 58, 62, 70] - 3590, [1, 2, 3, 23, 33, 49, 58, 62, 70] - 3590, [1, 2, 3, 23, 33, 49, 58, 62, 70] - 3590]
melhor indiv??duo da gera????o:[1, 2, 3, 23, 33, 49, 58, 62, 70] - 3590
gera????o: 16: 
[[1, 2, 3, 23, 33, 49, 58, 62, 70] - 3590, [1, 2, 3, 23, 33, 49, 58, 62, 70] - 3590, [1, 2, 3, 23, 33, 49, 58, 62, 70] - 3590, [1, 2, 3, 23, 33, 49, 58, 62, 70] - 3590, [1, 2, 3, 23, 33, 49, 58, 62, 70] - 3590, [1, 2, 3, 23, 33, 49, 58, 62, 70] - 3590, [1, 2, 3, 23, 33, 49, 58, 62, 70] - 3590, [1, 2, 3, 23, 33, 49, 58, 62, 70] - 3590, [1, 2, 3, 23, 33, 49, 58, 62, 70] - 3590]
melhor indiv??duo da gera????o:[1, 2, 3, 23, 33, 49, 58, 62, 70] - 3590
gera????o: 17: 
[[1, 2, 3, 23, 33, 49, 58, 62, 70] - 3590, [1, 2, 3, 23, 33, 49, 58, 62, 70] - 3590, [1, 2, 3, 23, 33, 49, 58, 62, 70] - 3590, [1, 2, 3, 23, 33, 49, 58, 62, 70] - 3590, [1, 2, 3, 23, 33, 49, 58, 62, 70] - 3590, [1, 2, 3, 23, 33, 49, 58, 62, 70] - 3590, [1, 2, 3, 23, 33, 49, 58, 62, 70] - 3590, [1, 2, 3, 23, 33, 49, 58, 62, 70] - 3590, [1, 2, 3, 23, 33, 49, 58, 62, 70] - 3590]
melhor indiv??duo da gera????o:[1, 2, 3, 23, 33, 49, 58, 62, 70] - 3590
gera????o: 18: 
[[1, 2, 3, 23, 33, 49, 58, 62, 70] - 3590, [1, 2, 3, 23, 33, 49, 58, 62, 70] - 3590, [1, 2, 3, 23, 33, 49, 58, 62, 70] - 3590, [1, 2, 3, 23, 33, 49, 58, 62, 70] - 3590, [1, 2, 3, 23, 33, 49, 58, 62, 70] - 3590, [1, 2, 3, 23, 33, 49, 58, 62, 70] - 3590, [1, 2, 3, 23, 33, 49, 58, 62, 70] - 3590, [1, 2, 3, 23, 33, 49, 58, 62, 70] - 3590, [1, 2, 3, 23, 33, 49, 58, 62, 70] - 3590]
melhor indiv??duo da gera????o:[1, 2, 3, 23, 33, 49, 58, 62, 70] - 3590
gera????o: 19: 
[[1, 2, 3, 23, 33, 49, 58, 62, 70] - 3590, [1, 2, 3, 23, 33, 49, 58, 62, 70] - 3590, [1, 2, 3, 23, 33, 49, 58, 62, 70] - 3590, [1, 2, 3, 23, 33, 49, 58, 62, 70] - 3590, [1, 2, 3, 23, 33, 49, 58, 62, 70] - 3590, [1, 2, 3, 23, 33, 49, 58, 62, 70] - 3590, [1, 2, 3, 23, 33, 49, 58, 62, 70] - 3590, [1, 2, 3, 23, 33, 49, 58, 62, 70] - 3590, [1, 2, 3, 23, 33, 49, 58, 62, 70] - 3590]
melhor indiv??duo da gera????o:[1, 2, 3, 23, 33, 49, 58, 62, 70] - 3590
gera????o: 20: 
[[1, 2, 3, 23, 33, 49, 58, 62, 70] - 3590, [1, 2, 3, 23, 33, 49, 58, 62, 70] - 3590, [1, 2, 3, 23, 33, 49, 58, 62, 70] - 3590, [1, 2, 3, 23, 33, 49, 58, 62, 70] - 3590, [1, 2, 3, 23, 33, 49, 58, 62, 70] - 3590, [1, 2, 3, 23, 33, 49, 58, 62, 70] - 3590, [1, 2, 3, 23, 33, 49, 58, 62, 70] - 3590, [1, 2, 3, 23, 33, 49, 58, 62, 70] - 3590, [1, 2, 3, 23, 33, 49, 58, 62, 70] - 3590]
melhor indiv??duo da gera????o:[1, 2, 3, 23, 33, 49, 58, 62, 70] - 3590
gera????o: 21: 
[[1, 2, 3, 23, 33, 49, 58, 62, 70] - 3590, [1, 2, 3, 23, 33, 49, 58, 62, 70] - 3590, [1, 2, 3, 23, 33, 49, 58, 62, 70] - 3590, [1, 2, 3, 23, 33, 49, 58, 62, 70] - 3590, [1, 2, 3, 23, 33, 49, 58, 62, 70] - 3590, [1, 2, 3, 23, 33, 49, 58, 62, 70] - 3590, [1, 2, 3, 23, 33, 49, 58, 62, 70] - 3590, [1, 2, 3, 23, 33, 49, 58, 62, 70] - 3590, [1, 2, 3, 23, 33, 49, 58, 62, 70] - 3590]
melhor indiv??duo da gera????o:[1, 2, 3, 23, 33, 49, 58, 62, 70] - 3590
gera????o: 22: 
[[1, 2, 3, 23, 33, 49, 58, 62, 70] - 3590, [1, 2, 3, 23, 33, 49, 58, 62, 70] - 3590, [1, 2, 3, 23, 33, 49, 58, 62, 70] - 3590, [1, 2, 3, 23, 33, 49, 58, 62, 70] - 3590, [1, 2, 3, 23, 33, 49, 58, 62, 70] - 3590, [1, 2, 3, 23, 33, 49, 58, 62, 70] - 3590, [1, 2, 3, 23, 33, 49, 58, 62, 70] - 3590, [1, 2, 3, 23, 33, 49, 58, 62, 70] - 3590, [1, 2, 3, 23, 33, 49, 58, 62, 70] - 3590]
melhor indiv??duo da gera????o:[1, 2, 3, 23, 33, 49, 58, 62, 70] - 3590
gera????o: 23: 
[[1, 2, 3, 23, 33, 49, 58, 62, 70] - 3590, [1, 2, 3, 23, 33, 49, 58, 62, 70] - 3590, [1, 2, 3, 23, 33, 49, 58, 62, 70] - 3590, [1, 2, 3, 23, 33, 49, 58, 62, 70] - 3590, [1, 2, 3, 23, 33, 49, 58, 62, 70] - 3590, [1, 2, 3, 23, 33, 49, 58, 62, 70] - 3590, [1, 2, 3, 23, 33, 49, 58, 62, 70] - 3590, [1, 2, 3, 23, 33, 49, 58, 62, 70] - 3590, [1, 2, 3, 23, 33, 49, 58, 62, 70] - 3590]
melhor indiv??duo da gera????o:[1, 2, 3, 23, 33, 49, 58, 62, 70] - 3590
gera????o: 24: 
[[1, 2, 3, 23, 33, 49, 58, 62, 70] - 3590, [1, 2, 3, 23, 33, 49, 58, 62, 70] - 3590, [1, 2, 3, 23, 33, 49, 58, 62, 70] - 3590, [1, 2, 3, 23, 33, 49, 58, 62, 70] - 3590, [1, 2, 3, 23, 33, 49, 58, 62, 70] - 3590, [1, 2, 3, 23, 33, 49, 58, 62, 70] - 3590, [1, 2, 3, 23, 33, 49, 58, 62, 70] - 3590, [1, 2, 3, 23, 33, 49, 58, 62, 70] - 3590, [1, 2, 3, 23, 33, 49, 58, 62, 70] - 3590]
melhor indiv??duo da gera????o:[1, 2, 3, 23, 33, 49, 58, 62, 70] - 3590
gera????o: 25: 
[[1, 2, 3, 23, 33, 49, 58, 62, 70] - 3590, [1, 2, 3, 23, 33, 49, 58, 62, 70] - 3590, [1, 2, 3, 23, 33, 49, 58, 62, 70] - 3590, [1, 2, 3, 23, 33, 49, 58, 62, 70] - 3590, [1, 2, 3, 23, 33, 49, 58, 62, 70] - 3590, [1, 2, 3, 23, 33, 49, 58, 62, 70] - 3590, [1, 2, 3, 23, 33, 49, 58, 62, 70] - 3590, [1, 2, 3, 23, 33, 49, 58, 62, 70] - 3590, [1, 2, 3, 23, 33, 49, 58, 62, 70] - 3590]
melhor indiv??duo da gera????o:[1, 2, 3, 23, 33, 49, 58, 62, 70] - 3590
gera????o: 26: 
[[1, 2, 3, 23, 33, 49, 58, 62, 70] - 3590, [1, 2, 3, 23, 33, 49, 58, 62, 70] - 3590, [1, 2, 3, 23, 33, 49, 58, 62, 70] - 3590, [1, 2, 3, 23, 33, 49, 58, 62, 70] - 3590, [1, 2, 3, 23, 33, 49, 58, 62, 70] - 3590, [1, 2, 3, 23, 33, 49, 58, 62, 70] - 3590, [1, 2, 3, 23, 33, 49, 58, 62, 70] - 3590, [1, 2, 3, 23, 33, 49, 58, 62, 70] - 3590, [1, 2, 3, 23, 33, 49, 58, 62, 70] - 3590]
melhor indiv??duo da gera????o:[1, 2, 3, 23, 33, 49, 58, 62, 70] - 3590
gera????o: 27: 
[[1, 2, 3, 23, 33, 49, 58, 62, 70] - 3590, [1, 2, 3, 23, 33, 49, 58, 62, 70] - 3590, [1, 2, 3, 23, 33, 49, 58, 62, 70] - 3590, [1, 2, 3, 23, 33, 49, 58, 62, 70] - 3590, [1, 2, 3, 23, 33, 49, 58, 62, 70] - 3590, [1, 2, 3, 23, 33, 49, 58, 62, 70] - 3590, [1, 2, 3, 23, 33, 49, 58, 62, 70] - 3590, [1, 2, 3, 23, 33, 49, 58, 62, 70] - 3590, [1, 2, 3, 23, 33, 49, 58, 62, 70] - 3590]
melhor indiv??duo da gera????o:[1, 2, 3, 23, 33, 49, 58, 62, 70] - 3590
gera????o: 28: 
[[1, 2, 3, 23, 33, 49, 58, 62, 70] - 3590, [1, 2, 3, 23, 33, 49, 58, 62, 70] - 3590, [1, 2, 3, 23, 33, 49, 58, 62, 70] - 3590, [1, 2, 3, 23, 33, 49, 58, 62, 70] - 3590, [1, 2, 3, 23, 33, 49, 58, 62, 70] - 3590, [1, 2, 3, 23, 33, 49, 58, 62, 70] - 3590, [1, 2, 3, 23, 33, 49, 58, 62, 70] - 3590, [1, 2, 3, 23, 33, 49, 58, 62, 70] - 3590, [1, 2, 3, 23, 33, 49, 58, 62, 70] - 3590]
melhor indiv??duo da gera????o:[1, 2, 3, 23, 33, 49, 58, 62, 70] - 3590
gera????o: 29: 
[[1, 2, 3, 23, 33, 49, 58, 62, 70] - 3590, [1, 2, 3, 23, 33, 49, 58, 62, 70] - 3590, [1, 2, 3, 23, 33, 49, 58, 62, 70] - 3590, [1, 2, 3, 23, 33, 49, 58, 62, 70] - 3590, [1, 2, 3, 23, 33, 49, 58, 62, 70] - 3590, [1, 2, 3, 23, 33, 49, 58, 62, 70] - 3590, [1, 2, 3, 23, 33, 49, 58, 62, 70] - 3590, [1, 2, 3, 23, 33, 49, 58, 62, 70] - 3590, [1, 2, 3, 23, 33, 49, 58, 62, 70] - 3590]
melhor indiv??duo da gera????o:[1, 2, 3, 23, 33, 49, 58, 62, 70] - 3590
gera????o: 30: 
[[1, 2, 3, 23, 33, 49, 58, 62, 70] - 3590, [1, 2, 3, 23, 33, 49, 58, 62, 70] - 3590, [1, 2, 3, 23, 33, 49, 58, 62, 70] - 3590, [1, 2, 3, 23, 33, 49, 58, 62, 70] - 3590, [1, 2, 3, 23, 33, 49, 58, 62, 70] - 3590, [1, 2, 3, 23, 33, 49, 58, 62, 70] - 3590, [1, 2, 3, 23, 33, 49, 58, 62, 70] - 3590, [1, 2, 3, 23, 33, 49, 58, 62, 70] - 3590, [1, 2, 3, 23, 33, 49, 58, 62, 70] - 3590]
melhor indiv??duo da gera????o:[1, 2, 3, 23, 33, 49, 58, 62, 70] - 3590
gera????o: 31: 
[[1, 2, 3, 23, 33, 49, 58, 62, 70] - 3590, [1, 2, 3, 23, 33, 49, 58, 62, 70] - 3590, [1, 2, 3, 23, 33, 49, 58, 62, 70] - 3590, [1, 2, 3, 23, 33, 49, 58, 62, 70] - 3590, [1, 2, 3, 23, 33, 49, 58, 62, 70] - 3590, [1, 2, 3, 23, 33, 49, 58, 62, 70] - 3590, [1, 2, 3, 23, 33, 49, 58, 62, 70] - 3590, [1, 2, 3, 23, 33, 49, 58, 62, 70] - 3590, [1, 2, 3, 23, 33, 49, 58, 62, 70] - 3590]
melhor indiv??duo da gera????o:[1, 2, 3, 23, 33, 49, 58, 62, 70] - 3590
gera????o: 32: 
[[1, 2, 3, 23, 33, 49, 58, 62, 70] - 3590, [1, 2, 3, 23, 33, 49, 58, 62, 70] - 3590, [1, 2, 3, 23, 33, 49, 58, 62, 70] - 3590, [1, 2, 3, 23, 33, 49, 58, 62, 70] - 3590, [1, 2, 3, 23, 33, 49, 58, 62, 70] - 3590, [1, 2, 3, 23, 33, 49, 58, 62, 70] - 3590, [1, 2, 3, 23, 33, 49, 58, 62, 70] - 3590, [1, 2, 3, 23, 33, 49, 58, 62, 70] - 3590, [1, 2, 3, 23, 33, 49, 58, 62, 70] - 3590]
melhor indiv??duo da gera????o:[1, 2, 3, 23, 33, 49, 58, 62, 70] - 3590
gera????o: 33: 
[[1, 2, 3, 23, 33, 49, 58, 62, 70] - 3590, [1, 2, 3, 23, 33, 49, 58, 62, 70] - 3590, [1, 2, 3, 23, 33, 49, 58, 62, 70] - 3590, [1, 2, 3, 23, 33, 49, 58, 62, 70] - 3590, [1, 2, 3, 23, 33, 49, 58, 62, 70] - 3590, [1, 2, 3, 23, 33, 49, 58, 62, 70] - 3590, [1, 2, 3, 23, 33, 49, 58, 62, 70] - 3590, [1, 2, 3, 23, 33, 49, 58, 62, 70] - 3590, [1, 2, 3, 23, 33, 49, 58, 62, 70] - 3590]
melhor indiv??duo da gera????o:[1, 2, 3, 23, 33, 49, 58, 62, 70] - 3590
gera????o: 34: 
[[1, 2, 3, 23, 33, 49, 58, 62, 70] - 3590, [1, 2, 3, 23, 33, 49, 58, 62, 70] - 3590, [1, 2, 3, 23, 33, 49, 58, 62, 70] - 3590, [1, 2, 3, 23, 33, 49, 58, 62, 70] - 3590, [1, 2, 3, 23, 33, 49, 58, 62, 70] - 3590, [1, 2, 3, 23, 33, 49, 58, 62, 70] - 3590, [1, 2, 3, 23, 33, 49, 58, 62, 70] - 3590, [1, 2, 3, 23, 33, 49, 58, 62, 70] - 3590, [1, 2, 3, 23, 33, 49, 58, 62, 70] - 3590]
melhor indiv??duo da gera????o:[1, 2, 3, 23, 33, 49, 58, 62, 70] - 3590
gera????o: 35: 
[[1, 2, 3, 23, 33, 49, 58, 62, 70] - 3590, [1, 2, 3, 23, 33, 49, 58, 62, 70] - 3590, [1, 2, 3, 23, 33, 49, 58, 62, 70] - 3590, [1, 2, 3, 23, 33, 49, 58, 62, 70] - 3590, [1, 2, 3, 23, 33, 49, 58, 62, 70] - 3590, [1, 2, 3, 23, 33, 49, 58, 62, 70] - 3590, [1, 2, 3, 23, 33, 49, 58, 62, 70] - 3590, [1, 2, 3, 23, 33, 49, 58, 62, 70] - 3590, [1, 2, 3, 23, 33, 49, 58, 62, 70] - 3590]
melhor indiv??duo da gera????o:[1, 2, 3, 23, 33, 49, 58, 62, 70] - 3590
gera????o: 36: 
[[1, 2, 3, 23, 33, 49, 58, 62, 70] - 3590, [1, 2, 3, 23, 33, 49, 58, 62, 70] - 3590, [1, 2, 3, 23, 33, 49, 58, 62, 70] - 3590, [1, 2, 3, 23, 33, 49, 58, 62, 70] - 3590, [1, 2, 3, 23, 33, 49, 58, 62, 70] - 3590, [1, 2, 3, 23, 33, 49, 58, 62, 70] - 3590, [1, 2, 3, 23, 33, 49, 58, 62, 70] - 3590, [1, 2, 3, 23, 33, 49, 58, 62, 70] - 3590, [1, 2, 3, 23, 33, 49, 58, 62, 70] - 3590]
melhor indiv??duo da gera????o:[1, 2, 3, 23, 33, 49, 58, 62, 70] - 3590
gera????o: 37: 
[[1, 2, 3, 23, 33, 49, 58, 62, 70] - 3590, [1, 2, 3, 23, 33, 49, 58, 62, 70] - 3590, [1, 2, 3, 23, 33, 49, 58, 62, 70] - 3590, [1, 2, 3, 23, 33, 49, 58, 62, 70] - 3590, [1, 2, 3, 23, 33, 49, 58, 62, 70] - 3590, [1, 2, 3, 23, 33, 49, 58, 62, 70] - 3590, [1, 2, 3, 23, 33, 49, 58, 62, 70] - 3590, [1, 2, 3, 23, 33, 49, 58, 62, 70] - 3590, [1, 2, 3, 23, 33, 49, 58, 62, 70] - 3590]
melhor indiv??duo da gera????o:[1, 2, 3, 23, 33, 49, 58, 62, 70] - 3590
gera????o: 38: 
[[1, 2, 3, 23, 33, 49, 58, 62, 70] - 3590, [1, 2, 3, 23, 33, 49, 58, 62, 70] - 3590, [1, 2, 3, 23, 33, 49, 58, 62, 70] - 3590, [1, 2, 3, 23, 33, 49, 58, 62, 70] - 3590, [1, 2, 3, 23, 33, 49, 58, 62, 70] - 3590, [1, 2, 3, 23, 33, 49, 58, 62, 70] - 3590, [1, 2, 3, 23, 33, 49, 58, 62, 70] - 3590, [1, 2, 3, 23, 33, 49, 58, 62, 70] - 3590, [1, 2, 3, 23, 33, 49, 58, 62, 70] - 3590]
melhor indiv??duo da gera????o:[1, 2, 3, 23, 33, 49, 58, 62, 70] - 3590
gera????o: 39: 
[[1, 2, 3, 23, 33, 49, 58, 62, 70] - 3590, [1, 2, 3, 23, 33, 49, 58, 62, 70] - 3590, [1, 2, 3, 23, 33, 49, 58, 62, 70] - 3590, [1, 2, 3, 23, 33, 49, 58, 62, 70] - 3590, [1, 2, 3, 23, 33, 49, 58, 62, 70] - 3590, [1, 2, 3, 23, 33, 49, 58, 62, 70] - 3590, [1, 2, 3, 23, 33, 49, 58, 62, 70] - 3590, [1, 2, 3, 23, 33, 49, 58, 62, 70] - 3590, [1, 2, 3, 23, 33, 49, 58, 62, 70] - 3590]
melhor indiv??duo da gera????o:[1, 2, 3, 23, 33, 49, 58, 62, 70] - 3590
gera????o: 40: 
[[1, 2, 3, 23, 33, 49, 58, 62, 70] - 3590, [1, 2, 3, 23, 33, 49, 58, 62, 70] - 3590, [1, 2, 3, 23, 33, 49, 58, 62, 70] - 3590, [1, 2, 3, 23, 33, 49, 58, 62, 70] - 3590, [1, 2, 3, 23, 33, 49, 58, 62, 70] - 3590, [1, 2, 3, 23, 33, 49, 58, 62, 70] - 3590, [1, 2, 3, 23, 33, 49, 58, 62, 70] - 3590, [1, 2, 3, 23, 33, 49, 58, 62, 70] - 3590, [1, 2, 3, 23, 33, 49, 58, 62, 70] - 3590]
melhor indiv??duo da gera????o:[1, 2, 3, 23, 33, 49, 58, 62, 70] - 3590
gera????o: 41: 
[[1, 2, 3, 23, 33, 49, 58, 62, 70] - 3590, [1, 2, 3, 23, 33, 49, 58, 62, 70] - 3590, [1, 2, 3, 23, 33, 49, 58, 62, 70] - 3590, [1, 2, 3, 23, 33, 49, 58, 62, 70] - 3590, [1, 2, 3, 23, 33, 49, 58, 62, 70] - 3590, [1, 2, 3, 23, 33, 49, 58, 62, 70] - 3590, [1, 2, 3, 23, 33, 49, 58, 62, 70] - 3590, [1, 2, 3, 23, 33, 49, 58, 62, 70] - 3590, [1, 2, 3, 23, 33, 49, 58, 62, 70] - 3590]
melhor indiv??duo da gera????o:[1, 2, 3, 23, 33, 49, 58, 62, 70] - 3590
gera????o: 42: 
[[1, 2, 3, 23, 33, 49, 58, 62, 70] - 3590, [1, 2, 3, 23, 33, 49, 58, 62, 70] - 3590, [1, 2, 3, 23, 33, 49, 58, 62, 70] - 3590, [1, 2, 3, 23, 33, 49, 58, 62, 70] - 3590, [1, 2, 3, 23, 33, 49, 58, 62, 70] - 3590, [1, 2, 3, 23, 33, 49, 58, 62, 70] - 3590, [1, 2, 3, 23, 33, 49, 58, 62, 70] - 3590, [1, 2, 3, 23, 33, 49, 58, 62, 70] - 3590, [1, 2, 3, 23, 33, 49, 58, 62, 70] - 3590]
melhor indiv??duo da gera????o:[1, 2, 3, 23, 33, 49, 58, 62, 70] - 3590
gera????o: 43: 
[[1, 2, 3, 23, 33, 49, 58, 62, 70] - 3590, [1, 2, 3, 23, 33, 49, 58, 62, 70] - 3590, [1, 2, 3, 23, 33, 49, 58, 62, 70] - 3590, [1, 2, 3, 23, 33, 49, 58, 62, 70] - 3590, [1, 2, 3, 23, 33, 49, 58, 62, 70] - 3590, [1, 2, 3, 23, 33, 49, 58, 62, 70] - 3590, [1, 2, 3, 23, 33, 49, 58, 62, 70] - 3590, [1, 2, 3, 23, 33, 49, 58, 62, 70] - 3590, [1, 2, 3, 23, 33, 49, 58, 62, 70] - 3590]
melhor indiv??duo da gera????o:[1, 2, 3, 23, 33, 49, 58, 62, 70] - 3590
gera????o: 44: 
[[1, 2, 3, 23, 33, 49, 58, 62, 70] - 3590, [1, 2, 3, 23, 33, 49, 58, 62, 70] - 3590, [1, 2, 3, 23, 33, 49, 58, 62, 70] - 3590, [1, 2, 3, 23, 33, 49, 58, 62, 70] - 3590, [1, 2, 3, 23, 33, 49, 58, 62, 70] - 3590, [1, 2, 3, 23, 33, 49, 58, 62, 70] - 3590, [1, 2, 3, 23, 33, 49, 58, 62, 70] - 3590, [1, 2, 3, 23, 33, 49, 58, 62, 70] - 3590, [1, 2, 3, 23, 33, 49, 58, 62, 70] - 3590]
melhor indiv??duo da gera????o:[1, 2, 3, 23, 33, 49, 58, 62, 70] - 3590
gera????o: 45: 
[[1, 2, 3, 23, 33, 49, 58, 62, 70] - 3590, [1, 2, 3, 23, 33, 49, 58, 62, 70] - 3590, [1, 2, 3, 23, 33, 49, 58, 62, 70] - 3590, [1, 2, 3, 23, 33, 49, 58, 62, 70] - 3590, [1, 2, 3, 23, 33, 49, 58, 62, 70] - 3590, [1, 2, 3, 23, 33, 49, 58, 62, 70] - 3590, [1, 2, 3, 23, 33, 49, 58, 62, 70] - 3590, [1, 2, 3, 23, 33, 49, 58, 62, 70] - 3590, [1, 2, 3, 23, 33, 49, 58, 62, 70] - 3590]
melhor indiv??duo da gera????o:[1, 2, 3, 23, 33, 49, 58, 62, 70] - 3590
gera????o: 46: 
[[1, 2, 3, 23, 33, 49, 58, 62, 70] - 3590, [1, 2, 3, 23, 33, 49, 58, 62, 70] - 3590, [1, 2, 3, 23, 33, 49, 58, 62, 70] - 3590, [1, 2, 3, 23, 33, 49, 58, 62, 70] - 3590, [1, 2, 3, 23, 33, 49, 58, 62, 70] - 3590, [1, 2, 3, 23, 33, 49, 58, 62, 70] - 3590, [1, 2, 3, 23, 33, 49, 58, 62, 70] - 3590, [1, 2, 3, 23, 33, 49, 58, 62, 70] - 3590, [1, 2, 3, 23, 33, 49, 58, 62, 70] - 3590]
melhor indiv??duo da gera????o:[1, 2, 3, 23, 33, 49, 58, 62, 70] - 3590
gera????o: 47: 
[[1, 2, 3, 23, 33, 49, 58, 62, 70] - 3590, [1, 2, 3, 23, 33, 49, 58, 62, 70] - 3590, [1, 2, 3, 23, 33, 49, 58, 62, 70] - 3590, [1, 2, 3, 23, 33, 49, 58, 62, 70] - 3590, [1, 2, 3, 23, 33, 49, 58, 62, 70] - 3590, [1, 2, 3, 23, 33, 49, 58, 62, 70] - 3590, [1, 2, 3, 23, 33, 49, 58, 62, 70] - 3590, [1, 2, 3, 23, 33, 49, 58, 62, 70] - 3590, [1, 2, 3, 23, 33, 49, 58, 62, 70] - 3590]
melhor indiv??duo da gera????o:[1, 2, 3, 23, 33, 49, 58, 62, 70] - 3590
gera????o: 48: 
[[1, 2, 3, 23, 33, 49, 58, 62, 70] - 3590, [1, 2, 3, 23, 33, 49, 58, 62, 70] - 3590, [1, 2, 3, 23, 33, 49, 58, 62, 70] - 3590, [1, 2, 3, 23, 33, 49, 58, 62, 70] - 3590, [1, 2, 3, 23, 33, 49, 58, 62, 70] - 3590, [1, 2, 3, 23, 33, 49, 58, 62, 70] - 3590, [1, 2, 3, 23, 33, 49, 58, 62, 70] - 3590, [1, 2, 3, 23, 33, 49, 58, 62, 70] - 3590, [1, 2, 3, 23, 33, 49, 58, 62, 70] - 3590]
melhor indiv??duo da gera????o:[1, 2, 3, 23, 33, 49, 58, 62, 70] - 3590
gera????o: 49: 
[[1, 2, 3, 23, 33, 49, 58, 62, 70] - 3590, [1, 2, 3, 23, 33, 49, 58, 62, 70] - 3590, [1, 2, 3, 23, 33, 49, 58, 62, 70] - 3590, [1, 2, 3, 23, 33, 49, 58, 62, 70] - 3590, [1, 2, 3, 23, 33, 49, 58, 62, 70] - 3590, [1, 2, 3, 23, 33, 49, 58, 62, 70] - 3590, [1, 2, 3, 23, 33, 49, 58, 62, 70] - 3590, [1, 2, 3, 23, 33, 49, 58, 62, 70] - 3590, [1, 2, 3, 23, 33, 49, 58, 62, 70] - 3590]
melhor indiv??duo da gera????o:[1, 2, 3, 23, 33, 49, 58, 62, 70] - 3590
gera????o: 50: 
[[1, 2, 3, 23, 33, 49, 58, 62, 70] - 3590, [1, 2, 3, 23, 33, 49, 58, 62, 70] - 3590, [1, 2, 3, 23, 33, 49, 58, 62, 70] - 3590, [1, 2, 3, 23, 33, 49, 58, 62, 70] - 3590, [1, 2, 3, 23, 33, 49, 58, 62, 70] - 3590, [1, 2, 3, 23, 33, 49, 58, 62, 70] - 3590, [1, 2, 3, 23, 33, 49, 58, 62, 70] - 3590, [1, 2, 3, 23, 33, 49, 58, 62, 70] - 3590, [1, 2, 3, 23, 33, 49, 58, 62, 70] - 3590]
melhor indiv??duo da gera????o:[1, 2, 3, 23, 33, 49, 58, 62, 70] - 3590
gera????o: 51: 
[[1, 2, 3, 23, 33, 49, 58, 62, 70] - 3590, [1, 2, 3, 23, 33, 49, 58, 62, 70] - 3590, [1, 2, 3, 23, 33, 49, 58, 62, 70] - 3590, [1, 2, 3, 23, 33, 49, 58, 62, 70] - 3590, [1, 2, 3, 23, 33, 49, 58, 62, 70] - 3590, [1, 2, 3, 23, 33, 49, 58, 62, 70] - 3590, [1, 2, 3, 23, 33, 49, 58, 62, 70] - 3590, [1, 2, 3, 23, 33, 49, 58, 62, 70] - 3590, [1, 2, 3, 23, 33, 49, 58, 62, 70] - 3590]
melhor indiv??duo da gera????o:[1, 2, 3, 23, 33, 49, 58, 62, 70] - 3590
gera????o: 52: 
[[1, 2, 3, 23, 33, 49, 58, 62, 70] - 3590, [1, 2, 3, 23, 33, 49, 58, 62, 70] - 3590, [1, 2, 3, 23, 33, 49, 58, 62, 70] - 3590, [1, 2, 3, 23, 33, 49, 58, 62, 70] - 3590, [1, 2, 3, 23, 33, 49, 58, 62, 70] - 3590, [1, 2, 3, 23, 33, 49, 58, 62, 70] - 3590, [1, 2, 3, 23, 33, 49, 58, 62, 70] - 3590, [1, 2, 3, 23, 33, 49, 58, 62, 70] - 3590, [1, 2, 3, 23, 33, 49, 58, 62, 70] - 3590]
melhor indiv??duo da gera????o:[1, 2, 3, 23, 33, 49, 58, 62, 70] - 3590
gera????o: 53: 
[[1, 2, 3, 23, 33, 49, 58, 62, 70] - 3590, [1, 2, 3, 23, 33, 49, 58, 62, 70] - 3590, [1, 2, 3, 23, 33, 49, 58, 62, 70] - 3590, [1, 2, 3, 23, 33, 49, 58, 62, 70] - 3590, [1, 2, 3, 23, 33, 49, 58, 62, 70] - 3590, [1, 2, 3, 23, 33, 49, 58, 62, 70] - 3590, [1, 2, 3, 23, 33, 49, 58, 62, 70] - 3590, [1, 2, 3, 23, 33, 49, 58, 62, 70] - 3590, [1, 2, 3, 23, 33, 49, 58, 62, 70] - 3590]
melhor indiv??duo da gera????o:[1, 2, 3, 23, 33, 49, 58, 62, 70] - 3590
gera????o: 54: 
[[1, 2, 3, 23, 33, 49, 58, 62, 70] - 3590, [1, 2, 3, 23, 33, 49, 58, 62, 70] - 3590, [1, 2, 3, 23, 33, 49, 58, 62, 70] - 3590, [1, 2, 3, 23, 33, 49, 58, 62, 70] - 3590, [1, 2, 3, 23, 33, 49, 58, 62, 70] - 3590, [1, 2, 3, 23, 33, 49, 58, 62, 70] - 3590, [1, 2, 3, 23, 33, 49, 58, 62, 70] - 3590, [1, 2, 3, 23, 33, 49, 58, 62, 70] - 3590, [1, 2, 3, 23, 33, 49, 58, 62, 70] - 3590]
melhor indiv??duo da gera????o:[1, 2, 3, 23, 33, 49, 58, 62, 70] - 3590
gera????o: 55: 
[[1, 2, 3, 23, 33, 49, 58, 62, 70] - 3590, [1, 2, 3, 23, 33, 49, 58, 62, 70] - 3590, [1, 2, 3, 23, 33, 49, 58, 62, 70] - 3590, [1, 2, 3, 23, 33, 49, 58, 62, 70] - 3590, [1, 2, 3, 23, 33, 49, 58, 62, 70] - 3590, [1, 2, 3, 23, 33, 49, 58, 62, 70] - 3590, [1, 2, 3, 23, 33, 49, 58, 62, 70] - 3590, [1, 2, 3, 23, 33, 49, 58, 62, 70] - 3590, [1, 2, 3, 23, 33, 49, 58, 62, 70] - 3590]
melhor indiv??duo da gera????o:[1, 2, 3, 23, 33, 49, 58, 62, 70] - 3590
gera????o: 56: 
[[1, 2, 3, 23, 33, 49, 58, 62, 70] - 3590, [1, 2, 3, 23, 33, 49, 58, 62, 70] - 3590, [1, 2, 3, 23, 33, 49, 58, 62, 70] - 3590, [1, 2, 3, 23, 33, 49, 58, 62, 70] - 3590, [1, 2, 3, 23, 33, 49, 58, 62, 70] - 3590, [1, 2, 3, 23, 33, 49, 58, 62, 70] - 3590, [1, 2, 3, 23, 33, 49, 58, 62, 70] - 3590, [1, 2, 3, 23, 33, 49, 58, 62, 70] - 3590, [1, 2, 3, 23, 33, 49, 58, 62, 70] - 3590]
melhor indiv??duo da gera????o:[1, 2, 3, 23, 33, 49, 58, 62, 70] - 3590
gera????o: 57: 
[[1, 2, 3, 23, 33, 49, 58, 62, 70] - 3590, [1, 2, 3, 23, 33, 49, 58, 62, 70] - 3590, [1, 2, 3, 23, 33, 49, 58, 62, 70] - 3590, [1, 2, 3, 23, 33, 49, 58, 62, 70] - 3590, [1, 2, 3, 23, 33, 49, 58, 62, 70] - 3590, [1, 2, 3, 23, 33, 49, 58, 62, 70] - 3590, [1, 2, 3, 23, 33, 49, 58, 62, 70] - 3590, [1, 2, 3, 23, 33, 49, 58, 62, 70] - 3590, [1, 2, 3, 23, 33, 49, 58, 62, 70] - 3590]
melhor indiv??duo da gera????o:[1, 2, 3, 23, 33, 49, 58, 62, 70] - 3590
gera????o: 58: 
[[1, 2, 3, 23, 33, 49, 58, 62, 70] - 3590, [1, 2, 3, 23, 33, 49, 58, 62, 70] - 3590, [1, 2, 3, 23, 33, 49, 58, 62, 70] - 3590, [1, 2, 3, 23, 33, 49, 58, 62, 70] - 3590, [1, 2, 3, 23, 33, 49, 58, 62, 70] - 3590, [1, 2, 3, 23, 33, 49, 58, 62, 70] - 3590, [1, 2, 3, 23, 33, 49, 58, 62, 70] - 3590, [1, 2, 3, 23, 33, 49, 58, 62, 70] - 3590, [1, 2, 3, 23, 33, 49, 58, 62, 70] - 3590]
melhor indiv??duo da gera????o:[1, 2, 3, 23, 33, 49, 58, 62, 70] - 3590
gera????o: 59: 
[[1, 2, 3, 23, 33, 49, 58, 62, 70] - 3590, [1, 2, 3, 23, 33, 49, 58, 62, 70] - 3590, [1, 2, 3, 23, 33, 49, 58, 62, 70] - 3590, [1, 2, 3, 23, 33, 49, 58, 62, 70] - 3590, [1, 2, 3, 23, 33, 49, 58, 62, 70] - 3590, [1, 2, 3, 23, 33, 49, 58, 62, 70] - 3590, [1, 2, 3, 23, 33, 49, 58, 62, 70] - 3590, [1, 2, 3, 23, 33, 49, 58, 62, 70] - 3590, [1, 2, 3, 23, 33, 49, 58, 62, 70] - 3590]
melhor indiv??duo da gera????o:[1, 2, 3, 23, 33, 49, 58, 62, 70] - 3590
gera????o: 60: 
[[1, 2, 3, 23, 33, 49, 58, 62, 70] - 3590, [1, 2, 3, 23, 33, 49, 58, 62, 70] - 3590, [1, 2, 3, 23, 33, 49, 58, 62, 70] - 3590, [1, 2, 3, 23, 33, 49, 58, 62, 70] - 3590, [1, 2, 3, 23, 33, 49, 58, 62, 70] - 3590, [1, 2, 3, 23, 33, 49, 58, 62, 70] - 3590, [1, 2, 3, 23, 33, 49, 58, 62, 70] - 3590, [1, 2, 3, 23, 33, 49, 58, 62, 70] - 3590, [1, 2, 3, 23, 33, 49, 58, 62, 70] - 3590]
melhor indiv??duo da gera????o:[1, 2, 3, 23, 33, 49, 58, 62, 70] - 3590
gera????o: 61: 
[[1, 2, 3, 23, 33, 49, 58, 62, 70] - 3590, [1, 2, 3, 23, 33, 49, 58, 62, 70] - 3590, [1, 2, 3, 23, 33, 49, 58, 62, 70] - 3590, [1, 2, 3, 23, 33, 49, 58, 62, 70] - 3590, [1, 2, 3, 23, 33, 49, 58, 62, 70] - 3590, [1, 2, 3, 23, 33, 49, 58, 62, 70] - 3590, [1, 2, 3, 23, 33, 49, 58, 62, 70] - 3590, [1, 2, 3, 23, 33, 49, 58, 62, 70] - 3590, [1, 2, 3, 23, 33, 49, 58, 62, 70] - 3590]
melhor indiv??duo da gera????o:[1, 2, 3, 23, 33, 49, 58, 62, 70] - 3590
gera????o: 62: 
[[1, 2, 3, 23, 33, 49, 58, 62, 70] - 3590, [1, 2, 3, 23, 33, 49, 58, 62, 70] - 3590, [1, 2, 3, 23, 33, 49, 58, 62, 70] - 3590, [1, 2, 3, 23, 33, 49, 58, 62, 70] - 3590, [1, 2, 3, 23, 33, 49, 58, 62, 70] - 3590, [1, 2, 3, 23, 33, 49, 58, 62, 70] - 3590, [1, 2, 3, 23, 33, 49, 58, 62, 70] - 3590, [1, 2, 3, 23, 33, 49, 58, 62, 70] - 3590, [1, 2, 3, 23, 33, 49, 58, 62, 70] - 3590]
melhor indiv??duo da gera????o:[1, 2, 3, 23, 33, 49, 58, 62, 70] - 3590
gera????o: 63: 
[[1, 2, 3, 23, 33, 49, 58, 62, 70] - 3590, [1, 2, 3, 23, 33, 49, 58, 62, 70] - 3590, [1, 2, 3, 23, 33, 49, 58, 62, 70] - 3590, [1, 2, 3, 23, 33, 49, 58, 62, 70] - 3590, [1, 2, 3, 23, 33, 49, 58, 62, 70] - 3590, [1, 2, 3, 23, 33, 49, 58, 62, 70] - 3590, [1, 2, 3, 23, 33, 49, 58, 62, 70] - 3590, [1, 2, 3, 23, 33, 49, 58, 62, 70] - 3590, [1, 2, 3, 23, 33, 49, 58, 62, 70] - 3590]
melhor indiv??duo da gera????o:[1, 2, 3, 23, 33, 49, 58, 62, 70] - 3590
gera????o: 64: 
[[1, 2, 3, 23, 33, 49, 58, 62, 70] - 3590, [1, 2, 3, 23, 33, 49, 58, 62, 70] - 3590, [1, 2, 3, 23, 33, 49, 58, 62, 70] - 3590, [1, 2, 3, 23, 33, 49, 58, 62, 70] - 3590, [1, 2, 3, 23, 33, 49, 58, 62, 70] - 3590, [1, 2, 3, 23, 33, 49, 58, 62, 70] - 3590, [1, 2, 3, 23, 33, 49, 58, 62, 70] - 3590, [1, 2, 3, 23, 33, 49, 58, 62, 70] - 3590, [1, 2, 3, 23, 33, 49, 58, 62, 70] - 3590]
melhor indiv??duo da gera????o:[1, 2, 3, 23, 33, 49, 58, 62, 70] - 3590
gera????o: 65: 
[[1, 2, 3, 23, 33, 49, 58, 62, 70] - 3590, [1, 2, 3, 23, 33, 49, 58, 62, 70] - 3590, [1, 2, 3, 23, 33, 49, 58, 62, 70] - 3590, [1, 2, 3, 23, 33, 49, 58, 62, 70] - 3590, [1, 2, 3, 23, 33, 49, 58, 62, 70] - 3590, [1, 2, 3, 23, 33, 49, 58, 62, 70] - 3590, [1, 2, 3, 23, 33, 49, 58, 62, 70] - 3590, [1, 2, 3, 23, 33, 49, 58, 62, 70] - 3590, [1, 2, 3, 23, 33, 49, 58, 62, 70] - 3590]
melhor indiv??duo da gera????o:[1, 2, 3, 23, 33, 49, 58, 62, 70] - 3590
gera????o: 66: 
[[1, 2, 3, 23, 33, 49, 58, 62, 70] - 3590, [1, 2, 3, 23, 33, 49, 58, 62, 70] - 3590, [1, 2, 3, 23, 33, 49, 58, 62, 70] - 3590, [1, 2, 3, 23, 33, 49, 58, 62, 70] - 3590, [1, 2, 3, 23, 33, 49, 58, 62, 70] - 3590, [1, 2, 3, 23, 33, 49, 58, 62, 70] - 3590, [1, 2, 3, 23, 33, 49, 58, 62, 70] - 3590, [1, 2, 3, 23, 33, 49, 58, 62, 70] - 3590, [1, 2, 3, 23, 33, 49, 58, 62, 70] - 3590]
melhor indiv??duo da gera????o:[1, 2, 3, 23, 33, 49, 58, 62, 70] - 3590
gera????o: 67: 
[[1, 2, 3, 23, 33, 49, 58, 62, 70] - 3590, [1, 2, 3, 23, 33, 49, 58, 62, 70] - 3590, [1, 2, 3, 23, 33, 49, 58, 62, 70] - 3590, [1, 2, 3, 23, 33, 49, 58, 62, 70] - 3590, [1, 2, 3, 23, 33, 49, 58, 62, 70] - 3590, [1, 2, 3, 23, 33, 49, 58, 62, 70] - 3590, [1, 2, 3, 23, 33, 49, 58, 62, 70] - 3590, [1, 2, 3, 23, 33, 49, 58, 62, 70] - 3590, [1, 2, 3, 23, 33, 49, 58, 62, 70] - 3590]
melhor indiv??duo da gera????o:[1, 2, 3, 23, 33, 49, 58, 62, 70] - 3590
gera????o: 68: 
[[1, 2, 3, 23, 33, 49, 58, 62, 70] - 3590, [1, 2, 3, 23, 33, 49, 58, 62, 70] - 3590, [1, 2, 3, 23, 33, 49, 58, 62, 70] - 3590, [1, 2, 3, 23, 33, 49, 58, 62, 70] - 3590, [1, 2, 3, 23, 33, 49, 58, 62, 70] - 3590, [1, 2, 3, 23, 33, 49, 58, 62, 70] - 3590, [1, 2, 3, 23, 33, 49, 58, 62, 70] - 3590, [1, 2, 3, 23, 33, 49, 58, 62, 70] - 3590, [1, 2, 3, 23, 33, 49, 58, 62, 70] - 3590]
melhor indiv??duo da gera????o:[1, 2, 3, 23, 33, 49, 58, 62, 70] - 3590
gera????o: 69: 
[[1, 2, 3, 23, 33, 49, 58, 62, 70] - 3590, [1, 2, 3, 23, 33, 49, 58, 62, 70] - 3590, [1, 2, 3, 23, 33, 49, 58, 62, 70] - 3590, [1, 2, 3, 23, 33, 49, 58, 62, 70] - 3590, [1, 2, 3, 23, 33, 49, 58, 62, 70] - 3590, [1, 2, 3, 23, 33, 49, 58, 62, 70] - 3590, [1, 2, 3, 23, 33, 49, 58, 62, 70] - 3590, [1, 2, 3, 23, 33, 49, 58, 62, 70] - 3590, [1, 2, 3, 23, 33, 49, 58, 62, 70] - 3590]
melhor indiv??duo da gera????o:[1, 2, 3, 23, 33, 49, 58, 62, 70] - 3590
gera????o: 70: 
[[1, 2, 3, 23, 33, 49, 58, 62, 70] - 3590, [1, 2, 3, 23, 33, 49, 58, 62, 70] - 3590, [1, 2, 3, 23, 33, 49, 58, 62, 70] - 3590, [1, 2, 3, 23, 33, 49, 58, 62, 70] - 3590, [1, 2, 3, 23, 33, 49, 58, 62, 70] - 3590, [1, 2, 3, 23, 33, 49, 58, 62, 70] - 3590, [1, 2, 3, 23, 33, 49, 58, 62, 70] - 3590, [1, 2, 3, 23, 33, 49, 58, 62, 70] - 3590, [1, 2, 3, 23, 33, 49, 58, 62, 70] - 3590]
melhor indiv??duo da gera????o:[1, 2, 3, 23, 33, 49, 58, 62, 70] - 3590
gera????o: 71: 
[[1, 2, 3, 23, 33, 49, 58, 62, 70] - 3590, [1, 2, 3, 23, 33, 49, 58, 62, 70] - 3590, [1, 2, 3, 23, 33, 49, 58, 62, 70] - 3590, [1, 2, 3, 23, 33, 49, 58, 62, 70] - 3590, [1, 2, 3, 23, 33, 49, 58, 62, 70] - 3590, [1, 2, 3, 23, 33, 49, 58, 62, 70] - 3590, [1, 2, 3, 23, 33, 49, 58, 62, 70] - 3590, [1, 2, 3, 23, 33, 49, 58, 62, 70] - 3590, [1, 2, 3, 23, 33, 49, 58, 62, 70] - 3590]
melhor indiv??duo da gera????o:[1, 2, 3, 23, 33, 49, 58, 62, 70] - 3590
gera????o: 72: 
[[1, 2, 3, 23, 33, 49, 58, 62, 70] - 3590, [1, 2, 3, 23, 33, 49, 58, 62, 70] - 3590, [1, 2, 3, 23, 33, 49, 58, 62, 70] - 3590, [1, 2, 3, 23, 33, 49, 58, 62, 70] - 3590, [1, 2, 3, 23, 33, 49, 58, 62, 70] - 3590, [1, 2, 3, 23, 33, 49, 58, 62, 70] - 3590, [1, 2, 3, 23, 33, 49, 58, 62, 70] - 3590, [1, 2, 3, 23, 33, 49, 58, 62, 70] - 3590, [1, 2, 3, 23, 33, 49, 58, 62, 70] - 3590]
melhor indiv??duo da gera????o:[1, 2, 3, 23, 33, 49, 58, 62, 70] - 3590
gera????o: 73: 
[[1, 2, 3, 23, 33, 49, 58, 62, 70] - 3590, [1, 2, 3, 23, 33, 49, 58, 62, 70] - 3590, [1, 2, 3, 23, 33, 49, 58, 62, 70] - 3590, [1, 2, 3, 23, 33, 49, 58, 62, 70] - 3590, [1, 2, 3, 23, 33, 49, 58, 62, 70] - 3590, [1, 2, 3, 23, 33, 49, 58, 62, 70] - 3590, [1, 2, 3, 23, 33, 49, 58, 62, 70] - 3590, [1, 2, 3, 23, 33, 49, 58, 62, 70] - 3590, [1, 2, 3, 23, 33, 49, 58, 62, 70] - 3590]
melhor indiv??duo da gera????o:[1, 2, 3, 23, 33, 49, 58, 62, 70] - 3590
gera????o: 74: 
[[1, 2, 3, 23, 33, 49, 58, 62, 70] - 3590, [1, 2, 3, 23, 33, 49, 58, 62, 70] - 3590, [1, 2, 3, 23, 33, 49, 58, 62, 70] - 3590, [1, 2, 3, 23, 33, 49, 58, 62, 70] - 3590, [1, 2, 3, 23, 33, 49, 58, 62, 70] - 3590, [1, 2, 3, 23, 33, 49, 58, 62, 70] - 3590, [1, 2, 3, 23, 33, 49, 58, 62, 70] - 3590, [1, 2, 3, 23, 33, 49, 58, 62, 70] - 3590, [1, 2, 3, 23, 33, 49, 58, 62, 70] - 3590]
melhor indiv??duo da gera????o:[1, 2, 3, 23, 33, 49, 58, 62, 70] - 3590
gera????o: 75: 
[[1, 2, 3, 23, 33, 49, 58, 62, 70] - 3590, [1, 2, 3, 23, 33, 49, 58, 62, 70] - 3590, [1, 2, 3, 23, 33, 49, 58, 62, 70] - 3590, [1, 2, 3, 23, 33, 49, 58, 62, 70] - 3590, [1, 2, 3, 23, 33, 49, 58, 62, 70] - 3590, [1, 2, 3, 23, 33, 49, 58, 62, 70] - 3590, [1, 2, 3, 23, 33, 49, 58, 62, 70] - 3590, [1, 2, 3, 23, 33, 49, 58, 62, 70] - 3590, [1, 2, 3, 23, 33, 49, 58, 62, 70] - 3590]
melhor indiv??duo da gera????o:[1, 2, 3, 23, 33, 49, 58, 62, 70] - 3590
gera????o: 76: 
[[1, 2, 3, 23, 33, 49, 58, 62, 70] - 3590, [1, 2, 3, 23, 33, 49, 58, 62, 70] - 3590, [1, 2, 3, 23, 33, 49, 58, 62, 70] - 3590, [1, 2, 3, 23, 33, 49, 58, 62, 70] - 3590, [1, 2, 3, 23, 33, 49, 58, 62, 70] - 3590, [1, 2, 3, 23, 33, 49, 58, 62, 70] - 3590, [1, 2, 3, 23, 33, 49, 58, 62, 70] - 3590, [1, 2, 3, 23, 33, 49, 58, 62, 70] - 3590, [1, 2, 3, 23, 33, 49, 58, 62, 70] - 3590]
melhor indiv??duo da gera????o:[1, 2, 3, 23, 33, 49, 58, 62, 70] - 3590
gera????o: 77: 
[[1, 2, 3, 23, 33, 49, 58, 62, 70] - 3590, [1, 2, 3, 23, 33, 49, 58, 62, 70] - 3590, [1, 2, 3, 23, 33, 49, 58, 62, 70] - 3590, [1, 2, 3, 23, 33, 49, 58, 62, 70] - 3590, [1, 2, 3, 23, 33, 49, 58, 62, 70] - 3590, [1, 2, 3, 23, 33, 49, 58, 62, 70] - 3590, [1, 2, 3, 23, 33, 49, 58, 62, 70] - 3590, [1, 2, 3, 23, 33, 49, 58, 62, 70] - 3590, [1, 2, 3, 23, 33, 49, 58, 62, 70] - 3590]
melhor indiv??duo da gera????o:[1, 2, 3, 23, 33, 49, 58, 62, 70] - 3590
gera????o: 78: 
[[1, 2, 3, 23, 33, 49, 58, 62, 70] - 3590, [1, 2, 3, 23, 33, 49, 58, 62, 70] - 3590, [1, 2, 3, 23, 33, 49, 58, 62, 70] - 3590, [1, 2, 3, 23, 33, 49, 58, 62, 70] - 3590, [1, 2, 3, 23, 33, 49, 58, 62, 70] - 3590, [1, 2, 3, 23, 33, 49, 58, 62, 70] - 3590, [1, 2, 3, 23, 33, 49, 58, 62, 70] - 3590, [1, 2, 3, 23, 33, 49, 58, 62, 70] - 3590, [1, 2, 3, 23, 33, 49, 58, 62, 70] - 3590]
melhor indiv??duo da gera????o:[1, 2, 3, 23, 33, 49, 58, 62, 70] - 3590
gera????o: 79: 
[[1, 2, 3, 23, 33, 49, 58, 62, 70] - 3590, [1, 2, 3, 23, 33, 49, 58, 62, 70] - 3590, [1, 2, 3, 23, 33, 49, 58, 62, 70] - 3590, [1, 2, 3, 23, 33, 49, 58, 62, 70] - 3590, [1, 2, 3, 23, 33, 49, 58, 62, 70] - 3590, [1, 2, 3, 23, 33, 49, 58, 62, 70] - 3590, [1, 2, 3, 23, 33, 49, 58, 62, 70] - 3590, [1, 2, 3, 23, 33, 49, 58, 62, 70] - 3590, [1, 2, 3, 23, 33, 49, 58, 62, 70] - 3590]
melhor indiv??duo da gera????o:[1, 2, 3, 23, 33, 49, 58, 62, 70] - 3590
gera????o: 80: 
[[1, 2, 3, 23, 33, 49, 58, 62, 70] - 3590, [1, 2, 3, 23, 33, 49, 58, 62, 70] - 3590, [1, 2, 3, 23, 33, 49, 58, 62, 70] - 3590, [1, 2, 3, 23, 33, 49, 58, 62, 70] - 3590, [1, 2, 3, 23, 33, 49, 58, 62, 70] - 3590, [1, 2, 3, 23, 33, 49, 58, 62, 70] - 3590, [1, 2, 3, 23, 33, 49, 58, 62, 70] - 3590, [1, 2, 3, 23, 33, 49, 58, 62, 70] - 3590, [1, 2, 3, 23, 33, 49, 58, 62, 70] - 3590]
melhor indiv??duo da gera????o:[1, 2, 3, 23, 33, 49, 58, 62, 70] - 3590
gera????o: 81: 
[[1, 2, 3, 23, 33, 49, 58, 62, 70] - 3590, [1, 2, 3, 23, 33, 49, 58, 62, 70] - 3590, [1, 2, 3, 23, 33, 49, 58, 62, 70] - 3590, [1, 2, 3, 23, 33, 49, 58, 62, 70] - 3590, [1, 2, 3, 23, 33, 49, 58, 62, 70] - 3590, [1, 2, 3, 23, 33, 49, 58, 62, 70] - 3590, [1, 2, 3, 23, 33, 49, 58, 62, 70] - 3590, [1, 2, 3, 23, 33, 49, 58, 62, 70] - 3590, [1, 2, 3, 23, 33, 49, 58, 62, 70] - 3590]
melhor indiv??duo da gera????o:[1, 2, 3, 23, 33, 49, 58, 62, 70] - 3590
gera????o: 82: 
[[1, 2, 3, 23, 33, 49, 58, 62, 70] - 3590, [1, 2, 3, 23, 33, 49, 58, 62, 70] - 3590, [1, 2, 3, 23, 33, 49, 58, 62, 70] - 3590, [1, 2, 3, 23, 33, 49, 58, 62, 70] - 3590, [1, 2, 3, 23, 33, 49, 58, 62, 70] - 3590, [1, 2, 3, 23, 33, 49, 58, 62, 70] - 3590, [1, 2, 3, 23, 33, 49, 58, 62, 70] - 3590, [1, 2, 3, 23, 33, 49, 58, 62, 70] - 3590, [1, 2, 3, 23, 33, 49, 58, 62, 70] - 3590]
melhor indiv??duo da gera????o:[1, 2, 3, 23, 33, 49, 58, 62, 70] - 3590
gera????o: 83: 
[[1, 2, 3, 23, 33, 49, 58, 62, 70] - 3590, [1, 2, 3, 23, 33, 49, 58, 62, 70] - 3590, [1, 2, 3, 23, 33, 49, 58, 62, 70] - 3590, [1, 2, 3, 23, 33, 49, 58, 62, 70] - 3590, [1, 2, 3, 23, 33, 49, 58, 62, 70] - 3590, [1, 2, 3, 23, 33, 49, 58, 62, 70] - 3590, [1, 2, 3, 23, 33, 49, 58, 62, 70] - 3590, [1, 2, 3, 23, 33, 49, 58, 62, 70] - 3590, [1, 2, 3, 23, 33, 49, 58, 62, 70] - 3590]
melhor indiv??duo da gera????o:[1, 2, 3, 23, 33, 49, 58, 62, 70] - 3590
gera????o: 84: 
[[1, 2, 3, 23, 33, 49, 58, 62, 70] - 3590, [1, 2, 3, 23, 33, 49, 58, 62, 70] - 3590, [1, 2, 3, 23, 33, 49, 58, 62, 70] - 3590, [1, 2, 3, 23, 33, 49, 58, 62, 70] - 3590, [1, 2, 3, 23, 33, 49, 58, 62, 70] - 3590, [1, 2, 3, 23, 33, 49, 58, 62, 70] - 3590, [1, 2, 3, 23, 33, 49, 58, 62, 70] - 3590, [1, 2, 3, 23, 33, 49, 58, 62, 70] - 3590, [1, 2, 3, 23, 33, 49, 58, 62, 70] - 3590]
melhor indiv??duo da gera????o:[1, 2, 3, 23, 33, 49, 58, 62, 70] - 3590
gera????o: 85: 
[[1, 2, 3, 23, 33, 49, 58, 62, 70] - 3590, [1, 2, 3, 23, 33, 49, 58, 62, 70] - 3590, [1, 2, 3, 23, 33, 49, 58, 62, 70] - 3590, [1, 2, 3, 23, 33, 49, 58, 62, 70] - 3590, [1, 2, 3, 23, 33, 49, 58, 62, 70] - 3590, [1, 2, 3, 23, 33, 49, 58, 62, 70] - 3590, [1, 2, 3, 23, 33, 49, 58, 62, 70] - 3590, [1, 2, 3, 23, 33, 49, 58, 62, 70] - 3590, [1, 2, 3, 23, 33, 49, 58, 62, 70] - 3590]
melhor indiv??duo da gera????o:[1, 2, 3, 23, 33, 49, 58, 62, 70] - 3590
gera????o: 86: 
[[1, 2, 3, 23, 33, 49, 58, 62, 70] - 3590, [1, 2, 3, 23, 33, 49, 58, 62, 70] - 3590, [1, 2, 3, 23, 33, 49, 58, 62, 70] - 3590, [1, 2, 3, 23, 33, 49, 58, 62, 70] - 3590, [1, 2, 3, 23, 33, 49, 58, 62, 70] - 3590, [1, 2, 3, 23, 33, 49, 58, 62, 70] - 3590, [1, 2, 3, 23, 33, 49, 58, 62, 70] - 3590, [1, 2, 3, 23, 33, 49, 58, 62, 70] - 3590, [1, 2, 3, 23, 33, 49, 58, 62, 70] - 3590]
melhor indiv??duo da gera????o:[1, 2, 3, 23, 33, 49, 58, 62, 70] - 3590
gera????o: 87: 
[[1, 2, 3, 23, 33, 49, 58, 62, 70] - 3590, [1, 2, 3, 23, 33, 49, 58, 62, 70] - 3590, [1, 2, 3, 23, 33, 49, 58, 62, 70] - 3590, [1, 2, 3, 23, 33, 49, 58, 62, 70] - 3590, [1, 2, 3, 23, 33, 49, 58, 62, 70] - 3590, [1, 2, 3, 23, 33, 49, 58, 62, 70] - 3590, [1, 2, 3, 23, 33, 49, 58, 62, 70] - 3590, [1, 2, 3, 23, 33, 49, 58, 62, 70] - 3590, [1, 2, 3, 23, 33, 49, 58, 62, 70] - 3590]
melhor indiv??duo da gera????o:[1, 2, 3, 23, 33, 49, 58, 62, 70] - 3590
gera????o: 88: 
[[1, 2, 3, 23, 33, 49, 58, 62, 70] - 3590, [1, 2, 3, 23, 33, 49, 58, 62, 70] - 3590, [1, 2, 3, 23, 33, 49, 58, 62, 70] - 3590, [1, 2, 3, 23, 33, 49, 58, 62, 70] - 3590, [1, 2, 3, 23, 33, 49, 58, 62, 70] - 3590, [1, 2, 3, 23, 33, 49, 58, 62, 70] - 3590, [1, 2, 3, 23, 33, 49, 58, 62, 70] - 3590, [1, 2, 3, 23, 33, 49, 58, 62, 70] - 3590, [1, 2, 3, 23, 33, 49, 58, 62, 70] - 3590]
melhor indiv??duo da gera????o:[1, 2, 3, 23, 33, 49, 58, 62, 70] - 3590
gera????o: 89: 
[[1, 2, 3, 23, 33, 49, 58, 62, 70] - 3590, [1, 2, 3, 23, 33, 49, 58, 62, 70] - 3590, [1, 2, 3, 23, 33, 49, 58, 62, 70] - 3590, [1, 2, 3, 23, 33, 49, 58, 62, 70] - 3590, [1, 2, 3, 23, 33, 49, 58, 62, 70] - 3590, [1, 2, 3, 23, 33, 49, 58, 62, 70] - 3590, [1, 2, 3, 23, 33, 49, 58, 62, 70] - 3590, [1, 2, 3, 23, 33, 49, 58, 62, 70] - 3590, [1, 2, 3, 23, 33, 49, 58, 62, 70] - 3590]
melhor indiv??duo da gera????o:[1, 2, 3, 23, 33, 49, 58, 62, 70] - 3590
gera????o: 90: 
[[1, 2, 3, 23, 33, 49, 58, 62, 70] - 3590, [1, 2, 3, 23, 33, 49, 58, 62, 70] - 3590, [1, 2, 3, 23, 33, 49, 58, 62, 70] - 3590, [1, 2, 3, 23, 33, 49, 58, 62, 70] - 3590, [1, 2, 3, 23, 33, 49, 58, 62, 70] - 3590, [1, 2, 3, 23, 33, 49, 58, 62, 70] - 3590, [1, 2, 3, 23, 33, 49, 58, 62, 70] - 3590, [1, 2, 3, 23, 33, 49, 58, 62, 70] - 3590, [1, 2, 3, 23, 33, 49, 58, 62, 70] - 3590]
melhor indiv??duo da gera????o:[1, 2, 3, 23, 33, 49, 58, 62, 70] - 3590
gera????o: 91: 
[[1, 2, 3, 23, 33, 49, 58, 62, 70] - 3590, [1, 2, 3, 23, 33, 49, 58, 62, 70] - 3590, [1, 2, 3, 23, 33, 49, 58, 62, 70] - 3590, [1, 2, 3, 23, 33, 49, 58, 62, 70] - 3590, [1, 2, 3, 23, 33, 49, 58, 62, 70] - 3590, [1, 2, 3, 23, 33, 49, 58, 62, 70] - 3590, [1, 2, 3, 23, 33, 49, 58, 62, 70] - 3590, [1, 2, 3, 23, 33, 49, 58, 62, 70] - 3590, [1, 2, 3, 23, 33, 49, 58, 62, 70] - 3590]
melhor indiv??duo da gera????o:[1, 2, 3, 23, 33, 49, 58, 62, 70] - 3590
gera????o: 92: 
[[1, 2, 3, 23, 33, 49, 58, 62, 70] - 3590, [1, 2, 3, 23, 33, 49, 58, 62, 70] - 3590, [1, 2, 3, 23, 33, 49, 58, 62, 70] - 3590, [1, 2, 3, 23, 33, 49, 58, 62, 70] - 3590, [1, 2, 3, 23, 33, 49, 58, 62, 70] - 3590, [1, 2, 3, 23, 33, 49, 58, 62, 70] - 3590, [1, 2, 3, 23, 33, 49, 58, 62, 70] - 3590, [1, 2, 3, 23, 33, 49, 58, 62, 70] - 3590, [1, 2, 3, 23, 33, 49, 58, 62, 70] - 3590]
melhor indiv??duo da gera????o:[1, 2, 3, 23, 33, 49, 58, 62, 70] - 3590
gera????o: 93: 
[[1, 2, 3, 23, 33, 49, 58, 62, 70] - 3590, [1, 2, 3, 23, 33, 49, 58, 62, 70] - 3590, [1, 2, 3, 23, 33, 49, 58, 62, 70] - 3590, [1, 2, 3, 23, 33, 49, 58, 62, 70] - 3590, [1, 2, 3, 23, 33, 49, 58, 62, 70] - 3590, [1, 2, 3, 23, 33, 49, 58, 62, 70] - 3590, [1, 2, 3, 23, 33, 49, 58, 62, 70] - 3590, [1, 2, 3, 23, 33, 49, 58, 62, 70] - 3590, [1, 2, 3, 23, 33, 49, 58, 62, 70] - 3590]
melhor indiv??duo da gera????o:[1, 2, 3, 23, 33, 49, 58, 62, 70] - 3590
gera????o: 94: 
[[1, 2, 3, 23, 33, 49, 58, 62, 70] - 3590, [1, 2, 3, 23, 33, 49, 58, 62, 70] - 3590, [1, 2, 3, 23, 33, 49, 58, 62, 70] - 3590, [1, 2, 3, 23, 33, 49, 58, 62, 70] - 3590, [1, 2, 3, 23, 33, 49, 58, 62, 70] - 3590, [1, 2, 3, 23, 33, 49, 58, 62, 70] - 3590, [1, 2, 3, 23, 33, 49, 58, 62, 70] - 3590, [1, 2, 3, 23, 33, 49, 58, 62, 70] - 3590, [1, 2, 3, 23, 33, 49, 58, 62, 70] - 3590]
melhor indiv??duo da gera????o:[1, 2, 3, 23, 33, 49, 58, 62, 70] - 3590
gera????o: 95: 
[[1, 2, 3, 23, 33, 49, 58, 62, 70] - 3590, [1, 2, 3, 23, 33, 49, 58, 62, 70] - 3590, [1, 2, 3, 23, 33, 49, 58, 62, 70] - 3590, [1, 2, 3, 23, 33, 49, 58, 62, 70] - 3590, [1, 2, 3, 23, 33, 49, 58, 62, 70] - 3590, [1, 2, 3, 23, 33, 49, 58, 62, 70] - 3590, [1, 2, 3, 23, 33, 49, 58, 62, 70] - 3590, [1, 2, 3, 23, 33, 49, 58, 62, 70] - 3590, [1, 2, 3, 23, 33, 49, 58, 62, 70] - 3590]
melhor indiv??duo da gera????o:[1, 2, 3, 23, 33, 49, 58, 62, 70] - 3590
gera????o: 96: 
[[1, 2, 3, 23, 33, 49, 58, 62, 70] - 3590, [1, 2, 3, 23, 33, 49, 58, 62, 70] - 3590, [1, 2, 3, 23, 33, 49, 58, 62, 70] - 3590, [1, 2, 3, 23, 33, 49, 58, 62, 70] - 3590, [1, 2, 3, 23, 33, 49, 58, 62, 70] - 3590, [1, 2, 3, 23, 33, 49, 58, 62, 70] - 3590, [1, 2, 3, 23, 33, 49, 58, 62, 70] - 3590, [1, 2, 3, 23, 33, 49, 58, 62, 70] - 3590, [1, 2, 3, 23, 33, 49, 58, 62, 70] - 3590]
melhor indiv??duo da gera????o:[1, 2, 3, 23, 33, 49, 58, 62, 70] - 3590
gera????o: 97: 
[[1, 2, 3, 23, 33, 49, 58, 62, 70] - 3590, [1, 2, 3, 23, 33, 49, 58, 62, 70] - 3590, [1, 2, 3, 23, 33, 49, 58, 62, 70] - 3590, [1, 2, 3, 23, 33, 49, 58, 62, 70] - 3590, [1, 2, 3, 23, 33, 49, 58, 62, 70] - 3590, [1, 2, 3, 23, 33, 49, 58, 62, 70] - 3590, [1, 2, 3, 23, 33, 49, 58, 62, 70] - 3590, [1, 2, 3, 23, 33, 49, 58, 62, 70] - 3590, [1, 2, 3, 23, 33, 49, 58, 62, 70] - 3590]
melhor indiv??duo da gera????o:[1, 2, 3, 23, 33, 49, 58, 62, 70] - 3590
gera????o: 98: 
[[1, 2, 3, 23, 33, 49, 58, 62, 70] - 3590, [1, 2, 3, 23, 33, 49, 58, 62, 70] - 3590, [1, 2, 3, 23, 33, 49, 58, 62, 70] - 3590, [1, 2, 3, 23, 33, 49, 58, 62, 70] - 3590, [1, 2, 3, 23, 33, 49, 58, 62, 70] - 3590, [1, 2, 3, 23, 33, 49, 58, 62, 70] - 3590, [1, 2, 3, 23, 33, 49, 58, 62, 70] - 3590, [1, 2, 3, 23, 33, 49, 58, 62, 70] - 3590, [1, 2, 3, 23, 33, 49, 58, 62, 70] - 3590]
melhor indiv??duo da gera????o:[1, 2, 3, 23, 33, 49, 58, 62, 70] - 3590
gera????o: 99: 
[[1, 2, 3, 23, 33, 49, 58, 62, 70] - 3590, [1, 2, 3, 23, 33, 49, 58, 62, 70] - 3590, [1, 2, 3, 23, 33, 49, 58, 62, 70] - 3590, [1, 2, 3, 23, 33, 49, 58, 62, 70] - 3590, [1, 2, 3, 23, 33, 49, 58, 62, 70] - 3590, [1, 2, 3, 23, 33, 49, 58, 62, 70] - 3590, [1, 2, 3, 23, 33, 49, 58, 62, 70] - 3590, [1, 2, 3, 23, 33, 49, 58, 62, 70] - 3590, [1, 2, 3, 23, 33, 49, 58, 62, 70] - 3590]
melhor indiv??duo da gera????o:[1, 2, 3, 23, 33, 49, 58, 62, 70] - 3590
gera????o: 100: 
[[1, 2, 3, 23, 33, 49, 58, 62, 70] - 3590, [1, 2, 3, 23, 33, 49, 58, 62, 70] - 3590, [1, 2, 3, 23, 33, 49, 58, 62, 70] - 3590, [1, 2, 3, 23, 33, 49, 58, 62, 70] - 3590, [1, 2, 3, 23, 33, 49, 58, 62, 70] - 3590, [1, 2, 3, 23, 33, 49, 58, 62, 70] - 3590, [1, 2, 3, 23, 33, 49, 58, 62, 70] - 3590, [1, 2, 3, 23, 33, 49, 58, 62, 70] - 3590, [1, 2, 3, 23, 33, 49, 58, 62, 70] - 3590]
melhor indiv??duo da gera????o:[1, 2, 3, 23, 33, 49, 58, 62, 70] - 3590
gera????o: 101: 
[[1, 2, 3, 23, 33, 49, 58, 62, 70] - 3590, [1, 2, 3, 23, 33, 49, 58, 62, 70] - 3590, [1, 2, 3, 23, 33, 49, 58, 62, 70] - 3590, [1, 2, 3, 23, 33, 49, 58, 62, 70] - 3590, [1, 2, 3, 23, 33, 49, 58, 62, 70] - 3590, [1, 2, 3, 23, 33, 49, 58, 62, 70] - 3590, [1, 2, 3, 23, 33, 49, 58, 62, 70] - 3590, [1, 2, 3, 23, 33, 49, 58, 62, 70] - 3590, [1, 2, 3, 23, 33, 49, 58, 62, 70] - 3590]
melhor indiv??duo da gera????o:[1, 2, 3, 23, 33, 49, 58, 62, 70] - 3590
gera????o: 102: 
[[1, 2, 3, 23, 33, 49, 58, 62, 70] - 3590, [1, 2, 3, 23, 33, 49, 58, 62, 70] - 3590, [1, 2, 3, 23, 33, 49, 58, 62, 70] - 3590, [1, 2, 3, 23, 33, 49, 58, 62, 70] - 3590, [1, 2, 3, 23, 33, 49, 58, 62, 70] - 3590, [1, 2, 3, 23, 33, 49, 58, 62, 70] - 3590, [1, 2, 3, 23, 33, 49, 58, 62, 70] - 3590, [1, 2, 3, 23, 33, 49, 58, 62, 70] - 3590, [1, 2, 3, 23, 33, 49, 58, 62, 70] - 3590]
melhor indiv??duo da gera????o:[1, 2, 3, 23, 33, 49, 58, 62, 70] - 3590
gera????o: 103: 
[[1, 2, 3, 23, 33, 49, 58, 62, 70] - 3590, [1, 2, 3, 23, 33, 49, 58, 62, 70] - 3590, [1, 2, 3, 23, 33, 49, 58, 62, 70] - 3590, [1, 2, 3, 23, 33, 49, 58, 62, 70] - 3590, [1, 2, 3, 23, 33, 49, 58, 62, 70] - 3590, [1, 2, 3, 23, 33, 49, 58, 62, 70] - 3590, [1, 2, 3, 23, 33, 49, 58, 62, 70] - 3590, [1, 2, 3, 23, 33, 49, 58, 62, 70] - 3590, [1, 2, 3, 23, 33, 49, 58, 62, 70] - 3590]
melhor indiv??duo da gera????o:[1, 2, 3, 23, 33, 49, 58, 62, 70] - 3590
gera????o: 104: 
[[1, 2, 3, 23, 33, 49, 58, 62, 70] - 3590, [1, 2, 3, 23, 33, 49, 58, 62, 70] - 3590, [1, 2, 3, 23, 33, 49, 58, 62, 70] - 3590, [1, 2, 3, 23, 33, 49, 58, 62, 70] - 3590, [1, 2, 3, 23, 33, 49, 58, 62, 70] - 3590, [1, 2, 3, 23, 33, 49, 58, 62, 70] - 3590, [1, 2, 3, 23, 33, 49, 58, 62, 70] - 3590, [1, 2, 3, 23, 33, 49, 58, 62, 70] - 3590, [1, 2, 3, 23, 33, 49, 58, 62, 70] - 3590]
melhor indiv??duo da gera????o:[1, 2, 3, 23, 33, 49, 58, 62, 70] - 3590
gera????o: 105: 
[[1, 2, 3, 23, 33, 49, 58, 62, 70] - 3590, [1, 2, 3, 23, 33, 49, 58, 62, 70] - 3590, [1, 2, 3, 23, 33, 49, 58, 62, 70] - 3590, [1, 2, 3, 23, 33, 49, 58, 62, 70] - 3590, [1, 2, 3, 23, 33, 49, 58, 62, 70] - 3590, [1, 2, 3, 23, 33, 49, 58, 62, 70] - 3590, [1, 2, 3, 23, 33, 49, 58, 62, 70] - 3590, [1, 2, 3, 23, 33, 49, 58, 62, 70] - 3590, [1, 2, 3, 23, 33, 49, 58, 62, 70] - 3590]
melhor indiv??duo da gera????o:[1, 2, 3, 23, 33, 49, 58, 62, 70] - 3590
gera????o: 106: 
[[1, 2, 3, 23, 33, 49, 58, 62, 70] - 3590, [1, 2, 3, 23, 33, 49, 58, 62, 70] - 3590, [1, 2, 3, 23, 33, 49, 58, 62, 70] - 3590, [1, 2, 3, 23, 33, 49, 58, 62, 70] - 3590, [1, 2, 3, 23, 33, 49, 58, 62, 70] - 3590, [1, 2, 3, 23, 33, 49, 58, 62, 70] - 3590, [1, 2, 3, 23, 33, 49, 58, 62, 70] - 3590, [1, 2, 3, 23, 33, 49, 58, 62, 70] - 3590, [1, 2, 3, 23, 33, 49, 58, 62, 70] - 3590]
melhor indiv??duo da gera????o:[1, 2, 3, 23, 33, 49, 58, 62, 70] - 3590
gera????o: 107: 
[[1, 2, 3, 23, 33, 49, 58, 62, 70] - 3590, [1, 2, 3, 23, 33, 49, 58, 62, 70] - 3590, [1, 2, 3, 23, 33, 49, 58, 62, 70] - 3590, [1, 2, 3, 23, 33, 49, 58, 62, 70] - 3590, [1, 2, 3, 23, 33, 49, 58, 62, 70] - 3590, [1, 2, 3, 23, 33, 49, 58, 62, 70] - 3590, [1, 2, 3, 23, 33, 49, 58, 62, 70] - 3590, [1, 2, 3, 23, 33, 49, 58, 62, 70] - 3590, [1, 2, 3, 23, 33, 49, 58, 62, 70] - 3590]
melhor indiv??duo da gera????o:[1, 2, 3, 23, 33, 49, 58, 62, 70] - 3590
gera????o: 108: 
[[1, 2, 3, 23, 33, 49, 58, 62, 70] - 3590, [1, 2, 3, 23, 33, 49, 58, 62, 70] - 3590, [1, 2, 3, 23, 33, 49, 58, 62, 70] - 3590, [1, 2, 3, 23, 33, 49, 58, 62, 70] - 3590, [1, 2, 3, 23, 33, 49, 58, 62, 70] - 3590, [1, 2, 3, 23, 33, 49, 58, 62, 70] - 3590, [1, 2, 3, 23, 33, 49, 58, 62, 70] - 3590, [1, 2, 3, 23, 33, 49, 58, 62, 70] - 3590, [1, 2, 3, 23, 33, 49, 58, 62, 70] - 3590]
melhor indiv??duo da gera????o:[1, 2, 3, 23, 33, 49, 58, 62, 70] - 3590
gera????o: 109: 
[[1, 2, 3, 23, 33, 49, 58, 62, 70] - 3590, [1, 2, 3, 23, 33, 49, 58, 62, 70] - 3590, [1, 2, 3, 23, 33, 49, 58, 62, 70] - 3590, [1, 2, 3, 23, 33, 49, 58, 62, 70] - 3590, [1, 2, 3, 23, 33, 49, 58, 62, 70] - 3590, [1, 2, 3, 23, 33, 49, 58, 62, 70] - 3590, [1, 2, 3, 23, 33, 49, 58, 62, 70] - 3590, [1, 2, 3, 23, 33, 49, 58, 62, 70] - 3590, [1, 2, 3, 23, 33, 49, 58, 62, 70] - 3590]
melhor indiv??duo da gera????o:[1, 2, 3, 23, 33, 49, 58, 62, 70] - 3590
gera????o: 110: 
[[1, 2, 3, 23, 33, 49, 58, 62, 70] - 3590, [1, 2, 3, 23, 33, 49, 58, 62, 70] - 3590, [1, 2, 3, 23, 33, 49, 58, 62, 70] - 3590, [1, 2, 3, 23, 33, 49, 58, 62, 70] - 3590, [1, 2, 3, 23, 33, 49, 58, 62, 70] - 3590, [1, 2, 3, 23, 33, 49, 58, 62, 70] - 3590, [1, 2, 3, 23, 33, 49, 58, 62, 70] - 3590, [1, 2, 3, 23, 33, 49, 58, 62, 70] - 3590, [1, 2, 3, 23, 33, 49, 58, 62, 70] - 3590]
melhor indiv??duo da gera????o:[1, 2, 3, 23, 33, 49, 58, 62, 70] - 3590
gera????o: 111: 
[[1, 2, 3, 23, 33, 49, 58, 62, 70] - 3590, [1, 2, 3, 23, 33, 49, 58, 62, 70] - 3590, [1, 2, 3, 23, 33, 49, 58, 62, 70] - 3590, [1, 2, 3, 23, 33, 49, 58, 62, 70] - 3590, [1, 2, 3, 23, 33, 49, 58, 62, 70] - 3590, [1, 2, 3, 23, 33, 49, 58, 62, 70] - 3590, [1, 2, 3, 23, 33, 49, 58, 62, 70] - 3590, [1, 2, 3, 23, 33, 49, 58, 62, 70] - 3590, [1, 2, 3, 23, 33, 49, 58, 62, 70] - 3590]
melhor indiv??duo da gera????o:[1, 2, 3, 23, 33, 49, 58, 62, 70] - 3590
gera????o: 112: 
[[1, 2, 3, 23, 33, 49, 58, 62, 70] - 3590, [1, 2, 3, 23, 33, 49, 58, 62, 70] - 3590, [1, 2, 3, 23, 33, 49, 58, 62, 70] - 3590, [1, 2, 3, 23, 33, 49, 58, 62, 70] - 3590, [1, 2, 3, 23, 33, 49, 58, 62, 70] - 3590, [1, 2, 3, 23, 33, 49, 58, 62, 70] - 3590, [1, 2, 3, 23, 33, 49, 58, 62, 70] - 3590, [1, 2, 3, 23, 33, 49, 58, 62, 70] - 3590, [1, 2, 3, 23, 33, 49, 58, 62, 70] - 3590]
melhor indiv??duo da gera????o:[1, 2, 3, 23, 33, 49, 58, 62, 70] - 3590
gera????o: 113: 
[[1, 2, 3, 23, 33, 49, 58, 62, 70] - 3590, [1, 2, 3, 23, 33, 49, 58, 62, 70] - 3590, [1, 2, 3, 23, 33, 49, 58, 62, 70] - 3590, [1, 2, 3, 23, 33, 49, 58, 62, 70] - 3590, [1, 2, 3, 23, 33, 49, 58, 62, 70] - 3590, [1, 2, 3, 23, 33, 49, 58, 62, 70] - 3590, [1, 2, 3, 23, 33, 49, 58, 62, 70] - 3590, [1, 2, 3, 23, 33, 49, 58, 62, 70] - 3590, [1, 2, 3, 23, 33, 49, 58, 62, 70] - 3590]
melhor indiv??duo da gera????o:[1, 2, 3, 23, 33, 49, 58, 62, 70] - 3590
gera????o: 114: 
[[1, 2, 3, 23, 33, 49, 58, 62, 70] - 3590, [1, 2, 3, 23, 33, 49, 58, 62, 70] - 3590, [1, 2, 3, 23, 33, 49, 58, 62, 70] - 3590, [1, 2, 3, 23, 33, 49, 58, 62, 70] - 3590, [1, 2, 3, 23, 33, 49, 58, 62, 70] - 3590, [1, 2, 3, 23, 33, 49, 58, 62, 70] - 3590, [1, 2, 3, 23, 33, 49, 58, 62, 70] - 3590, [1, 2, 3, 23, 33, 49, 58, 62, 70] - 3590, [1, 2, 3, 23, 33, 49, 58, 62, 70] - 3590]
melhor indiv??duo da gera????o:[1, 2, 3, 23, 33, 49, 58, 62, 70] - 3590
gera????o: 115: 
[[1, 2, 3, 23, 33, 49, 58, 62, 70] - 3590, [1, 2, 3, 23, 33, 49, 58, 62, 70] - 3590, [1, 2, 3, 23, 33, 49, 58, 62, 70] - 3590, [1, 2, 3, 23, 33, 49, 58, 62, 70] - 3590, [1, 2, 3, 23, 33, 49, 58, 62, 70] - 3590, [1, 2, 3, 23, 33, 49, 58, 62, 70] - 3590, [1, 2, 3, 23, 33, 49, 58, 62, 70] - 3590, [1, 2, 3, 23, 33, 49, 58, 62, 70] - 3590, [1, 2, 3, 23, 33, 49, 58, 62, 70] - 3590]
melhor indiv??duo da gera????o:[1, 2, 3, 23, 33, 49, 58, 62, 70] - 3590
gera????o: 116: 
[[1, 2, 3, 23, 33, 49, 58, 62, 70] - 3590, [1, 2, 3, 23, 33, 49, 58, 62, 70] - 3590, [1, 2, 3, 23, 33, 49, 58, 62, 70] - 3590, [1, 2, 3, 23, 33, 49, 58, 62, 70] - 3590, [1, 2, 3, 23, 33, 49, 58, 62, 70] - 3590, [1, 2, 3, 23, 33, 49, 58, 62, 70] - 3590, [1, 2, 3, 23, 33, 49, 58, 62, 70] - 3590, [1, 2, 3, 23, 33, 49, 58, 62, 70] - 3590, [1, 2, 3, 23, 33, 49, 58, 62, 70] - 3590]
melhor indiv??duo da gera????o:[1, 2, 3, 23, 33, 49, 58, 62, 70] - 3590
gera????o: 117: 
[[1, 2, 3, 23, 33, 49, 58, 62, 70] - 3590, [1, 2, 3, 23, 33, 49, 58, 62, 70] - 3590, [1, 2, 3, 23, 33, 49, 58, 62, 70] - 3590, [1, 2, 3, 23, 33, 49, 58, 62, 70] - 3590, [1, 2, 3, 23, 33, 49, 58, 62, 70] - 3590, [1, 2, 3, 23, 33, 49, 58, 62, 70] - 3590, [1, 2, 3, 23, 33, 49, 58, 62, 70] - 3590, [1, 2, 3, 23, 33, 49, 58, 62, 70] - 3590, [1, 2, 3, 23, 33, 49, 58, 62, 70] - 3590]
melhor indiv??duo da gera????o:[1, 2, 3, 23, 33, 49, 58, 62, 70] - 3590
gera????o: 118: 
[[1, 2, 3, 23, 33, 49, 58, 62, 70] - 3590, [1, 2, 3, 23, 33, 49, 58, 62, 70] - 3590, [1, 2, 3, 23, 33, 49, 58, 62, 70] - 3590, [1, 2, 3, 23, 33, 49, 58, 62, 70] - 3590, [1, 2, 3, 23, 33, 49, 58, 62, 70] - 3590, [1, 2, 3, 23, 33, 49, 58, 62, 70] - 3590, [1, 2, 3, 23, 33, 49, 58, 62, 70] - 3590, [1, 2, 3, 23, 33, 49, 58, 62, 70] - 3590, [1, 2, 3, 23, 33, 49, 58, 62, 70] - 3590]
melhor indiv??duo da gera????o:[1, 2, 3, 23, 33, 49, 58, 62, 70] - 3590
gera????o: 119: 
[[1, 2, 3, 23, 33, 49, 58, 62, 70] - 3590, [1, 2, 3, 23, 33, 49, 58, 62, 70] - 3590, [1, 2, 3, 23, 33, 49, 58, 62, 70] - 3590, [1, 2, 3, 23, 33, 49, 58, 62, 70] - 3590, [1, 2, 3, 23, 33, 49, 58, 62, 70] - 3590, [1, 2, 3, 23, 33, 49, 58, 62, 70] - 3590, [1, 2, 3, 23, 33, 49, 58, 62, 70] - 3590, [1, 2, 3, 23, 33, 49, 58, 62, 70] - 3590, [1, 2, 3, 23, 33, 49, 58, 62, 70] - 3590]
melhor indiv??duo da gera????o:[1, 2, 3, 23, 33, 49, 58, 62, 70] - 3590
gera????o: 120: 
[[1, 2, 3, 23, 33, 49, 58, 62, 70] - 3590, [1, 2, 3, 23, 33, 49, 58, 62, 70] - 3590, [1, 2, 3, 23, 33, 49, 58, 62, 70] - 3590, [1, 2, 3, 23, 33, 49, 58, 62, 70] - 3590, [1, 2, 3, 23, 33, 49, 58, 62, 70] - 3590, [1, 2, 3, 23, 33, 49, 58, 62, 70] - 3590, [1, 2, 3, 23, 33, 49, 58, 62, 70] - 3590, [1, 2, 3, 23, 33, 49, 58, 62, 70] - 3590, [1, 2, 3, 23, 33, 49, 58, 62, 70] - 3590]
melhor indiv??duo da gera????o:[1, 2, 3, 23, 33, 49, 58, 62, 70] - 3590
gera????o: 121: 
[[1, 2, 3, 23, 33, 49, 58, 62, 70] - 3590, [1, 2, 3, 23, 33, 49, 58, 62, 70] - 3590, [1, 2, 3, 23, 33, 49, 58, 62, 70] - 3590, [1, 2, 3, 23, 33, 49, 58, 62, 70] - 3590, [1, 2, 3, 23, 33, 49, 58, 62, 70] - 3590, [1, 2, 3, 23, 33, 49, 58, 62, 70] - 3590, [1, 2, 3, 23, 33, 49, 58, 62, 70] - 3590, [1, 2, 3, 23, 33, 49, 58, 62, 70] - 3590, [1, 2, 3, 23, 33, 49, 58, 62, 70] - 3590]
melhor indiv??duo da gera????o:[1, 2, 3, 23, 33, 49, 58, 62, 70] - 3590
gera????o: 122: 
[[1, 2, 3, 23, 33, 49, 58, 62, 70] - 3590, [1, 2, 3, 23, 33, 49, 58, 62, 70] - 3590, [1, 2, 3, 23, 33, 49, 58, 62, 70] - 3590, [1, 2, 3, 23, 33, 49, 58, 62, 70] - 3590, [1, 2, 3, 23, 33, 49, 58, 62, 70] - 3590, [1, 2, 3, 23, 33, 49, 58, 62, 70] - 3590, [1, 2, 3, 23, 33, 49, 58, 62, 70] - 3590, [1, 2, 3, 23, 33, 49, 58, 62, 70] - 3590, [1, 2, 3, 23, 33, 49, 58, 62, 70] - 3590]
melhor indiv??duo da gera????o:[1, 2, 3, 23, 33, 49, 58, 62, 70] - 3590
gera????o: 123: 
[[1, 2, 3, 23, 33, 49, 58, 62, 70] - 3590, [1, 2, 3, 23, 33, 49, 58, 62, 70] - 3590, [1, 2, 3, 23, 33, 49, 58, 62, 70] - 3590, [1, 2, 3, 23, 33, 49, 58, 62, 70] - 3590, [1, 2, 3, 23, 33, 49, 58, 62, 70] - 3590, [1, 2, 3, 23, 33, 49, 58, 62, 70] - 3590, [1, 2, 3, 23, 33, 49, 58, 62, 70] - 3590, [1, 2, 3, 23, 33, 49, 58, 62, 70] - 3590, [1, 2, 3, 23, 33, 49, 58, 62, 70] - 3590]
melhor indiv??duo da gera????o:[1, 2, 3, 23, 33, 49, 58, 62, 70] - 3590
gera????o: 124: 
[[1, 2, 3, 23, 33, 49, 58, 62, 70] - 3590, [1, 2, 3, 23, 33, 49, 58, 62, 70] - 3590, [1, 2, 3, 23, 33, 49, 58, 62, 70] - 3590, [1, 2, 3, 23, 33, 49, 58, 62, 70] - 3590, [1, 2, 3, 23, 33, 49, 58, 62, 70] - 3590, [1, 2, 3, 23, 33, 49, 58, 62, 70] - 3590, [1, 2, 3, 23, 33, 49, 58, 62, 70] - 3590, [1, 2, 3, 23, 33, 49, 58, 62, 70] - 3590, [1, 2, 3, 23, 33, 49, 58, 62, 70] - 3590]
melhor indiv??duo da gera????o:[1, 2, 3, 23, 33, 49, 58, 62, 70] - 3590
gera????o: 125: 
[[1, 2, 3, 23, 33, 49, 58, 62, 70] - 3590, [1, 2, 3, 23, 33, 49, 58, 62, 70] - 3590, [1, 2, 3, 23, 33, 49, 58, 62, 70] - 3590, [1, 2, 3, 23, 33, 49, 58, 62, 70] - 3590, [1, 2, 3, 23, 33, 49, 58, 62, 70] - 3590, [1, 2, 3, 23, 33, 49, 58, 62, 70] - 3590, [1, 2, 3, 23, 33, 49, 58, 62, 70] - 3590, [1, 2, 3, 23, 33, 49, 58, 62, 70] - 3590, [1, 2, 3, 23, 33, 49, 58, 62, 70] - 3590]
melhor indiv??duo da gera????o:[1, 2, 3, 23, 33, 49, 58, 62, 70] - 3590
gera????o: 126: 
[[1, 2, 3, 23, 33, 49, 58, 62, 70] - 3590, [1, 2, 3, 23, 33, 49, 58, 62, 70] - 3590, [1, 2, 3, 23, 33, 49, 58, 62, 70] - 3590, [1, 2, 3, 23, 33, 49, 58, 62, 70] - 3590, [1, 2, 3, 23, 33, 49, 58, 62, 70] - 3590, [1, 2, 3, 23, 33, 49, 58, 62, 70] - 3590, [1, 2, 3, 23, 33, 49, 58, 62, 70] - 3590, [1, 2, 3, 23, 33, 49, 58, 62, 70] - 3590, [1, 2, 3, 23, 33, 49, 58, 62, 70] - 3590]
melhor indiv??duo da gera????o:[1, 2, 3, 23, 33, 49, 58, 62, 70] - 3590
gera????o: 127: 
[[1, 2, 3, 23, 33, 49, 58, 62, 70] - 3590, [1, 2, 3, 23, 33, 49, 58, 62, 70] - 3590, [1, 2, 3, 23, 33, 49, 58, 62, 70] - 3590, [1, 2, 3, 23, 33, 49, 58, 62, 70] - 3590, [1, 2, 3, 23, 33, 49, 58, 62, 70] - 3590, [1, 2, 3, 23, 33, 49, 58, 62, 70] - 3590, [1, 2, 3, 23, 33, 49, 58, 62, 70] - 3590, [1, 2, 3, 23, 33, 49, 58, 62, 70] - 3590, [1, 2, 3, 23, 33, 49, 58, 62, 70] - 3590]
melhor indiv??duo da gera????o:[1, 2, 3, 23, 33, 49, 58, 62, 70] - 3590
gera????o: 128: 
[[1, 2, 3, 23, 33, 49, 58, 62, 70] - 3590, [1, 2, 3, 23, 33, 49, 58, 62, 70] - 3590, [1, 2, 3, 23, 33, 49, 58, 62, 70] - 3590, [1, 2, 3, 23, 33, 49, 58, 62, 70] - 3590, [1, 2, 3, 23, 33, 49, 58, 62, 70] - 3590, [1, 2, 3, 23, 33, 49, 58, 62, 70] - 3590, [1, 2, 3, 23, 33, 49, 58, 62, 70] - 3590, [1, 2, 3, 23, 33, 49, 58, 62, 70] - 3590, [1, 2, 3, 23, 33, 49, 58, 62, 70] - 3590]
melhor indiv??duo da gera????o:[1, 2, 3, 23, 33, 49, 58, 62, 70] - 3590
gera????o: 129: 
[[1, 2, 3, 23, 33, 49, 58, 62, 70] - 3590, [1, 2, 3, 23, 33, 49, 58, 62, 70] - 3590, [1, 2, 3, 23, 33, 49, 58, 62, 70] - 3590, [1, 2, 3, 23, 33, 49, 58, 62, 70] - 3590, [1, 2, 3, 23, 33, 49, 58, 62, 70] - 3590, [1, 2, 3, 23, 33, 49, 58, 62, 70] - 3590, [1, 2, 3, 23, 33, 49, 58, 62, 70] - 3590, [1, 2, 3, 23, 33, 49, 58, 62, 70] - 3590, [1, 2, 3, 23, 33, 49, 58, 62, 70] - 3590]
melhor indiv??duo da gera????o:[1, 2, 3, 23, 33, 49, 58, 62, 70] - 3590
gera????o: 130: 
[[1, 2, 3, 23, 33, 49, 58, 62, 70] - 3590, [1, 2, 3, 23, 33, 49, 58, 62, 70] - 3590, [1, 2, 3, 23, 33, 49, 58, 62, 70] - 3590, [1, 2, 3, 23, 33, 49, 58, 62, 70] - 3590, [1, 2, 3, 23, 33, 49, 58, 62, 70] - 3590, [1, 2, 3, 23, 33, 49, 58, 62, 70] - 3590, [1, 2, 3, 23, 33, 49, 58, 62, 70] - 3590, [1, 2, 3, 23, 33, 49, 58, 62, 70] - 3590, [1, 2, 3, 23, 33, 49, 58, 62, 70] - 3590]
melhor indiv??duo da gera????o:[1, 2, 3, 23, 33, 49, 58, 62, 70] - 3590
gera????o: 131: 
[[1, 2, 3, 23, 33, 49, 58, 62, 70] - 3590, [1, 2, 3, 23, 33, 49, 58, 62, 70] - 3590, [1, 2, 3, 23, 33, 49, 58, 62, 70] - 3590, [1, 2, 3, 23, 33, 49, 58, 62, 70] - 3590, [1, 2, 3, 23, 33, 49, 58, 62, 70] - 3590, [1, 2, 3, 23, 33, 49, 58, 62, 70] - 3590, [1, 2, 3, 23, 33, 49, 58, 62, 70] - 3590, [1, 2, 3, 23, 33, 49, 58, 62, 70] - 3590, [1, 2, 3, 23, 33, 49, 58, 62, 70] - 3590]
melhor indiv??duo da gera????o:[1, 2, 3, 23, 33, 49, 58, 62, 70] - 3590
gera????o: 132: 
[[1, 2, 3, 23, 33, 49, 58, 62, 70] - 3590, [1, 2, 3, 23, 33, 49, 58, 62, 70] - 3590, [1, 2, 3, 23, 33, 49, 58, 62, 70] - 3590, [1, 2, 3, 23, 33, 49, 58, 62, 70] - 3590, [1, 2, 3, 23, 33, 49, 58, 62, 70] - 3590, [1, 2, 3, 23, 33, 49, 58, 62, 70] - 3590, [1, 2, 3, 23, 33, 49, 58, 62, 70] - 3590, [1, 2, 3, 23, 33, 49, 58, 62, 70] - 3590, [1, 2, 3, 23, 33, 49, 58, 62, 70] - 3590]
melhor indiv??duo da gera????o:[1, 2, 3, 23, 33, 49, 58, 62, 70] - 3590
gera????o: 133: 
[[1, 2, 3, 23, 33, 49, 58, 62, 70] - 3590, [1, 2, 3, 23, 33, 49, 58, 62, 70] - 3590, [1, 2, 3, 23, 33, 49, 58, 62, 70] - 3590, [1, 2, 3, 23, 33, 49, 58, 62, 70] - 3590, [1, 2, 3, 23, 33, 49, 58, 62, 70] - 3590, [1, 2, 3, 23, 33, 49, 58, 62, 70] - 3590, [1, 2, 3, 23, 33, 49, 58, 62, 70] - 3590, [1, 2, 3, 23, 33, 49, 58, 62, 70] - 3590, [1, 2, 3, 23, 33, 49, 58, 62, 70] - 3590]
melhor indiv??duo da gera????o:[1, 2, 3, 23, 33, 49, 58, 62, 70] - 3590
gera????o: 134: 
[[1, 2, 3, 23, 33, 49, 58, 62, 70] - 3590, [1, 2, 3, 23, 33, 49, 58, 62, 70] - 3590, [1, 2, 3, 23, 33, 49, 58, 62, 70] - 3590, [1, 2, 3, 23, 33, 49, 58, 62, 70] - 3590, [1, 2, 3, 23, 33, 49, 58, 62, 70] - 3590, [1, 2, 3, 23, 33, 49, 58, 62, 70] - 3590, [1, 2, 3, 23, 33, 49, 58, 62, 70] - 3590, [1, 2, 3, 23, 33, 49, 58, 62, 70] - 3590, [1, 2, 3, 23, 33, 49, 58, 62, 70] - 3590]
melhor indiv??duo da gera????o:[1, 2, 3, 23, 33, 49, 58, 62, 70] - 3590
gera????o: 135: 
[[1, 2, 3, 23, 33, 49, 58, 62, 70] - 3590, [1, 2, 3, 23, 33, 49, 58, 62, 70] - 3590, [1, 2, 3, 23, 33, 49, 58, 62, 70] - 3590, [1, 2, 3, 23, 33, 49, 58, 62, 70] - 3590, [1, 2, 3, 23, 33, 49, 58, 62, 70] - 3590, [1, 2, 3, 23, 33, 49, 58, 62, 70] - 3590, [1, 2, 3, 23, 33, 49, 58, 62, 70] - 3590, [1, 2, 3, 23, 33, 49, 58, 62, 70] - 3590, [1, 2, 3, 23, 33, 49, 58, 62, 70] - 3590]
melhor indiv??duo da gera????o:[1, 2, 3, 23, 33, 49, 58, 62, 70] - 3590
gera????o: 136: 
[[1, 2, 3, 23, 33, 49, 58, 62, 70] - 3590, [1, 2, 3, 23, 33, 49, 58, 62, 70] - 3590, [1, 2, 3, 23, 33, 49, 58, 62, 70] - 3590, [1, 2, 3, 23, 33, 49, 58, 62, 70] - 3590, [1, 2, 3, 23, 33, 49, 58, 62, 70] - 3590, [1, 2, 3, 23, 33, 49, 58, 62, 70] - 3590, [1, 2, 3, 23, 33, 49, 58, 62, 70] - 3590, [1, 2, 3, 23, 33, 49, 58, 62, 70] - 3590, [1, 2, 3, 23, 33, 49, 58, 62, 70] - 3590]
melhor indiv??duo da gera????o:[1, 2, 3, 23, 33, 49, 58, 62, 70] - 3590
gera????o: 137: 
[[1, 2, 3, 23, 33, 49, 58, 62, 70] - 3590, [1, 2, 3, 23, 33, 49, 58, 62, 70] - 3590, [1, 2, 3, 23, 33, 49, 58, 62, 70] - 3590, [1, 2, 3, 23, 33, 49, 58, 62, 70] - 3590, [1, 2, 3, 23, 33, 49, 58, 62, 70] - 3590, [1, 2, 3, 23, 33, 49, 58, 62, 70] - 3590, [1, 2, 3, 23, 33, 49, 58, 62, 70] - 3590, [1, 2, 3, 23, 33, 49, 58, 62, 70] - 3590, [1, 2, 3, 23, 33, 49, 58, 62, 70] - 3590]
melhor indiv??duo da gera????o:[1, 2, 3, 23, 33, 49, 58, 62, 70] - 3590
gera????o: 138: 
[[1, 2, 3, 23, 33, 49, 58, 62, 70] - 3590, [1, 2, 3, 23, 33, 49, 58, 62, 70] - 3590, [1, 2, 3, 23, 33, 49, 58, 62, 70] - 3590, [1, 2, 3, 23, 33, 49, 58, 62, 70] - 3590, [1, 2, 3, 23, 33, 49, 58, 62, 70] - 3590, [1, 2, 3, 23, 33, 49, 58, 62, 70] - 3590, [1, 2, 3, 23, 33, 49, 58, 62, 70] - 3590, [1, 2, 3, 23, 33, 49, 58, 62, 70] - 3590, [1, 2, 3, 23, 33, 49, 58, 62, 70] - 3590]
melhor indiv??duo da gera????o:[1, 2, 3, 23, 33, 49, 58, 62, 70] - 3590
gera????o: 139: 
[[1, 2, 3, 23, 33, 49, 58, 62, 70] - 3590, [1, 2, 3, 23, 33, 49, 58, 62, 70] - 3590, [1, 2, 3, 23, 33, 49, 58, 62, 70] - 3590, [1, 2, 3, 23, 33, 49, 58, 62, 70] - 3590, [1, 2, 3, 23, 33, 49, 58, 62, 70] - 3590, [1, 2, 3, 23, 33, 49, 58, 62, 70] - 3590, [1, 2, 3, 23, 33, 49, 58, 62, 70] - 3590, [1, 2, 3, 23, 33, 49, 58, 62, 70] - 3590, [1, 2, 3, 23, 33, 49, 58, 62, 70] - 3590]
melhor indiv??duo da gera????o:[1, 2, 3, 23, 33, 49, 58, 62, 70] - 3590
gera????o: 140: 
[[1, 2, 3, 23, 33, 49, 58, 62, 70] - 3590, [1, 2, 3, 23, 33, 49, 58, 62, 70] - 3590, [1, 2, 3, 23, 33, 49, 58, 62, 70] - 3590, [1, 2, 3, 23, 33, 49, 58, 62, 70] - 3590, [1, 2, 3, 23, 33, 49, 58, 62, 70] - 3590, [1, 2, 3, 23, 33, 49, 58, 62, 70] - 3590, [1, 2, 3, 23, 33, 49, 58, 62, 70] - 3590, [1, 2, 3, 23, 33, 49, 58, 62, 70] - 3590, [1, 2, 3, 23, 33, 49, 58, 62, 70] - 3590]
melhor indiv??duo da gera????o:[1, 2, 3, 23, 33, 49, 58, 62, 70] - 3590
gera????o: 141: 
[[1, 2, 3, 23, 33, 49, 58, 62, 70] - 3590, [1, 2, 3, 23, 33, 49, 58, 62, 70] - 3590, [1, 2, 3, 23, 33, 49, 58, 62, 70] - 3590, [1, 2, 3, 23, 33, 49, 58, 62, 70] - 3590, [1, 2, 3, 23, 33, 49, 58, 62, 70] - 3590, [1, 2, 3, 23, 33, 49, 58, 62, 70] - 3590, [1, 2, 3, 23, 33, 49, 58, 62, 70] - 3590, [1, 2, 3, 23, 33, 49, 58, 62, 70] - 3590, [1, 2, 3, 23, 33, 49, 58, 62, 70] - 3590]
melhor indiv??duo da gera????o:[1, 2, 3, 23, 33, 49, 58, 62, 70] - 3590
gera????o: 142: 
[[1, 2, 3, 23, 33, 49, 58, 62, 70] - 3590, [1, 2, 3, 23, 33, 49, 58, 62, 70] - 3590, [1, 2, 3, 23, 33, 49, 58, 62, 70] - 3590, [1, 2, 3, 23, 33, 49, 58, 62, 70] - 3590, [1, 2, 3, 23, 33, 49, 58, 62, 70] - 3590, [1, 2, 3, 23, 33, 49, 58, 62, 70] - 3590, [1, 2, 3, 23, 33, 49, 58, 62, 70] - 3590, [1, 2, 3, 23, 33, 49, 58, 62, 70] - 3590, [1, 2, 3, 23, 33, 49, 58, 62, 70] - 3590]
melhor indiv??duo da gera????o:[1, 2, 3, 23, 33, 49, 58, 62, 70] - 3590
gera????o: 143: 
[[1, 2, 3, 23, 33, 49, 58, 62, 70] - 3590, [1, 2, 3, 23, 33, 49, 58, 62, 70] - 3590, [1, 2, 3, 23, 33, 49, 58, 62, 70] - 3590, [1, 2, 3, 23, 33, 49, 58, 62, 70] - 3590, [1, 2, 3, 23, 33, 49, 58, 62, 70] - 3590, [1, 2, 3, 23, 33, 49, 58, 62, 70] - 3590, [1, 2, 3, 23, 33, 49, 58, 62, 70] - 3590, [1, 2, 3, 23, 33, 49, 58, 62, 70] - 3590, [1, 2, 3, 23, 33, 49, 58, 62, 70] - 3590]
melhor indiv??duo da gera????o:[1, 2, 3, 23, 33, 49, 58, 62, 70] - 3590
gera????o: 144: 
[[1, 2, 3, 23, 33, 49, 58, 62, 70] - 3590, [1, 2, 3, 23, 33, 49, 58, 62, 70] - 3590, [1, 2, 3, 23, 33, 49, 58, 62, 70] - 3590, [1, 2, 3, 23, 33, 49, 58, 62, 70] - 3590, [1, 2, 3, 23, 33, 49, 58, 62, 70] - 3590, [1, 2, 3, 23, 33, 49, 58, 62, 70] - 3590, [1, 2, 3, 23, 33, 49, 58, 62, 70] - 3590, [1, 2, 3, 23, 33, 49, 58, 62, 70] - 3590, [1, 2, 3, 23, 33, 49, 58, 62, 70] - 3590]
melhor indiv??duo da gera????o:[1, 2, 3, 23, 33, 49, 58, 62, 70] - 3590
gera????o: 145: 
[[1, 2, 3, 23, 33, 49, 58, 62, 70] - 3590, [1, 2, 3, 23, 33, 49, 58, 62, 70] - 3590, [1, 2, 3, 23, 33, 49, 58, 62, 70] - 3590, [1, 2, 3, 23, 33, 49, 58, 62, 70] - 3590, [1, 2, 3, 23, 33, 49, 58, 62, 70] - 3590, [1, 2, 3, 23, 33, 49, 58, 62, 70] - 3590, [1, 2, 3, 23, 33, 49, 58, 62, 70] - 3590, [1, 2, 3, 23, 33, 49, 58, 62, 70] - 3590, [1, 2, 3, 23, 33, 49, 58, 62, 70] - 3590]
melhor indiv??duo da gera????o:[1, 2, 3, 23, 33, 49, 58, 62, 70] - 3590
gera????o: 146: 
[[1, 2, 3, 23, 33, 49, 58, 62, 70] - 3590, [1, 2, 3, 23, 33, 49, 58, 62, 70] - 3590, [1, 2, 3, 23, 33, 49, 58, 62, 70] - 3590, [1, 2, 3, 23, 33, 49, 58, 62, 70] - 3590, [1, 2, 3, 23, 33, 49, 58, 62, 70] - 3590, [1, 2, 3, 23, 33, 49, 58, 62, 70] - 3590, [1, 2, 3, 23, 33, 49, 58, 62, 70] - 3590, [1, 2, 3, 23, 33, 49, 58, 62, 70] - 3590, [1, 2, 3, 23, 33, 49, 58, 62, 70] - 3590]
melhor indiv??duo da gera????o:[1, 2, 3, 23, 33, 49, 58, 62, 70] - 3590
gera????o: 147: 
[[1, 2, 3, 23, 33, 49, 58, 62, 70] - 3590, [1, 2, 3, 23, 33, 49, 58, 62, 70] - 3590, [1, 2, 3, 23, 33, 49, 58, 62, 70] - 3590, [1, 2, 3, 23, 33, 49, 58, 62, 70] - 3590, [1, 2, 3, 23, 33, 49, 58, 62, 70] - 3590, [1, 2, 3, 23, 33, 49, 58, 62, 70] - 3590, [1, 2, 3, 23, 33, 49, 58, 62, 70] - 3590, [1, 2, 3, 23, 33, 49, 58, 62, 70] - 3590, [1, 2, 3, 23, 33, 49, 58, 62, 70] - 3590]
melhor indiv??duo da gera????o:[1, 2, 3, 23, 33, 49, 58, 62, 70] - 3590
gera????o: 148: 
[[1, 2, 3, 23, 33, 49, 58, 62, 70] - 3590, [1, 2, 3, 23, 33, 49, 58, 62, 70] - 3590, [1, 2, 3, 23, 33, 49, 58, 62, 70] - 3590, [1, 2, 3, 23, 33, 49, 58, 62, 70] - 3590, [1, 2, 3, 23, 33, 49, 58, 62, 70] - 3590, [1, 2, 3, 23, 33, 49, 58, 62, 70] - 3590, [1, 2, 3, 23, 33, 49, 58, 62, 70] - 3590, [1, 2, 3, 23, 33, 49, 58, 62, 70] - 3590, [1, 2, 3, 23, 33, 49, 58, 62, 70] - 3590]
melhor indiv??duo da gera????o:[1, 2, 3, 23, 33, 49, 58, 62, 70] - 3590
gera????o: 149: 
[[1, 2, 3, 23, 33, 49, 58, 62, 70] - 3590, [1, 2, 3, 23, 33, 49, 58, 62, 70] - 3590, [1, 2, 3, 23, 33, 49, 58, 62, 70] - 3590, [1, 2, 3, 23, 33, 49, 58, 62, 70] - 3590, [1, 2, 3, 23, 33, 49, 58, 62, 70] - 3590, [1, 2, 3, 23, 33, 49, 58, 62, 70] - 3590, [1, 2, 3, 23, 33, 49, 58, 62, 70] - 3590, [1, 2, 3, 23, 33, 49, 58, 62, 70] - 3590, [1, 2, 3, 23, 33, 49, 58, 62, 70] - 3590]
melhor indiv??duo da gera????o:[1, 2, 3, 23, 33, 49, 58, 62, 70] - 3590
gera????o: 150: 
[[1, 2, 3, 23, 33, 49, 58, 62, 70] - 3590, [1, 2, 3, 23, 33, 49, 58, 62, 70] - 3590, [1, 2, 3, 23, 33, 49, 58, 62, 70] - 3590, [1, 2, 3, 23, 33, 49, 58, 62, 70] - 3590, [1, 2, 3, 23, 33, 49, 58, 62, 70] - 3590, [1, 2, 3, 23, 33, 49, 58, 62, 70] - 3590, [1, 2, 3, 23, 33, 49, 58, 62, 70] - 3590, [1, 2, 3, 23, 33, 49, 58, 62, 70] - 3590, [1, 2, 3, 23, 33, 49, 58, 62, 70] - 3590]
melhor indiv??duo da gera????o:[1, 2, 3, 23, 33, 49, 58, 62, 70] - 3590
______________________________________________________________________________________________________________________________
