gera????o: 1: 
[[1, 3, 23, 33, 49, 58, 62, 70] - 3457, [1, 3, 5, 12, 22, 33, 47, 55, 58, 62, 70] - 3651, [1, 3, 5, 6, 26, 33, 47, 49, 58, 62, 70] - 4010, [1, 3, 23, 25, 26, 33, 49, 55, 58, 62, 70] - 4104, [1, 2, 4, 10, 11, 21, 31, 33, 46, 49, 58, 62, 70] - 4285, [1, 2, 9, 11, 21, 31, 40, 44, 50, 53, 54, 56, 57, 70] - 4365, [1, 2, 3, 23, 33, 41, 47, 55, 56, 63, 70] - 4372, [1, 3, 9, 11, 21, 22, 23, 31, 41, 47, 55, 57, 70] - 4384, [1, 3, 23, 31, 40, 44, 55, 56, 63, 70] - 4486, [1, 4, 11, 21, 31, 40, 41, 45, 56, 61, 68, 70] - 4635, [1, 3, 9, 13, 23, 25, 26, 28, 36, 48, 49, 58, 62, 70] - 4663, [1, 3, 23, 25, 26, 33, 40, 44, 55, 58, 62, 70] - 4693, [1, 3, 13, 21, 23, 31, 41, 45, 47, 55, 56, 63, 70] - 4707, [1, 3, 5, 6, 17, 24, 26, 33, 46, 47, 56, 63, 70] - 4754, [1, 3, 9, 21, 22, 24, 36, 49, 58, 62, 70] - 4801, [1, 2, 4, 11, 21, 22, 25, 26, 34, 41, 47, 55, 58, 62, 70] - 4856, [1, 2, 3, 12, 14, 22, 24, 34, 41, 45, 57, 70] - 4876, [1, 3, 12, 22, 23, 31, 32, 39, 40, 41, 46, 47, 55, 57, 70] - 4877, [1, 2, 9, 21, 23, 31, 33, 46, 49, 55, 56, 61, 63, 70] - 4991, [1, 2, 9, 11, 20, 32, 40, 44, 53, 61, 68, 70] - 4995, [1, 4, 10, 11, 20, 30, 32, 40, 41, 46, 49, 58, 62, 70] - 4999, [1, 3, 12, 14, 17, 24, 34, 41, 46, 49, 58, 62, 70] - 5121, [1, 4, 10, 11, 21, 23, 25, 26, 34, 35, 49, 55, 56, 57, 70] - 5126, [1, 4, 10, 11, 20, 39, 53, 61, 65, 68, 70] - 5137, [1, 2, 4, 10, 11, 21, 22, 24, 27, 28, 34, 46, 47, 55, 57, 70] - 5164, [1, 2, 4, 11, 20, 21, 22, 33, 41, 47, 49, 58, 62, 70] - 5294, [1, 2, 4, 11, 20, 32, 40, 41, 44, 54, 56, 61, 68, 70] - 5326, [1, 3, 5, 6, 8, 17, 18, 24, 27, 35, 36, 49, 58, 62, 70] - 5326, [1, 2, 3, 12, 14, 17, 18, 24, 26, 34, 35, 46, 49, 55, 57, 70] - 5541, [1, 3, 9, 21, 22, 33, 39, 42, 43, 51, 59, 60, 61, 63, 70] - 5788, [1, 2, 9, 11, 20, 29, 38, 43, 52, 59, 60, 61, 68, 70] - 5849, [1, 3, 13, 40, 44, 56, 60, 65, 67, 68, 70] - 5925, [1, 4, 11, 20, 30, 32, 40, 44, 53, 60, 64, 66, 67, 69, 70] - 6095, [1, 2, 9, 11, 21, 31, 33, 49, 55, 56, 61, 65, 66, 67, 68, 70] - 6117, [1, 4, 11, 20, 37, 39, 56, 60, 64, 67, 68, 70] - 6286, [1, 4, 11, 20, 37, 39, 50, 53, 60, 61, 65, 67, 68, 70] - 6446, [1, 2, 3, 5, 12, 22, 25, 33, 40, 41, 44, 53, 61, 65, 67, 68, 70] - 6452, [1, 3, 13, 22, 25, 33, 34, 35, 49, 55, 56, 60, 64, 67, 69, 70] - 6578, [1, 2, 3, 12, 14, 25, 33, 39, 44, 45, 47, 56, 60, 61, 68, 70] - 6892, [1, 2, 4, 10, 11, 21, 22, 25, 26, 31, 33, 40, 44, 53, 54, 56, 60, 64, 66, 67, 68, 70] - 7727]
melhor indiv??duo da gera????o:[1, 3, 23, 33, 49, 58, 62, 70] - 3457
gera????o: 2: 
[[1, 3, 5, 12, 22, 33, 47, 55, 58, 62, 70] - 3651, [1, 2, 9, 11, 21, 23, 33, 47, 56, 63, 70] - 3911, [1, 3, 5, 6, 26, 33, 47, 49, 58, 62, 70] - 4010, [1, 3, 5, 6, 17, 24, 36, 49, 55, 57, 70] - 4203, [1, 4, 11, 21, 31, 40, 41, 47, 55, 58, 62, 70] - 4302, [1, 2, 3, 23, 33, 41, 47, 55, 56, 63, 70] - 4372, [1, 3, 23, 31, 40, 44, 55, 56, 63, 70] - 4486, [1, 3, 12, 22, 24, 27, 35, 49, 58, 62, 70] - 4602, [1, 3, 9, 13, 23, 25, 26, 28, 36, 48, 49, 58, 62, 70] - 4663, [1, 3, 13, 21, 23, 31, 41, 45, 47, 55, 56, 63, 70] - 4707, [1, 2, 3, 5, 6, 26, 31, 33, 41, 45, 47, 55, 57, 70] - 4729, [1, 4, 10, 11, 20, 32, 39, 44, 56, 57, 70] - 4771, [1, 2, 4, 11, 21, 22, 25, 26, 34, 41, 47, 55, 58, 62, 70] - 4856, [1, 3, 12, 22, 23, 31, 32, 39, 40, 41, 46, 47, 55, 57, 70] - 4877, [1, 2, 9, 11, 20, 32, 40, 44, 53, 61, 68, 70] - 4995, [1, 3, 12, 14, 17, 24, 34, 41, 46, 49, 58, 62, 70] - 5121, [1, 4, 10, 11, 20, 39, 53, 61, 65, 68, 70] - 5137, [1, 2, 4, 11, 20, 21, 22, 33, 41, 47, 49, 58, 62, 70] - 5294, [1, 3, 5, 6, 8, 17, 18, 24, 27, 35, 36, 49, 58, 62, 70] - 5326, [1, 2, 3, 5, 12, 13, 31, 32, 39, 40, 41, 47, 55, 56, 61, 68, 70] - 5506, [1, 3, 9, 21, 22, 33, 39, 42, 43, 51, 59, 60, 61, 63, 70] - 5788, [1, 3, 23, 25, 26, 33, 40, 44, 55, 56, 61, 65, 68, 70] - 5872, [1, 3, 12, 14, 26, 28, 34, 41, 47, 56, 60, 61, 63, 70] - 6057, [1, 2, 9, 11, 21, 31, 33, 49, 55, 56, 61, 65, 66, 67, 68, 70] - 6117, [1, 4, 11, 20, 37, 39, 56, 60, 64, 67, 68, 70] - 6286, [1, 2, 3, 5, 12, 22, 25, 33, 40, 41, 44, 53, 61, 65, 67, 68, 70] - 6452, [1, 2, 3, 5, 12, 22, 25, 26, 31, 32, 37, 38, 43, 51, 59, 66, 67, 68, 70] - 6671, [1, 2, 4, 10, 11, 21, 22, 25, 26, 31, 33, 40, 44, 53, 54, 56, 60, 64, 66, 67, 68, 70] - 7727]
melhor indiv??duo da gera????o:[1, 3, 5, 12, 22, 33, 47, 55, 58, 62, 70] - 3651
gera????o: 3: 
[[1, 3, 23, 33, 49, 55, 58, 62, 70] - 3683, [1, 3, 5, 6, 26, 33, 47, 49, 58, 62, 70] - 4010, [1, 4, 10, 20, 39, 56, 63, 70] - 4104, [1, 4, 11, 21, 31, 40, 41, 47, 55, 58, 62, 70] - 4302, [1, 3, 23, 31, 40, 44, 55, 56, 63, 70] - 4486, [1, 3, 5, 6, 17, 26, 28, 35, 46, 49, 55, 58, 62, 70] - 4534, [1, 3, 9, 13, 23, 25, 26, 28, 36, 48, 49, 58, 62, 70] - 4663, [1, 3, 13, 22, 23, 31, 32, 39, 40, 41, 44, 54, 61, 63, 70] - 4709, [1, 4, 10, 11, 20, 32, 39, 44, 56, 57, 70] - 4771, [1, 3, 12, 22, 23, 31, 32, 39, 40, 41, 46, 47, 55, 57, 70] - 4877, [1, 3, 12, 14, 17, 24, 34, 41, 46, 49, 58, 62, 70] - 5121, [1, 2, 4, 11, 20, 21, 22, 33, 41, 47, 49, 58, 62, 70] - 5294, [1, 3, 5, 6, 8, 17, 18, 24, 27, 35, 36, 49, 58, 62, 70] - 5326, [1, 2, 4, 11, 21, 22, 24, 27, 28, 35, 46, 47, 49, 55, 57, 70] - 5780, [1, 4, 11, 20, 21, 31, 41, 46, 49, 55, 56, 63, 70] - 5794, [1, 3, 12, 14, 26, 28, 34, 41, 47, 56, 60, 61, 63, 70] - 6057, [1, 4, 11, 20, 37, 39, 56, 60, 64, 67, 68, 70] - 6286, [1, 3, 12, 13, 23, 31, 33, 41, 45, 56, 60, 64, 65, 67, 68, 70] - 6527, [1, 4, 11, 20, 21, 23, 25, 33, 39, 50, 53, 60, 64, 67, 69, 70] - 6712, [1, 2, 4, 10, 11, 21, 22, 25, 26, 31, 33, 40, 44, 53, 54, 56, 60, 64, 66, 67, 68, 70] - 7727]
melhor indiv??duo da gera????o:[1, 3, 23, 33, 49, 55, 58, 62, 70] - 3683
gera????o: 4: 
[[1, 4, 10, 11, 21, 31, 33, 49, 55, 58, 62, 70] - 4007, [1, 3, 9, 13, 40, 44, 56, 61, 63, 70] - 4025, [1, 2, 3, 23, 31, 32, 40, 41, 47, 55, 57, 70] - 4282, [1, 3, 13, 22, 24, 34, 46, 49, 58, 62, 70] - 4421, [1, 2, 9, 13, 22, 24, 36, 49, 58, 62, 70] - 4525, [1, 2, 3, 5, 6, 12, 13, 21, 31, 41, 44, 56, 57, 70] - 4544, [1, 3, 9, 13, 23, 25, 26, 28, 36, 48, 49, 58, 62, 70] - 4663, [1, 3, 13, 22, 23, 31, 32, 39, 40, 41, 44, 54, 61, 63, 70] - 4709, [1, 2, 4, 11, 20, 30, 32, 39, 53, 61, 63, 70] - 4851, [1, 2, 4, 11, 20, 31, 41, 44, 54, 61, 63, 70] - 4869, [1, 4, 10, 11, 21, 22, 25, 33, 34, 41, 47, 49, 58, 62, 70] - 5061, [1, 3, 12, 14, 17, 24, 34, 41, 46, 49, 58, 62, 70] - 5121, [1, 2, 4, 11, 20, 21, 22, 33, 41, 47, 49, 58, 62, 70] - 5294, [1, 2, 4, 11, 21, 22, 24, 27, 28, 35, 46, 47, 49, 55, 57, 70] - 5780, [1, 3, 12, 14, 26, 28, 34, 41, 47, 56, 60, 61, 63, 70] - 6057, [1, 4, 11, 20, 37, 39, 56, 60, 64, 67, 68, 70] - 6286, [1, 3, 5, 12, 13, 14, 25, 33, 47, 49, 55, 56, 60, 64, 66, 67, 69, 70] - 6531, [1, 3, 12, 14, 24, 26, 31, 32, 37, 38, 43, 51, 59, 60, 65, 66, 67, 69, 70] - 7373]
melhor indiv??duo da gera????o:[1, 4, 10, 11, 21, 31, 33, 49, 55, 58, 62, 70] - 4007
gera????o: 5: 
[[1, 3, 9, 13, 40, 44, 56, 61, 63, 70] - 4025, [1, 2, 3, 23, 31, 32, 40, 41, 47, 55, 57, 70] - 4282, [1, 3, 13, 22, 24, 34, 46, 49, 58, 62, 70] - 4421, [1, 2, 9, 13, 22, 24, 36, 49, 58, 62, 70] - 4525, [1, 3, 9, 13, 23, 25, 26, 28, 36, 48, 49, 58, 62, 70] - 4663, [1, 3, 13, 22, 23, 31, 32, 39, 40, 41, 44, 54, 61, 63, 70] - 4709, [1, 2, 4, 11, 20, 31, 41, 44, 54, 61, 63, 70] - 4869, [1, 2, 9, 21, 23, 25, 26, 31, 32, 40, 44, 55, 58, 62, 70] - 5022, [1, 4, 11, 20, 21, 23, 25, 33, 46, 49, 58, 62, 70] - 5068, [1, 2, 4, 11, 20, 21, 22, 33, 41, 47, 49, 58, 62, 70] - 5294, [1, 4, 11, 20, 29, 37, 38, 43, 52, 60, 61, 63, 70] - 5407, [1, 2, 4, 11, 21, 22, 24, 27, 28, 35, 46, 47, 49, 55, 57, 70] - 5780, [1, 3, 12, 14, 26, 28, 34, 41, 47, 56, 60, 61, 63, 70] - 6057, [1, 3, 23, 31, 32, 37, 39, 40, 41, 44, 50, 53, 60, 64, 65, 68, 70] - 6107, [1, 3, 5, 12, 13, 14, 25, 33, 47, 49, 55, 56, 60, 64, 66, 67, 69, 70] - 6531, [1, 2, 9, 11, 21, 23, 25, 33, 34, 41, 45, 47, 56, 61, 65, 66, 67, 68, 70] - 6964]
melhor indiv??duo da gera????o:[1, 3, 9, 13, 40, 44, 56, 61, 63, 70] - 4025
gera????o: 6: 
[[1, 3, 9, 13, 40, 44, 56, 61, 63, 70] - 4025, [1, 2, 3, 23, 31, 32, 40, 41, 47, 55, 57, 70] - 4282, [1, 3, 13, 22, 24, 34, 46, 49, 58, 62, 70] - 4421, [1, 2, 3, 9, 13, 14, 26, 34, 46, 49, 55, 58, 62, 70] - 4482, [1, 2, 9, 13, 22, 24, 36, 49, 58, 62, 70] - 4525, [1, 3, 9, 13, 23, 25, 26, 28, 36, 48, 49, 58, 62, 70] - 4663, [1, 4, 10, 11, 21, 31, 41, 45, 56, 61, 65, 68, 70] - 4833, [1, 2, 3, 12, 13, 14, 24, 36, 48, 58, 62, 70] - 4875, [1, 2, 9, 21, 23, 25, 26, 31, 32, 40, 44, 55, 58, 62, 70] - 5022, [1, 4, 11, 20, 21, 23, 25, 33, 46, 49, 58, 62, 70] - 5068, [1, 2, 4, 11, 20, 21, 22, 33, 41, 47, 49, 58, 62, 70] - 5294, [1, 2, 4, 11, 21, 22, 24, 27, 28, 35, 46, 47, 49, 55, 57, 70] - 5780, [1, 2, 9, 11, 20, 37, 38, 43, 52, 60, 65, 66, 67, 69, 70] - 6078, [1, 3, 23, 31, 32, 37, 39, 40, 41, 44, 50, 53, 60, 64, 65, 68, 70] - 6107, [1, 2, 9, 11, 21, 23, 25, 33, 34, 41, 45, 47, 56, 61, 65, 66, 67, 68, 70] - 6964]
melhor indiv??duo da gera????o:[1, 3, 9, 13, 40, 44, 56, 61, 63, 70] - 4025
gera????o: 7: 
[[1, 3, 9, 13, 40, 44, 56, 61, 63, 70] - 4025, [1, 2, 3, 23, 31, 32, 40, 41, 47, 55, 57, 70] - 4282, [1, 2, 9, 13, 22, 23, 25, 26, 28, 35, 46, 49, 58, 62, 70] - 4421, [1, 2, 3, 9, 13, 14, 26, 34, 46, 49, 55, 58, 62, 70] - 4482, [1, 3, 9, 13, 23, 25, 26, 28, 36, 48, 49, 58, 62, 70] - 4663, [1, 4, 10, 11, 21, 31, 41, 45, 56, 61, 65, 68, 70] - 4833, [1, 2, 9, 21, 23, 25, 26, 31, 32, 40, 44, 55, 58, 62, 70] - 5022, [1, 4, 11, 20, 21, 23, 25, 33, 46, 49, 58, 62, 70] - 5068, [1, 2, 4, 11, 20, 21, 22, 33, 41, 47, 49, 58, 62, 70] - 5294, [1, 3, 5, 12, 13, 14, 26, 33, 39, 53, 61, 68, 70] - 5439, [1, 4, 10, 20, 21, 31, 32, 39, 40, 44, 53, 61, 68, 70] - 5564, [1, 2, 9, 11, 20, 37, 38, 43, 52, 60, 65, 66, 67, 69, 70] - 6078, [1, 4, 11, 21, 22, 25, 33, 39, 53, 60, 61, 65, 67, 69, 70] - 6728, [1, 2, 9, 11, 21, 23, 25, 33, 34, 41, 45, 47, 56, 61, 65, 66, 67, 68, 70] - 6964]
melhor indiv??duo da gera????o:[1, 3, 9, 13, 40, 44, 56, 61, 63, 70] - 4025
gera????o: 8: 
[[1, 3, 13, 31, 40, 44, 56, 63, 70] - 3737, [1, 4, 11, 21, 23, 25, 33, 47, 49, 58, 62, 70] - 4209, [1, 2, 9, 13, 22, 23, 25, 26, 28, 35, 46, 49, 58, 62, 70] - 4421, [1, 2, 3, 23, 31, 33, 47, 55, 56, 61, 63, 70] - 4514, [1, 3, 13, 21, 22, 33, 41, 46, 47, 55, 58, 62, 70] - 4704, [1, 4, 10, 11, 21, 31, 41, 45, 56, 61, 65, 68, 70] - 4833, [1, 2, 9, 21, 23, 25, 26, 31, 32, 40, 44, 55, 58, 62, 70] - 5022, [1, 4, 10, 11, 21, 23, 31, 41, 47, 56, 61, 68, 70] - 5203, [1, 4, 11, 21, 22, 25, 26, 28, 35, 46, 49, 55, 56, 57, 70] - 5433, [1, 4, 10, 20, 32, 40, 41, 46, 49, 55, 56, 61, 63, 70] - 5440, [1, 2, 9, 11, 20, 37, 38, 43, 52, 60, 65, 66, 67, 69, 70] - 6078, [1, 4, 11, 20, 31, 32, 37, 42, 43, 52, 59, 60, 64, 66, 67, 69, 70] - 6933, [1, 2, 9, 13, 14, 17, 26, 31, 32, 39, 56, 60, 64, 66, 67, 68, 70] - 7293]
melhor indiv??duo da gera????o:[1, 3, 13, 31, 40, 44, 56, 63, 70] - 3737
gera????o: 9: 
[[1, 2, 3, 12, 22, 33, 49, 55, 57, 70] - 3728, [1, 4, 11, 21, 23, 33, 49, 55, 57, 70] - 3871, [1, 2, 9, 13, 22, 23, 25, 26, 28, 35, 46, 49, 58, 62, 70] - 4421, [1, 2, 3, 23, 31, 33, 47, 55, 56, 61, 63, 70] - 4514, [1, 3, 13, 21, 22, 33, 41, 46, 47, 55, 58, 62, 70] - 4704, [1, 3, 13, 23, 31, 40, 41, 46, 47, 55, 56, 63, 70] - 4996, [1, 2, 9, 21, 23, 25, 26, 31, 32, 40, 44, 55, 58, 62, 70] - 5022, [1, 4, 11, 20, 32, 40, 44, 55, 56, 57, 70] - 5260, [1, 4, 10, 20, 32, 40, 41, 46, 49, 55, 56, 61, 63, 70] - 5440, [1, 3, 12, 22, 23, 31, 32, 37, 38, 43, 51, 59, 60, 65, 67, 69, 70] - 6028, [1, 4, 11, 20, 39, 44, 50, 53, 60, 64, 65, 67, 68, 70] - 6672, [1, 4, 11, 20, 31, 32, 37, 42, 43, 52, 59, 60, 64, 66, 67, 69, 70] - 6933]
melhor indiv??duo da gera????o:[1, 2, 3, 12, 22, 33, 49, 55, 57, 70] - 3728
gera????o: 10: 
[[1, 4, 11, 21, 23, 33, 49, 55, 57, 70] - 3871, [1, 3, 23, 25, 33, 46, 49, 58, 62, 70] - 4046, [1, 2, 9, 13, 22, 23, 25, 26, 28, 35, 46, 49, 58, 62, 70] - 4421, [1, 3, 5, 12, 13, 31, 40, 41, 45, 47, 49, 55, 58, 62, 70] - 4496, [1, 3, 13, 21, 22, 33, 41, 46, 47, 55, 58, 62, 70] - 4704, [1, 3, 13, 23, 31, 40, 41, 46, 47, 55, 56, 63, 70] - 4996, [1, 4, 11, 20, 32, 40, 44, 55, 56, 57, 70] - 5260, [1, 3, 12, 22, 23, 31, 32, 37, 38, 43, 51, 59, 60, 65, 67, 69, 70] - 6028, [1, 4, 10, 20, 32, 37, 42, 51, 59, 64, 66, 67, 68, 70] - 6110, [1, 4, 10, 20, 29, 37, 39, 40, 44, 54, 56, 60, 64, 67, 68, 70] - 6283, [1, 4, 11, 20, 39, 44, 50, 53, 60, 64, 65, 67, 68, 70] - 6672]
melhor indiv??duo da gera????o:[1, 4, 11, 21, 23, 33, 49, 55, 57, 70] - 3871
melhor valor ?? da gera????o 3!!!!
______________________________________________________________________________________________________________________________
