gera????o: 1: 
[[1, 3, 9, 13, 22, 24, 34, 35, 36, 48, 58, 62, 70] - 5032, [1, 2, 9, 11, 21, 22, 25, 33, 46, 49, 58, 62, 70] - 4120, [1, 3, 13, 40, 41, 47, 56, 57, 70] - 4589, [1, 4, 10, 11, 20, 37, 42, 51, 59, 60, 64, 67, 69, 70] - 5582, [1, 4, 10, 20, 39, 50, 53, 60, 64, 66, 67, 69, 70] - 5381, [1, 4, 10, 11, 20, 32, 40, 41, 47, 55, 56, 57, 70] - 5195, [1, 4, 11, 21, 22, 23, 33, 41, 47, 49, 55, 57, 70] - 4618, [1, 3, 5, 12, 14, 26, 31, 33, 49, 55, 58, 62, 70] - 4581, [1, 4, 11, 21, 22, 24, 26, 28, 35, 36, 49, 55, 57, 70] - 5395, [1, 3, 23, 31, 33, 49, 58, 62, 70] - 3738, [1, 4, 10, 11, 21, 31, 40, 41, 46, 49, 58, 62, 70] - 4514, [1, 4, 11, 20, 32, 39, 53, 54, 61, 65, 67, 68, 70] - 6147, [1, 2, 9, 11, 21, 22, 24, 36, 48, 58, 62, 70] - 4698, [1, 4, 10, 11, 21, 22, 25, 33, 46, 49, 55, 58, 62, 70] - 4511, [1, 3, 23, 31, 41, 45, 47, 55, 56, 57, 70] - 4694, [1, 3, 13, 14, 17, 26, 28, 34, 41, 47, 49, 58, 62, 70] - 5387, [1, 3, 23, 25, 33, 41, 46, 49, 55, 56, 61, 65, 68, 70] - 5778, [1, 4, 11, 20, 31, 41, 47, 55, 58, 62, 70] - 4794, [1, 4, 10, 20, 30, 31, 32, 39, 44, 45, 47, 49, 58, 62, 70] - 5086, [1, 2, 9, 11, 20, 21, 23, 31, 32, 37, 39, 42, 51, 59, 66, 67, 68, 70] - 7025, [1, 3, 23, 25, 26, 28, 36, 48, 49, 58, 62, 70] - 4487, [1, 3, 5, 6, 14, 17, 18, 19, 24, 27, 35, 36, 49, 55, 56, 60, 64, 66, 67, 69, 70] - 7830, [1, 2, 3, 12, 13, 21, 23, 25, 26, 33, 41, 46, 49, 55, 58, 62, 70] - 5245, [1, 2, 4, 10, 11, 20, 39, 50, 53, 60, 61, 63, 70] - 5020, [1, 4, 10, 11, 21, 31, 32, 39, 53, 54, 56, 61, 68, 70] - 4832, [1, 3, 5, 6, 7, 17, 18, 19, 24, 27, 35, 49, 58, 62, 70] - 4868, [1, 4, 10, 20, 32, 37, 38, 43, 52, 53, 60, 61, 63, 70] - 5661, [1, 3, 23, 25, 33, 41, 45, 56, 61, 63, 70] - 4076, [1, 2, 4, 11, 21, 23, 31, 41, 45, 47, 56, 63, 70] - 4798, [1, 3, 13, 23, 31, 32, 40, 44, 56, 61, 65, 66, 67, 68, 70] - 5974, [1, 3, 13, 31, 40, 44, 45, 47, 56, 63, 70] - 4381, [1, 2, 9, 21, 31, 33, 47, 49, 58, 62, 70] - 3860, [1, 2, 4, 11, 20, 30, 31, 33, 49, 55, 56, 60, 65, 68, 70] - 6423, [1, 2, 4, 10, 11, 21, 31, 32, 40, 41, 47, 49, 55, 56, 61, 65, 66, 67, 68, 70] - 7058, [1, 3, 5, 6, 17, 18, 19, 27, 35, 46, 49, 55, 57, 70] - 4573, [1, 4, 10, 11, 21, 23, 33, 41, 46, 47, 49, 58, 62, 70] - 4723, [1, 3, 9, 11, 20, 30, 31, 32, 37, 39, 42, 43, 51, 59, 66, 67, 68, 70] - 6848, [1, 4, 10, 11, 21, 31, 32, 37, 38, 43, 52, 53, 54, 61, 68, 70] - 5472, [1, 3, 9, 13, 14, 17, 18, 24, 27, 35, 49, 58, 62, 70] - 5462, [1, 4, 11, 21, 22, 25, 33, 34, 46, 49, 55, 56, 63, 70] - 4986]
melhor indiv??duo da gera????o:[1, 3, 23, 31, 33, 49, 58, 62, 70] - 3738
gera????o: 2: 
[[1, 2, 9, 11, 21, 22, 25, 33, 46, 49, 58, 62, 70] - 4120, [1, 4, 10, 11, 20, 37, 42, 51, 59, 60, 64, 67, 69, 70] - 5582, [1, 4, 10, 11, 20, 32, 40, 41, 47, 55, 56, 57, 70] - 5195, [1, 3, 5, 12, 14, 26, 31, 33, 49, 55, 58, 62, 70] - 4581, [1, 3, 23, 31, 33, 49, 58, 62, 70] - 3738, [1, 4, 11, 20, 32, 39, 53, 54, 61, 65, 67, 68, 70] - 6147, [1, 4, 10, 11, 21, 22, 25, 33, 46, 49, 55, 58, 62, 70] - 4511, [1, 3, 13, 14, 17, 26, 28, 34, 41, 47, 49, 58, 62, 70] - 5387, [1, 4, 11, 20, 31, 41, 47, 55, 58, 62, 70] - 4794, [1, 2, 9, 11, 20, 21, 23, 31, 32, 37, 39, 42, 51, 59, 66, 67, 68, 70] - 7025, [1, 3, 23, 25, 26, 28, 36, 48, 49, 58, 62, 70] - 4487, [1, 2, 3, 12, 13, 21, 23, 25, 26, 33, 41, 46, 49, 55, 58, 62, 70] - 5245, [1, 4, 10, 11, 21, 31, 32, 39, 53, 54, 56, 61, 68, 70] - 4832, [1, 4, 10, 20, 32, 37, 38, 43, 52, 53, 60, 61, 63, 70] - 5661, [1, 3, 23, 25, 33, 41, 45, 56, 61, 63, 70] - 4076, [1, 3, 13, 23, 31, 32, 40, 44, 56, 61, 65, 66, 67, 68, 70] - 5974, [1, 3, 13, 31, 40, 44, 45, 47, 56, 63, 70] - 4381, [1, 2, 9, 21, 31, 33, 47, 49, 58, 62, 70] - 3860, [1, 2, 4, 10, 11, 21, 31, 32, 40, 41, 47, 49, 55, 56, 61, 65, 66, 67, 68, 70] - 7058, [1, 4, 10, 11, 21, 23, 33, 41, 46, 47, 49, 58, 62, 70] - 4723, [1, 4, 10, 11, 21, 31, 32, 37, 38, 43, 52, 53, 54, 61, 68, 70] - 5472, [1, 4, 11, 21, 22, 25, 33, 34, 46, 49, 55, 56, 63, 70] - 4986, [1, 2, 9, 11, 21, 22, 25, 33, 46, 49, 58, 62, 70] - 4120, [1, 4, 11, 21, 22, 24, 26, 28, 35, 36, 49, 55, 57, 70] - 5395, [1, 2, 4, 11, 20, 30, 31, 33, 49, 55, 56, 60, 65, 68, 70] - 6423, [1, 4, 11, 20, 31, 41, 47, 55, 58, 62, 70] - 4794, [1, 3, 5, 6, 7, 17, 18, 19, 24, 27, 35, 49, 58, 62, 70] - 4868, [1, 4, 10, 11, 20, 37, 42, 51, 59, 60, 64, 67, 69, 70] - 5582, [1, 2, 9, 21, 31, 33, 47, 49, 58, 62, 70] - 3860, [1, 4, 10, 11, 20, 37, 42, 51, 59, 60, 64, 67, 69, 70] - 5582]
melhor indiv??duo da gera????o:[1, 3, 23, 31, 33, 49, 58, 62, 70] - 3738
gera????o: 3: 
[[1, 2, 9, 11, 21, 22, 25, 33, 46, 49, 58, 62, 70] - 4120, [1, 4, 10, 11, 20, 32, 40, 41, 47, 55, 56, 57, 70] - 5195, [1, 3, 23, 31, 33, 49, 58, 62, 70] - 3738, [1, 4, 10, 11, 21, 22, 25, 33, 46, 49, 55, 58, 62, 70] - 4511, [1, 4, 11, 20, 31, 41, 47, 55, 58, 62, 70] - 4794, [1, 3, 23, 25, 26, 28, 36, 48, 49, 58, 62, 70] - 4487, [1, 4, 10, 11, 21, 31, 32, 39, 53, 54, 56, 61, 68, 70] - 4832, [1, 3, 23, 25, 33, 41, 45, 56, 61, 63, 70] - 4076, [1, 3, 13, 31, 40, 44, 45, 47, 56, 63, 70] - 4381, [1, 2, 9, 21, 31, 33, 47, 49, 58, 62, 70] - 3860, [1, 4, 10, 11, 21, 23, 33, 41, 46, 47, 49, 58, 62, 70] - 4723, [1, 4, 11, 21, 22, 25, 33, 34, 46, 49, 55, 56, 63, 70] - 4986, [1, 2, 9, 11, 21, 22, 25, 33, 46, 49, 58, 62, 70] - 4120, [1, 2, 4, 11, 20, 30, 31, 33, 49, 55, 56, 60, 65, 68, 70] - 6423, [1, 3, 5, 6, 7, 17, 18, 19, 24, 27, 35, 49, 58, 62, 70] - 4868, [1, 2, 9, 21, 31, 33, 47, 49, 58, 62, 70] - 3860, [1, 3, 23, 25, 26, 28, 36, 48, 49, 58, 62, 70] - 4487, [1, 3, 23, 31, 33, 49, 58, 62, 70] - 3738, [1, 4, 11, 21, 22, 25, 33, 34, 46, 49, 55, 56, 63, 70] - 4986, [1, 4, 10, 11, 21, 31, 32, 39, 53, 54, 56, 61, 68, 70] - 4832, [1, 4, 10, 11, 20, 37, 42, 51, 59, 60, 64, 67, 69, 70] - 5582, [1, 3, 23, 25, 33, 41, 45, 56, 61, 63, 70] - 4076, [1, 4, 10, 11, 20, 32, 40, 41, 47, 55, 56, 57, 70] - 5195]
melhor indiv??duo da gera????o:[1, 3, 23, 31, 33, 49, 58, 62, 70] - 3738
gera????o: 4: 
[[1, 4, 10, 11, 20, 32, 40, 41, 47, 55, 56, 57, 70] - 5195, [1, 3, 23, 31, 33, 49, 58, 62, 70] - 3738, [1, 4, 11, 20, 31, 41, 47, 55, 58, 62, 70] - 4794, [1, 4, 10, 11, 21, 31, 32, 39, 53, 54, 56, 61, 68, 70] - 4832, [1, 3, 13, 31, 40, 44, 45, 47, 56, 63, 70] - 4381, [1, 2, 9, 21, 31, 33, 47, 49, 58, 62, 70] - 3860, [1, 4, 11, 21, 22, 25, 33, 34, 46, 49, 55, 56, 63, 70] - 4986, [1, 2, 4, 11, 20, 30, 31, 33, 49, 55, 56, 60, 65, 68, 70] - 6423, [1, 2, 9, 21, 31, 33, 47, 49, 58, 62, 70] - 3860, [1, 3, 23, 31, 33, 49, 58, 62, 70] - 3738, [1, 4, 10, 11, 21, 31, 32, 39, 53, 54, 56, 61, 68, 70] - 4832, [1, 3, 23, 25, 33, 41, 45, 56, 61, 63, 70] - 4076, [1, 2, 9, 11, 21, 22, 25, 33, 46, 49, 58, 62, 70] - 4120, [1, 2, 9, 11, 21, 22, 25, 33, 46, 49, 58, 62, 70] - 4120, [1, 2, 9, 21, 31, 33, 47, 49, 58, 62, 70] - 3860, [1, 4, 10, 11, 21, 23, 33, 41, 46, 47, 49, 58, 62, 70] - 4723, [1, 3, 23, 25, 33, 41, 45, 56, 61, 63, 70] - 4076]
melhor indiv??duo da gera????o:[1, 3, 23, 31, 33, 49, 58, 62, 70] - 3738
gera????o: 5: 
[[1, 3, 23, 31, 33, 49, 58, 62, 70] - 3738, [1, 4, 10, 11, 21, 31, 32, 39, 53, 54, 56, 61, 68, 70] - 4832, [1, 2, 9, 21, 31, 33, 47, 49, 58, 62, 70] - 3860, [1, 2, 4, 11, 20, 30, 31, 33, 49, 55, 56, 60, 65, 68, 70] - 6423, [1, 3, 23, 31, 33, 49, 58, 62, 70] - 3738, [1, 3, 23, 25, 33, 41, 45, 56, 61, 63, 70] - 4076, [1, 2, 9, 11, 21, 22, 25, 33, 46, 49, 58, 62, 70] - 4120, [1, 4, 10, 11, 21, 23, 33, 41, 46, 47, 49, 58, 62, 70] - 4723, [1, 4, 10, 11, 21, 23, 33, 41, 46, 47, 49, 58, 62, 70] - 4723, [1, 2, 9, 11, 21, 22, 25, 33, 46, 49, 58, 62, 70] - 4120, [1, 3, 23, 31, 33, 49, 58, 62, 70] - 3738, [1, 4, 10, 11, 21, 31, 32, 39, 53, 54, 56, 61, 68, 70] - 4832, [1, 4, 11, 20, 31, 41, 47, 55, 58, 62, 70] - 4794, [1, 2, 9, 21, 31, 33, 47, 49, 58, 62, 70] - 3860, [1, 2, 9, 11, 21, 22, 25, 33, 46, 49, 58, 62, 70] - 4120, [1, 3, 13, 31, 40, 44, 45, 47, 56, 63, 70] - 4381]
melhor indiv??duo da gera????o:[1, 3, 23, 31, 33, 49, 58, 62, 70] - 3738
gera????o: 6: 
[[1, 4, 10, 11, 21, 31, 32, 39, 53, 54, 56, 61, 68, 70] - 4832, [1, 2, 4, 11, 20, 30, 31, 33, 49, 55, 56, 60, 65, 68, 70] - 6423, [1, 3, 23, 25, 33, 41, 45, 56, 61, 63, 70] - 4076, [1, 4, 10, 11, 21, 23, 33, 41, 46, 47, 49, 58, 62, 70] - 4723, [1, 2, 9, 11, 21, 22, 25, 33, 46, 49, 58, 62, 70] - 4120, [1, 4, 10, 11, 21, 31, 32, 39, 53, 54, 56, 61, 68, 70] - 4832, [1, 2, 9, 21, 31, 33, 47, 49, 58, 62, 70] - 3860, [1, 3, 13, 31, 40, 44, 45, 47, 56, 63, 70] - 4381, [1, 3, 23, 25, 33, 41, 45, 56, 61, 63, 70] - 4076, [1, 4, 10, 11, 21, 23, 33, 41, 46, 47, 49, 58, 62, 70] - 4723, [1, 4, 11, 20, 31, 41, 47, 55, 58, 62, 70] - 4794, [1, 3, 23, 25, 33, 41, 45, 56, 61, 63, 70] - 4076, [1, 3, 23, 31, 33, 49, 58, 62, 70] - 3738, [1, 3, 23, 31, 33, 49, 58, 62, 70] - 3738, [1, 3, 23, 31, 33, 49, 58, 62, 70] - 3738]
melhor indiv??duo da gera????o:[1, 3, 23, 31, 33, 49, 58, 62, 70] - 3738
gera????o: 7: 
[[1, 2, 4, 11, 20, 30, 31, 33, 49, 55, 56, 60, 65, 68, 70] - 6423, [1, 4, 10, 11, 21, 23, 33, 41, 46, 47, 49, 58, 62, 70] - 4723, [1, 4, 10, 11, 21, 31, 32, 39, 53, 54, 56, 61, 68, 70] - 4832, [1, 3, 13, 31, 40, 44, 45, 47, 56, 63, 70] - 4381, [1, 4, 10, 11, 21, 23, 33, 41, 46, 47, 49, 58, 62, 70] - 4723, [1, 3, 23, 25, 33, 41, 45, 56, 61, 63, 70] - 4076, [1, 3, 23, 31, 33, 49, 58, 62, 70] - 3738, [1, 4, 10, 11, 21, 23, 33, 41, 46, 47, 49, 58, 62, 70] - 4723, [1, 3, 23, 25, 33, 41, 45, 56, 61, 63, 70] - 4076, [1, 3, 23, 31, 33, 49, 58, 62, 70] - 3738, [1, 3, 23, 31, 33, 49, 58, 62, 70] - 3738, [1, 3, 23, 25, 33, 41, 45, 56, 61, 63, 70] - 4076, [1, 3, 23, 31, 33, 49, 58, 62, 70] - 3738, [1, 3, 23, 31, 33, 49, 58, 62, 70] - 3738]
melhor indiv??duo da gera????o:[1, 3, 23, 31, 33, 49, 58, 62, 70] - 3738
gera????o: 8: 
[[1, 4, 10, 11, 21, 23, 33, 41, 46, 47, 49, 58, 62, 70] - 4723, [1, 3, 13, 31, 40, 44, 45, 47, 56, 63, 70] - 4381, [1, 3, 23, 25, 33, 41, 45, 56, 61, 63, 70] - 4076, [1, 4, 10, 11, 21, 23, 33, 41, 46, 47, 49, 58, 62, 70] - 4723, [1, 3, 23, 31, 33, 49, 58, 62, 70] - 3738, [1, 3, 23, 25, 33, 41, 45, 56, 61, 63, 70] - 4076, [1, 3, 23, 31, 33, 49, 58, 62, 70] - 3738, [1, 3, 23, 31, 33, 49, 58, 62, 70] - 3738, [1, 3, 23, 31, 33, 49, 58, 62, 70] - 3738, [1, 3, 23, 25, 33, 41, 45, 56, 61, 63, 70] - 4076, [1, 3, 23, 25, 33, 41, 45, 56, 61, 63, 70] - 4076, [1, 3, 23, 25, 33, 41, 45, 56, 61, 63, 70] - 4076, [1, 3, 23, 31, 33, 49, 58, 62, 70] - 3738]
melhor indiv??duo da gera????o:[1, 3, 23, 31, 33, 49, 58, 62, 70] - 3738
gera????o: 9: 
[[1, 3, 13, 31, 40, 44, 45, 47, 56, 63, 70] - 4381, [1, 4, 10, 11, 21, 23, 33, 41, 46, 47, 49, 58, 62, 70] - 4723, [1, 3, 23, 25, 33, 41, 45, 56, 61, 63, 70] - 4076, [1, 3, 23, 31, 33, 49, 58, 62, 70] - 3738, [1, 3, 23, 25, 33, 41, 45, 56, 61, 63, 70] - 4076, [1, 3, 23, 25, 33, 41, 45, 56, 61, 63, 70] - 4076, [1, 3, 23, 31, 33, 49, 58, 62, 70] - 3738, [1, 3, 23, 31, 33, 49, 58, 62, 70] - 3738, [1, 3, 23, 25, 33, 41, 45, 56, 61, 63, 70] - 4076, [1, 3, 23, 31, 33, 49, 58, 62, 70] - 3738, [1, 3, 23, 31, 33, 49, 58, 62, 70] - 3738, [1, 3, 23, 31, 33, 49, 58, 62, 70] - 3738]
melhor indiv??duo da gera????o:[1, 3, 23, 31, 33, 49, 58, 62, 70] - 3738
gera????o: 10: 
[[1, 4, 10, 11, 21, 23, 33, 41, 46, 47, 49, 58, 62, 70] - 4723, [1, 3, 23, 31, 33, 49, 58, 62, 70] - 3738, [1, 3, 23, 25, 33, 41, 45, 56, 61, 63, 70] - 4076, [1, 3, 23, 31, 33, 49, 58, 62, 70] - 3738, [1, 3, 23, 31, 33, 49, 58, 62, 70] - 3738, [1, 3, 23, 31, 33, 49, 58, 62, 70] - 3738, [1, 3, 23, 25, 33, 41, 45, 56, 61, 63, 70] - 4076, [1, 3, 23, 31, 33, 49, 58, 62, 70] - 3738, [1, 3, 23, 31, 33, 49, 58, 62, 70] - 3738, [1, 3, 23, 31, 33, 49, 58, 62, 70] - 3738, [1, 3, 23, 31, 33, 49, 58, 62, 70] - 3738]
melhor indiv??duo da gera????o:[1, 3, 23, 31, 33, 49, 58, 62, 70] - 3738
______________________________________________________________________________________________________________________________
