gera????o: 1: 
[[1, 3, 13, 14, 25, 33, 47, 55, 58, 62, 70] - 3963, [1, 2, 3, 13, 40, 44, 45, 56, 63, 70] - 4046, [1, 2, 3, 23, 33, 41, 45, 56, 61, 63, 70] - 4047, [1, 2, 9, 11, 21, 23, 25, 26, 34, 46, 49, 55, 57, 70] - 4082, [1, 3, 5, 6, 7, 17, 24, 36, 49, 55, 57, 70] - 4232, [1, 2, 4, 10, 11, 21, 31, 33, 46, 49, 58, 62, 70] - 4285, [1, 2, 9, 13, 31, 41, 46, 49, 58, 62, 70] - 4288, [1, 2, 3, 12, 22, 23, 25, 33, 47, 56, 57, 70] - 4420, [1, 4, 11, 21, 23, 31, 40, 41, 44, 54, 56, 63, 70] - 4492, [1, 3, 12, 14, 17, 24, 28, 35, 36, 49, 58, 62, 70] - 4512, [1, 4, 10, 20, 39, 50, 53, 54, 61, 68, 70] - 4571, [1, 3, 13, 23, 31, 41, 47, 49, 55, 58, 62, 70] - 4612, [1, 2, 3, 9, 13, 31, 33, 41, 46, 49, 58, 62, 70] - 4631, [1, 4, 11, 20, 30, 32, 40, 44, 55, 57, 70] - 4632, [1, 3, 12, 22, 33, 40, 44, 54, 61, 65, 68, 70] - 4701, [1, 3, 23, 25, 26, 34, 41, 46, 49, 58, 62, 70] - 4752, [1, 4, 11, 21, 23, 33, 40, 41, 47, 49, 58, 62, 70] - 4761, [1, 2, 9, 21, 31, 33, 40, 44, 54, 61, 65, 68, 70] - 4790, [1, 4, 11, 21, 22, 23, 33, 41, 45, 47, 56, 57, 70] - 4870, [1, 2, 4, 10, 20, 32, 40, 44, 53, 61, 68, 70] - 4993, [1, 4, 10, 11, 20, 21, 31, 41, 45, 47, 49, 58, 62, 70] - 5019, [1, 4, 11, 21, 31, 33, 39, 56, 57, 70] - 5021, [1, 4, 11, 21, 22, 24, 26, 28, 34, 46, 49, 58, 62, 70] - 5036, [1, 4, 10, 20, 31, 33, 40, 44, 53, 61, 63, 70] - 5072, [1, 3, 5, 12, 14, 25, 26, 31, 40, 41, 45, 47, 49, 55, 57, 70] - 5120, [1, 2, 3, 13, 21, 22, 24, 34, 46, 47, 56, 63, 70] - 5150, [1, 3, 5, 12, 13, 14, 22, 23, 25, 33, 40, 41, 45, 47, 56, 63, 70] - 5154, [1, 4, 10, 20, 32, 37, 38, 43, 52, 53, 54, 61, 63, 70] - 5193, [1, 2, 9, 11, 20, 31, 41, 46, 47, 56, 63, 70] - 5208, [1, 4, 10, 20, 32, 40, 41, 46, 47, 56, 61, 63, 70] - 5263, [1, 3, 13, 23, 31, 32, 37, 38, 43, 52, 60, 65, 68, 70] - 5506, [1, 3, 9, 11, 20, 30, 31, 41, 46, 47, 55, 56, 61, 63, 70] - 5678, [1, 2, 9, 11, 21, 31, 32, 37, 42, 51, 59, 64, 66, 67, 69, 70] - 5702, [1, 4, 10, 11, 20, 29, 37, 42, 43, 51, 59, 64, 67, 69, 70] - 5825, [1, 3, 23, 25, 33, 41, 44, 53, 60, 65, 67, 68, 70] - 6022, [1, 4, 10, 11, 21, 22, 25, 33, 39, 50, 53, 60, 64, 67, 68, 70] - 6111, [1, 2, 4, 10, 20, 29, 37, 38, 43, 51, 59, 64, 65, 67, 68, 70] - 6388, [1, 2, 4, 10, 20, 30, 32, 39, 56, 60, 65, 67, 69, 70] - 6402, [1, 2, 4, 11, 20, 21, 22, 25, 26, 33, 39, 53, 60, 65, 68, 70] - 6683, [1, 4, 10, 11, 21, 22, 23, 25, 33, 39, 56, 60, 64, 65, 66, 67, 69, 70] - 7477]
melhor indiv??duo da gera????o:[1, 3, 13, 14, 25, 33, 47, 55, 58, 62, 70] - 3963
gera????o: 2: 
[[1, 3, 13, 14, 25, 33, 47, 55, 58, 62, 70] - 3963, [1, 2, 3, 13, 40, 44, 45, 56, 63, 70] - 4046, [1, 3, 5, 12, 14, 26, 28, 35, 49, 58, 62, 70] - 4076, [1, 3, 5, 6, 7, 17, 24, 36, 49, 55, 57, 70] - 4232, [1, 2, 9, 13, 31, 41, 46, 49, 58, 62, 70] - 4288, [1, 3, 9, 11, 21, 22, 23, 25, 33, 41, 45, 47, 55, 58, 62, 70] - 4453, [1, 3, 13, 21, 22, 25, 33, 46, 49, 55, 58, 62, 70] - 4510, [1, 3, 12, 22, 24, 28, 34, 35, 49, 55, 57, 70] - 4547, [1, 4, 11, 21, 31, 40, 44, 45, 47, 56, 63, 70] - 4579, [1, 4, 10, 11, 20, 31, 40, 44, 55, 57, 70] - 4595, [1, 2, 3, 9, 13, 31, 33, 41, 46, 49, 58, 62, 70] - 4631, [1, 4, 10, 20, 37, 39, 42, 52, 53, 54, 61, 63, 70] - 4639, [1, 3, 12, 22, 33, 40, 44, 54, 61, 65, 68, 70] - 4701, [1, 4, 11, 21, 23, 33, 40, 41, 47, 49, 58, 62, 70] - 4761, [1, 3, 9, 21, 22, 24, 36, 48, 58, 62, 70] - 4837, [1, 4, 11, 21, 22, 23, 33, 41, 45, 47, 56, 57, 70] - 4870, [1, 4, 11, 21, 22, 24, 28, 36, 48, 58, 62, 70] - 4910, [1, 3, 5, 12, 13, 14, 25, 26, 34, 41, 44, 55, 58, 62, 70] - 4994, [1, 4, 11, 21, 31, 33, 39, 56, 57, 70] - 5021, [1, 4, 10, 20, 31, 33, 40, 44, 53, 61, 63, 70] - 5072, [1, 3, 9, 11, 21, 31, 32, 40, 41, 47, 56, 61, 68, 70] - 5128, [1, 3, 5, 12, 13, 14, 22, 23, 25, 33, 40, 41, 45, 47, 56, 63, 70] - 5154, [1, 2, 9, 11, 20, 31, 41, 46, 47, 56, 63, 70] - 5208, [1, 4, 10, 11, 20, 29, 37, 42, 51, 59, 60, 65, 68, 70] - 5452, [1, 4, 10, 20, 32, 40, 44, 56, 60, 61, 68, 70] - 5535, [1, 2, 9, 11, 21, 31, 32, 37, 42, 51, 59, 64, 66, 67, 69, 70] - 5702, [1, 4, 10, 11, 20, 29, 37, 42, 43, 51, 59, 64, 67, 69, 70] - 5825, [1, 3, 23, 25, 33, 41, 44, 53, 60, 65, 67, 68, 70] - 6022, [1, 4, 10, 11, 21, 22, 25, 33, 39, 50, 53, 60, 64, 67, 68, 70] - 6111, [1, 2, 4, 10, 20, 30, 32, 39, 56, 60, 65, 67, 69, 70] - 6402, [1, 4, 10, 11, 21, 22, 23, 25, 33, 39, 56, 60, 64, 65, 66, 67, 69, 70] - 7477]
melhor indiv??duo da gera????o:[1, 3, 13, 14, 25, 33, 47, 55, 58, 62, 70] - 3963
gera????o: 3: 
[[1, 2, 3, 13, 40, 44, 45, 56, 63, 70] - 4046, [1, 3, 13, 31, 41, 44, 56, 57, 70] - 4227, [1, 3, 23, 25, 33, 46, 49, 55, 58, 62, 70] - 4272, [1, 3, 5, 12, 13, 40, 44, 53, 61, 63, 70] - 4308, [1, 3, 13, 21, 22, 25, 33, 46, 49, 55, 58, 62, 70] - 4510, [1, 4, 11, 21, 31, 40, 44, 45, 47, 56, 63, 70] - 4579, [1, 3, 13, 23, 33, 39, 40, 44, 45, 57, 70] - 4627, [1, 4, 10, 20, 37, 39, 42, 52, 53, 54, 61, 63, 70] - 4639, [1, 3, 12, 22, 33, 40, 44, 54, 61, 65, 68, 70] - 4701, [1, 2, 3, 13, 22, 33, 34, 46, 47, 49, 55, 58, 62, 70] - 4732, [1, 3, 9, 11, 21, 22, 23, 25, 33, 46, 47, 56, 63, 70] - 4792, [1, 4, 11, 21, 22, 23, 33, 41, 45, 47, 56, 57, 70] - 4870, [1, 4, 11, 21, 31, 40, 41, 44, 54, 61, 65, 68, 70] - 4950, [1, 2, 4, 11, 20, 31, 41, 45, 47, 49, 58, 62, 70] - 5008, [1, 3, 5, 6, 8, 15, 17, 24, 28, 35, 36, 49, 55, 56, 63, 70] - 5024, [1, 4, 11, 21, 23, 31, 41, 46, 47, 49, 55, 57, 70] - 5111, [1, 2, 3, 13, 31, 41, 47, 49, 55, 56, 57, 70] - 5131, [1, 3, 12, 22, 24, 34, 41, 46, 49, 58, 62, 70] - 5166, [1, 2, 4, 11, 20, 37, 42, 52, 59, 60, 65, 68, 70] - 5440, [1, 4, 10, 20, 32, 40, 44, 56, 60, 61, 68, 70] - 5535, [1, 3, 23, 33, 39, 42, 43, 52, 53, 61, 68, 70] - 5766, [1, 4, 11, 20, 32, 37, 38, 43, 52, 60, 61, 68, 70] - 5968, [1, 4, 10, 11, 21, 22, 25, 33, 39, 50, 53, 60, 64, 67, 68, 70] - 6111, [1, 4, 11, 20, 29, 38, 43, 52, 60, 64, 65, 66, 67, 69, 70] - 6726]
melhor indiv??duo da gera????o:[1, 2, 3, 13, 40, 44, 45, 56, 63, 70] - 4046
gera????o: 4: 
[[1, 2, 9, 21, 23, 25, 33, 41, 45, 57, 70] - 3861, [1, 3, 13, 22, 33, 46, 49, 58, 62, 70] - 4034, [1, 3, 13, 31, 41, 44, 56, 57, 70] - 4227, [1, 3, 5, 12, 13, 40, 44, 53, 61, 63, 70] - 4308, [1, 4, 11, 21, 31, 40, 44, 45, 47, 56, 63, 70] - 4579, [1, 4, 10, 20, 37, 39, 42, 52, 53, 54, 61, 63, 70] - 4639, [1, 2, 3, 13, 22, 33, 34, 46, 47, 49, 55, 58, 62, 70] - 4732, [1, 3, 9, 11, 21, 22, 23, 25, 33, 46, 47, 56, 63, 70] - 4792, [1, 4, 11, 21, 31, 40, 41, 44, 54, 61, 65, 68, 70] - 4950, [1, 3, 5, 6, 8, 15, 17, 24, 28, 35, 36, 49, 55, 56, 63, 70] - 5024, [1, 2, 3, 13, 31, 41, 47, 49, 55, 56, 57, 70] - 5131, [1, 2, 4, 10, 11, 21, 22, 24, 27, 28, 35, 49, 55, 57, 70] - 5240, [1, 2, 9, 13, 14, 17, 18, 24, 28, 35, 36, 49, 58, 62, 70] - 5262, [1, 4, 11, 20, 21, 22, 33, 46, 47, 49, 55, 57, 70] - 5378, [1, 4, 10, 20, 32, 40, 44, 56, 60, 61, 68, 70] - 5535, [1, 3, 23, 33, 39, 42, 43, 52, 53, 61, 68, 70] - 5766, [1, 4, 10, 11, 21, 22, 25, 33, 39, 50, 53, 60, 64, 67, 68, 70] - 6111, [1, 3, 9, 13, 22, 23, 33, 39, 40, 44, 45, 56, 60, 61, 68, 70] - 6358]
melhor indiv??duo da gera????o:[1, 2, 9, 21, 23, 25, 33, 41, 45, 57, 70] - 3861
gera????o: 5: 
[[1, 3, 13, 22, 33, 46, 49, 58, 62, 70] - 4034, [1, 4, 10, 11, 21, 31, 33, 41, 44, 54, 56, 63, 70] - 4226, [1, 3, 5, 12, 13, 40, 44, 53, 61, 63, 70] - 4308, [1, 3, 12, 14, 22, 23, 31, 41, 44, 55, 57, 70] - 4501, [1, 4, 11, 21, 31, 40, 44, 45, 47, 56, 63, 70] - 4579, [1, 2, 3, 12, 13, 23, 31, 41, 46, 49, 58, 62, 70] - 4666, [1, 2, 3, 13, 22, 33, 34, 46, 47, 49, 55, 58, 62, 70] - 4732, [1, 3, 5, 6, 14, 22, 24, 26, 28, 34, 46, 47, 55, 58, 62, 70] - 4856, [1, 4, 10, 20, 29, 37, 39, 44, 56, 61, 68, 70] - 4871, [1, 4, 11, 21, 31, 40, 41, 44, 54, 61, 65, 68, 70] - 4950, [1, 3, 5, 6, 8, 15, 17, 24, 28, 35, 36, 49, 55, 56, 63, 70] - 5024, [1, 2, 4, 10, 11, 21, 22, 24, 27, 28, 35, 49, 55, 57, 70] - 5240, [1, 4, 11, 20, 39, 40, 44, 53, 54, 61, 68, 70] - 5337, [1, 4, 11, 20, 21, 22, 33, 46, 47, 49, 55, 57, 70] - 5378, [1, 4, 10, 20, 32, 40, 44, 56, 60, 61, 68, 70] - 5535, [1, 3, 13, 40, 41, 45, 56, 60, 64, 67, 68, 70] - 5781, [1, 4, 10, 11, 21, 22, 25, 33, 39, 50, 53, 60, 64, 67, 68, 70] - 6111, [1, 4, 11, 20, 30, 32, 37, 39, 50, 53, 60, 64, 67, 68, 70] - 6216]
melhor indiv??duo da gera????o:[1, 3, 13, 22, 33, 46, 49, 58, 62, 70] - 4034
gera????o: 6: 
[[1, 3, 13, 22, 33, 46, 49, 58, 62, 70] - 4034, [1, 4, 10, 11, 21, 31, 33, 41, 44, 54, 56, 63, 70] - 4226, [1, 4, 11, 21, 31, 32, 40, 44, 45, 47, 55, 58, 62, 70] - 4436, [1, 3, 12, 14, 22, 23, 31, 41, 44, 55, 57, 70] - 4501, [1, 4, 11, 21, 31, 40, 44, 45, 47, 56, 63, 70] - 4579, [1, 2, 3, 12, 13, 23, 31, 41, 46, 49, 58, 62, 70] - 4666, [1, 2, 4, 11, 20, 30, 32, 40, 44, 55, 57, 70] - 4709, [1, 3, 5, 6, 14, 22, 24, 26, 28, 34, 46, 47, 55, 58, 62, 70] - 4856, [1, 3, 23, 25, 26, 33, 34, 35, 36, 49, 58, 62, 70] - 4876, [1, 3, 5, 6, 8, 15, 17, 24, 28, 35, 36, 49, 55, 56, 63, 70] - 5024, [1, 2, 9, 21, 22, 24, 27, 28, 34, 46, 47, 49, 58, 62, 70] - 5194, [1, 2, 4, 10, 11, 21, 22, 24, 27, 28, 35, 49, 55, 57, 70] - 5240, [1, 4, 11, 21, 23, 25, 26, 28, 35, 46, 47, 56, 57, 70] - 5269, [1, 4, 11, 20, 21, 22, 33, 46, 47, 49, 55, 57, 70] - 5378, [1, 4, 10, 20, 32, 40, 44, 56, 60, 61, 68, 70] - 5535, [1, 3, 13, 40, 41, 45, 56, 60, 64, 67, 68, 70] - 5781, [1, 4, 10, 11, 21, 22, 25, 33, 39, 50, 53, 60, 64, 67, 68, 70] - 6111, [1, 2, 4, 10, 20, 31, 32, 37, 42, 43, 52, 59, 66, 67, 69, 70] - 6630]
melhor indiv??duo da gera????o:[1, 3, 13, 22, 33, 46, 49, 58, 62, 70] - 4034
gera????o: 7: 
[[1, 2, 3, 5, 12, 13, 23, 33, 49, 55, 58, 62, 70] - 3938, [1, 3, 13, 22, 33, 46, 49, 58, 62, 70] - 4034, [1, 4, 11, 21, 31, 32, 40, 44, 45, 47, 55, 58, 62, 70] - 4436, [1, 4, 11, 21, 31, 40, 44, 45, 47, 56, 63, 70] - 4579, [1, 3, 9, 11, 21, 31, 41, 45, 47, 56, 57, 70] - 4662, [1, 2, 9, 11, 20, 32, 39, 50, 53, 54, 56, 57, 70] - 4670, [1, 2, 4, 11, 21, 31, 41, 46, 49, 55, 57, 70] - 4719, [1, 4, 10, 20, 21, 22, 25, 33, 34, 46, 49, 58, 62, 70] - 4812, [1, 3, 23, 25, 26, 33, 34, 35, 36, 49, 58, 62, 70] - 4876, [1, 3, 5, 6, 8, 15, 17, 24, 28, 35, 36, 49, 55, 56, 63, 70] - 5024, [1, 2, 9, 21, 22, 24, 27, 28, 34, 46, 47, 49, 58, 62, 70] - 5194, [1, 2, 4, 10, 11, 21, 22, 24, 27, 28, 35, 49, 55, 57, 70] - 5240, [1, 3, 9, 13, 14, 24, 27, 35, 46, 49, 55, 58, 62, 70] - 5315, [1, 4, 10, 20, 29, 38, 43, 51, 59, 64, 65, 68, 70] - 5436, [1, 4, 10, 20, 32, 40, 44, 56, 60, 61, 68, 70] - 5535, [1, 2, 4, 10, 11, 20, 29, 38, 43, 51, 59, 66, 67, 68, 70] - 6071, [1, 4, 10, 11, 21, 22, 25, 33, 39, 50, 53, 60, 64, 67, 68, 70] - 6111, [1, 4, 11, 20, 30, 32, 40, 41, 44, 53, 54, 61, 65, 67, 69, 70] - 6515]
melhor indiv??duo da gera????o:[1, 2, 3, 5, 12, 13, 23, 33, 49, 55, 58, 62, 70] - 3938
gera????o: 8: 
[[1, 2, 4, 11, 21, 23, 33, 49, 55, 57, 70] - 3948, [1, 3, 9, 13, 40, 41, 45, 47, 55, 57, 70] - 4030, [1, 2, 3, 5, 6, 17, 24, 36, 48, 58, 62, 70] - 4288, [1, 4, 11, 21, 31, 32, 40, 44, 45, 47, 55, 58, 62, 70] - 4436, [1, 3, 9, 11, 21, 31, 41, 45, 47, 56, 57, 70] - 4662, [1, 2, 4, 11, 21, 31, 41, 46, 49, 55, 57, 70] - 4719, [1, 4, 10, 20, 21, 22, 25, 33, 34, 46, 49, 58, 62, 70] - 4812, [1, 2, 4, 11, 20, 39, 53, 54, 61, 68, 70] - 4959, [1, 3, 5, 6, 8, 15, 17, 24, 28, 35, 36, 49, 55, 56, 63, 70] - 5024, [1, 2, 9, 11, 21, 22, 33, 41, 44, 53, 60, 61, 63, 70] - 5048, [1, 2, 9, 21, 22, 24, 27, 28, 34, 46, 47, 49, 58, 62, 70] - 5194, [1, 2, 4, 10, 11, 21, 22, 24, 27, 28, 35, 49, 55, 57, 70] - 5240, [1, 4, 10, 20, 37, 38, 43, 51, 59, 66, 67, 69, 70] - 5416, [1, 4, 10, 20, 32, 40, 44, 56, 60, 61, 68, 70] - 5535, [1, 4, 11, 20, 31, 32, 40, 41, 46, 47, 56, 61, 63, 70] - 5806, [1, 4, 10, 11, 21, 22, 25, 33, 39, 50, 53, 60, 64, 67, 68, 70] - 6111, [1, 4, 11, 20, 30, 32, 40, 41, 44, 53, 54, 61, 65, 67, 69, 70] - 6515, [1, 4, 11, 20, 30, 32, 37, 38, 43, 52, 53, 61, 65, 66, 67, 68, 70] - 7354]
melhor indiv??duo da gera????o:[1, 2, 4, 11, 21, 23, 33, 49, 55, 57, 70] - 3948
gera????o: 9: 
[[1, 3, 9, 13, 40, 41, 45, 47, 55, 57, 70] - 4030, [1, 3, 13, 14, 26, 28, 35, 49, 55, 57, 70] - 4345, [1, 2, 4, 11, 21, 23, 33, 40, 44, 55, 57, 70] - 4537, [1, 3, 23, 25, 33, 47, 55, 56, 61, 68, 70] - 4602, [1, 4, 11, 20, 37, 39, 56, 57, 70] - 4623, [1, 2, 4, 11, 21, 31, 41, 46, 49, 55, 57, 70] - 4719, [1, 2, 4, 11, 20, 39, 53, 54, 61, 68, 70] - 4959, [1, 3, 12, 22, 24, 26, 31, 41, 45, 57, 70] - 4991, [1, 2, 9, 11, 21, 22, 33, 41, 44, 53, 60, 61, 63, 70] - 5048, [1, 2, 9, 21, 22, 24, 27, 28, 34, 46, 47, 49, 58, 62, 70] - 5194, [1, 3, 12, 13, 14, 17, 24, 28, 35, 46, 49, 55, 56, 61, 63, 70] - 5372, [1, 4, 10, 20, 31, 41, 44, 50, 53, 61, 65, 68, 70] - 5516, [1, 4, 10, 20, 29, 38, 43, 51, 59, 66, 67, 69, 70] - 5568, [1, 2, 9, 13, 14, 26, 31, 41, 47, 56, 61, 68, 70] - 5681, [1, 4, 11, 20, 31, 32, 40, 41, 46, 47, 56, 61, 63, 70] - 5806, [1, 4, 11, 20, 30, 32, 40, 41, 44, 53, 54, 61, 65, 67, 69, 70] - 6515, [1, 2, 9, 11, 21, 23, 25, 26, 31, 32, 37, 42, 51, 59, 64, 66, 67, 69, 70] - 6584, [1, 3, 23, 25, 26, 28, 34, 46, 47, 56, 60, 65, 66, 67, 68, 70] - 7009]
melhor indiv??duo da gera????o:[1, 3, 9, 13, 40, 41, 45, 47, 55, 57, 70] - 4030
gera????o: 10: 
[[1, 3, 9, 13, 40, 41, 45, 47, 55, 57, 70] - 4030, [1, 2, 3, 23, 31, 41, 47, 55, 57, 70] - 4138, [1, 3, 13, 40, 41, 44, 56, 57, 70] - 4255, [1, 3, 13, 14, 26, 28, 35, 49, 55, 57, 70] - 4345, [1, 2, 4, 11, 21, 23, 33, 40, 44, 55, 57, 70] - 4537, [1, 2, 9, 13, 21, 31, 41, 47, 56, 57, 70] - 4608, [1, 2, 4, 11, 21, 31, 41, 46, 49, 55, 57, 70] - 4719, [1, 2, 9, 21, 22, 25, 26, 31, 33, 46, 49, 55, 57, 70] - 4980, [1, 2, 9, 11, 21, 22, 33, 41, 44, 53, 60, 61, 63, 70] - 5048, [1, 4, 10, 11, 20, 21, 31, 33, 34, 35, 49, 55, 57, 70] - 5244, [1, 4, 10, 20, 32, 39, 53, 60, 64, 67, 69, 70] - 5379, [1, 4, 10, 20, 31, 41, 44, 50, 53, 61, 65, 68, 70] - 5516, [1, 2, 9, 13, 14, 26, 31, 41, 47, 56, 61, 68, 70] - 5681, [1, 2, 4, 10, 11, 21, 31, 33, 40, 41, 46, 47, 49, 55, 56, 63, 70] - 5780, [1, 2, 3, 23, 33, 34, 41, 45, 56, 61, 65, 67, 69, 70] - 5924, [1, 4, 11, 20, 30, 31, 40, 44, 53, 60, 64, 66, 67, 68, 70] - 6357, [1, 4, 11, 20, 30, 32, 40, 41, 44, 53, 54, 61, 65, 67, 69, 70] - 6515, [1, 2, 9, 11, 21, 23, 25, 26, 31, 32, 37, 42, 51, 59, 64, 66, 67, 69, 70] - 6584]
melhor indiv??duo da gera????o:[1, 3, 9, 13, 40, 41, 45, 47, 55, 57, 70] - 4030
melhor valor ?? da gera????o 1!!!!
______________________________________________________________________________________________________________________________
