gera????o: 1: 
[[1, 4, 10, 20, 31, 33, 41, 46, 49, 58, 62, 70] - 4817, [1, 2, 9, 13, 14, 22, 25, 26, 31, 40, 44, 50, 53, 54, 56, 57, 70] - 5372, [1, 3, 12, 14, 17, 18, 19, 27, 28, 35, 36, 49, 55, 57, 70] - 5170, [1, 3, 5, 12, 13, 23, 31, 40, 41, 44, 50, 53, 60, 64, 66, 67, 69, 70] - 5824, [1, 4, 10, 11, 20, 30, 31, 40, 41, 44, 50, 53, 54, 56, 61, 65, 68, 70] - 6004, [1, 3, 13, 40, 41, 47, 55, 57, 70] - 3956, [1, 2, 9, 21, 22, 23, 31, 40, 44, 53, 61, 63, 70] - 4570, [1, 3, 23, 25, 33, 49, 58, 62, 70] - 3619, [1, 4, 11, 21, 31, 32, 39, 42, 43, 51, 59, 64, 65, 68, 70] - 5805, [1, 2, 3, 12, 14, 25, 26, 34, 41, 44, 53, 61, 65, 67, 68, 70] - 6547, [1, 2, 4, 11, 20, 32, 39, 50, 53, 60, 61, 65, 66, 67, 69, 70] - 6801, [1, 3, 13, 22, 24, 26, 34, 41, 45, 56, 61, 65, 68, 70] - 5665, [1, 3, 23, 33, 39, 53, 61, 68, 70] - 4860, [1, 3, 13, 31, 32, 39, 50, 53, 60, 65, 67, 69, 70] - 5502, [1, 3, 23, 25, 26, 33, 41, 44, 56, 63, 70] - 4261, [1, 3, 5, 6, 17, 26, 31, 32, 40, 41, 44, 45, 57, 70] - 4964, [1, 3, 5, 12, 14, 24, 26, 33, 49, 55, 58, 62, 70] - 4585, [1, 3, 9, 13, 31, 40, 44, 53, 61, 63, 70] - 4368, [1, 3, 12, 13, 40, 41, 44, 45, 57, 70] - 4127, [1, 4, 10, 11, 20, 30, 31, 41, 45, 47, 49, 58, 62, 70] - 4892, [1, 2, 9, 21, 22, 23, 31, 40, 44, 45, 47, 55, 56, 63, 70] - 4731, [1, 2, 9, 13, 21, 31, 41, 47, 55, 56, 63, 70] - 4435, [1, 3, 23, 31, 32, 39, 42, 52, 60, 65, 68, 70] - 5039, [1, 2, 9, 13, 40, 44, 55, 58, 62, 70] - 4013, [1, 3, 5, 12, 22, 33, 46, 49, 55, 57, 70] - 4048, [1, 3, 12, 13, 22, 33, 41, 45, 47, 56, 61, 65, 68, 70] - 5179, [1, 4, 10, 11, 21, 22, 25, 33, 41, 44, 55, 57, 70] - 4453, [1, 3, 5, 12, 22, 25, 33, 40, 44, 45, 56, 57, 70] - 4439, [1, 4, 10, 20, 29, 37, 39, 44, 54, 56, 60, 61, 63, 70] - 5549, [1, 4, 11, 21, 23, 33, 49, 58, 62, 70] - 3787, [1, 2, 3, 12, 22, 25, 26, 34, 35, 36, 49, 58, 62, 70] - 4449, [1, 3, 12, 14, 25, 26, 34, 46, 49, 58, 62, 70] - 3930, [1, 2, 3, 9, 21, 22, 25, 33, 47, 56, 63, 70] - 4332, [1, 3, 23, 31, 40, 44, 53, 54, 61, 63, 70] - 4339, [1, 2, 9, 11, 20, 37, 39, 50, 53, 60, 64, 66, 67, 68, 70] - 5601, [1, 4, 11, 20, 29, 38, 43, 51, 59, 60, 65, 68, 70] - 5477, [1, 4, 10, 20, 37, 39, 42, 43, 51, 59, 66, 67, 68, 70] - 5922, [1, 2, 4, 10, 11, 20, 32, 39, 53, 60, 64, 67, 69, 70] - 5700, [1, 2, 3, 5, 6, 22, 23, 25, 26, 28, 35, 36, 48, 58, 62, 70] - 4733, [1, 3, 23, 25, 33, 40, 41, 45, 47, 55, 58, 62, 70] - 4438]
melhor indiv??duo da gera????o:[1, 3, 23, 25, 33, 49, 58, 62, 70] - 3619
gera????o: 2: 
[[1, 2, 9, 13, 14, 22, 25, 26, 31, 40, 44, 50, 53, 54, 56, 57, 70] - 5372, [1, 3, 5, 12, 13, 23, 31, 40, 41, 44, 50, 53, 60, 64, 66, 67, 69, 70] - 5824, [1, 3, 13, 40, 41, 47, 55, 57, 70] - 3956, [1, 3, 23, 25, 33, 49, 58, 62, 70] - 3619, [1, 2, 3, 12, 14, 25, 26, 34, 41, 44, 53, 61, 65, 67, 68, 70] - 6547, [1, 3, 13, 22, 24, 26, 34, 41, 45, 56, 61, 65, 68, 70] - 5665, [1, 3, 13, 31, 32, 39, 50, 53, 60, 65, 67, 69, 70] - 5502, [1, 3, 5, 6, 17, 26, 31, 32, 40, 41, 44, 45, 57, 70] - 4964, [1, 3, 9, 13, 31, 40, 44, 53, 61, 63, 70] - 4368, [1, 4, 10, 11, 20, 30, 31, 41, 45, 47, 49, 58, 62, 70] - 4892, [1, 2, 9, 13, 21, 31, 41, 47, 55, 56, 63, 70] - 4435, [1, 2, 9, 13, 40, 44, 55, 58, 62, 70] - 4013, [1, 3, 12, 13, 22, 33, 41, 45, 47, 56, 61, 65, 68, 70] - 5179, [1, 3, 5, 12, 22, 25, 33, 40, 44, 45, 56, 57, 70] - 4439, [1, 4, 11, 21, 23, 33, 49, 58, 62, 70] - 3787, [1, 3, 12, 14, 25, 26, 34, 46, 49, 58, 62, 70] - 3930, [1, 3, 23, 31, 40, 44, 53, 54, 61, 63, 70] - 4339, [1, 4, 11, 20, 29, 38, 43, 51, 59, 60, 65, 68, 70] - 5477, [1, 2, 4, 10, 11, 20, 32, 39, 53, 60, 64, 67, 69, 70] - 5700, [1, 3, 23, 25, 33, 40, 41, 45, 47, 55, 58, 62, 70] - 4438, [1, 4, 11, 21, 23, 25, 26, 31, 41, 46, 47, 55, 56, 57, 70] - 6110, [1, 3, 5, 6, 26, 34, 41, 44, 45, 57, 70] - 4360, [1, 2, 9, 11, 20, 37, 38, 43, 51, 59, 66, 67, 69, 70] - 5495, [1, 2, 9, 11, 20, 39, 44, 53, 54, 56, 57, 70] - 4975, [1, 3, 13, 21, 23, 33, 47, 55, 56, 60, 61, 68, 70] - 5647, [1, 3, 9, 13, 23, 31, 32, 39, 53, 54, 61, 65, 66, 67, 69, 70] - 5995, [1, 4, 11, 20, 29, 37, 39, 56, 57, 70] - 4834, [1, 3, 13, 31, 32, 39, 50, 53, 60, 65, 66, 67, 68, 70] - 5964]
melhor indiv??duo da gera????o:[1, 3, 23, 25, 33, 49, 58, 62, 70] - 3619
gera????o: 3: 
[[1, 3, 5, 12, 13, 23, 31, 40, 41, 44, 50, 53, 60, 64, 66, 67, 69, 70] - 5824, [1, 3, 23, 25, 33, 49, 58, 62, 70] - 3619, [1, 3, 13, 22, 24, 26, 34, 41, 45, 56, 61, 65, 68, 70] - 5665, [1, 3, 5, 6, 17, 26, 31, 32, 40, 41, 44, 45, 57, 70] - 4964, [1, 4, 10, 11, 20, 30, 31, 41, 45, 47, 49, 58, 62, 70] - 4892, [1, 2, 9, 13, 40, 44, 55, 58, 62, 70] - 4013, [1, 3, 5, 12, 22, 25, 33, 40, 44, 45, 56, 57, 70] - 4439, [1, 3, 12, 14, 25, 26, 34, 46, 49, 58, 62, 70] - 3930, [1, 4, 11, 20, 29, 38, 43, 51, 59, 60, 65, 68, 70] - 5477, [1, 3, 23, 25, 33, 40, 41, 45, 47, 55, 58, 62, 70] - 4438, [1, 3, 5, 6, 26, 34, 41, 44, 45, 57, 70] - 4360, [1, 2, 9, 11, 20, 39, 44, 53, 54, 56, 57, 70] - 4975, [1, 3, 9, 13, 23, 31, 32, 39, 53, 54, 61, 65, 66, 67, 69, 70] - 5995, [1, 3, 13, 31, 32, 39, 50, 53, 60, 65, 66, 67, 68, 70] - 5964, [1, 2, 9, 13, 14, 25, 26, 31, 41, 45, 57, 70] - 4685, [1, 2, 9, 13, 23, 33, 46, 47, 56, 60, 64, 65, 66, 67, 69, 70] - 6817, [1, 4, 11, 20, 37, 39, 56, 60, 65, 68, 70] - 5763, [1, 2, 4, 10, 20, 32, 37, 38, 43, 52, 59, 64, 67, 69, 70] - 6367, [1, 2, 4, 11, 20, 29, 38, 43, 51, 59, 60, 65, 67, 68, 70] - 6370, [1, 3, 12, 13, 40, 44, 53, 54, 56, 63, 70] - 4242]
melhor indiv??duo da gera????o:[1, 3, 23, 25, 33, 49, 58, 62, 70] - 3619
gera????o: 4: 
[[1, 3, 23, 25, 33, 49, 58, 62, 70] - 3619, [1, 3, 5, 6, 17, 26, 31, 32, 40, 41, 44, 45, 57, 70] - 4964, [1, 2, 9, 13, 40, 44, 55, 58, 62, 70] - 4013, [1, 3, 12, 14, 25, 26, 34, 46, 49, 58, 62, 70] - 3930, [1, 3, 23, 25, 33, 40, 41, 45, 47, 55, 58, 62, 70] - 4438, [1, 2, 9, 11, 20, 39, 44, 53, 54, 56, 57, 70] - 4975, [1, 3, 13, 31, 32, 39, 50, 53, 60, 65, 66, 67, 68, 70] - 5964, [1, 2, 9, 13, 23, 33, 46, 47, 56, 60, 64, 65, 66, 67, 69, 70] - 6817, [1, 2, 4, 10, 20, 32, 37, 38, 43, 52, 59, 64, 67, 69, 70] - 6367, [1, 3, 12, 13, 40, 44, 53, 54, 56, 63, 70] - 4242, [1, 2, 3, 9, 11, 21, 22, 24, 26, 28, 35, 46, 47, 56, 57, 70] - 5852, [1, 2, 9, 13, 22, 33, 47, 55, 57, 70] - 3507, [1, 2, 9, 13, 31, 33, 40, 41, 47, 55, 56, 57, 70] - 4973, [1, 2, 9, 13, 40, 44, 50, 53, 60, 65, 66, 67, 68, 70] - 5886, [1, 2, 3, 13, 22, 33, 47, 49, 55, 58, 62, 70] - 4226, [1, 4, 10, 11, 21, 22, 24, 26, 28, 34, 41, 45, 56, 57, 70] - 5529, [1, 4, 10, 11, 20, 31, 40, 44, 55, 56, 60, 61, 63, 70] - 6222, [1, 3, 9, 13, 14, 25, 26, 33, 41, 44, 45, 47, 55, 58, 62, 70] - 4965]
melhor indiv??duo da gera????o:[1, 2, 9, 13, 22, 33, 47, 55, 57, 70] - 3507
gera????o: 5: 
[[1, 3, 5, 6, 17, 26, 31, 32, 40, 41, 44, 45, 57, 70] - 4964, [1, 3, 12, 14, 25, 26, 34, 46, 49, 58, 62, 70] - 3930, [1, 2, 9, 11, 20, 39, 44, 53, 54, 56, 57, 70] - 4975, [1, 2, 9, 13, 23, 33, 46, 47, 56, 60, 64, 65, 66, 67, 69, 70] - 6817, [1, 3, 12, 13, 40, 44, 53, 54, 56, 63, 70] - 4242, [1, 2, 9, 13, 22, 33, 47, 55, 57, 70] - 3507, [1, 2, 9, 13, 40, 44, 50, 53, 60, 65, 66, 67, 68, 70] - 5886, [1, 4, 10, 11, 21, 22, 24, 26, 28, 34, 41, 45, 56, 57, 70] - 5529, [1, 3, 9, 13, 14, 25, 26, 33, 41, 44, 45, 47, 55, 58, 62, 70] - 4965, [1, 4, 11, 21, 22, 33, 34, 46, 49, 55, 57, 70] - 4505, [1, 3, 5, 6, 22, 24, 34, 35, 46, 47, 49, 58, 62, 70] - 5026, [1, 4, 10, 20, 39, 44, 54, 56, 57, 70] - 4450, [1, 2, 3, 12, 22, 24, 28, 36, 48, 58, 62, 70] - 4639, [1, 2, 9, 13, 22, 33, 34, 35, 36, 48, 58, 62, 70] - 4569, [1, 2, 4, 10, 20, 30, 31, 40, 41, 47, 56, 60, 65, 68, 70] - 6253, [1, 4, 11, 21, 31, 41, 47, 55, 56, 63, 70] - 4586]
melhor indiv??duo da gera????o:[1, 2, 9, 13, 22, 33, 47, 55, 57, 70] - 3507
gera????o: 6: 
[[1, 3, 12, 14, 25, 26, 34, 46, 49, 58, 62, 70] - 3930, [1, 2, 9, 13, 23, 33, 46, 47, 56, 60, 64, 65, 66, 67, 69, 70] - 6817, [1, 2, 9, 13, 22, 33, 47, 55, 57, 70] - 3507, [1, 4, 10, 11, 21, 22, 24, 26, 28, 34, 41, 45, 56, 57, 70] - 5529, [1, 4, 11, 21, 22, 33, 34, 46, 49, 55, 57, 70] - 4505, [1, 4, 10, 20, 39, 44, 54, 56, 57, 70] - 4450, [1, 2, 9, 13, 22, 33, 34, 35, 36, 48, 58, 62, 70] - 4569, [1, 4, 11, 21, 31, 41, 47, 55, 56, 63, 70] - 4586, [1, 3, 5, 6, 12, 13, 23, 33, 46, 49, 55, 56, 57, 70] - 4824, [1, 3, 5, 6, 12, 14, 17, 24, 28, 34, 35, 46, 47, 56, 61, 65, 68, 70] - 5910, [1, 4, 10, 11, 20, 21, 22, 24, 26, 28, 35, 46, 49, 55, 57, 70] - 5900, [1, 2, 9, 13, 14, 25, 26, 34, 35, 49, 58, 62, 70] - 4250, [1, 4, 10, 11, 20, 32, 39, 44, 56, 63, 70] - 4533, [1, 2, 9, 21, 31, 33, 46, 49, 55, 58, 62, 70] - 4253, [1, 2, 4, 10, 11, 21, 22, 25, 33, 40, 44, 54, 61, 65, 67, 69, 70] - 5759]
melhor indiv??duo da gera????o:[1, 2, 9, 13, 22, 33, 47, 55, 57, 70] - 3507
gera????o: 7: 
[[1, 2, 9, 13, 23, 33, 46, 47, 56, 60, 64, 65, 66, 67, 69, 70] - 6817, [1, 4, 10, 11, 21, 22, 24, 26, 28, 34, 41, 45, 56, 57, 70] - 5529, [1, 4, 10, 20, 39, 44, 54, 56, 57, 70] - 4450, [1, 4, 11, 21, 31, 41, 47, 55, 56, 63, 70] - 4586, [1, 3, 5, 6, 12, 14, 17, 24, 28, 34, 35, 46, 47, 56, 61, 65, 68, 70] - 5910, [1, 2, 9, 13, 14, 25, 26, 34, 35, 49, 58, 62, 70] - 4250, [1, 2, 9, 21, 31, 33, 46, 49, 55, 58, 62, 70] - 4253, [1, 3, 12, 22, 25, 33, 41, 47, 55, 56, 61, 63, 70] - 4525, [1, 4, 10, 20, 37, 39, 50, 53, 61, 65, 67, 69, 70] - 5497, [1, 2, 3, 23, 31, 32, 39, 40, 41, 46, 47, 49, 55, 57, 70] - 5319, [1, 4, 10, 11, 20, 37, 38, 43, 52, 53, 54, 56, 63, 70] - 4988, [1, 4, 11, 20, 37, 42, 52, 60, 61, 65, 66, 67, 68, 70] - 6494, [1, 4, 10, 11, 20, 39, 50, 53, 54, 61, 63, 70] - 4475, [1, 2, 4, 10, 11, 21, 23, 33, 46, 49, 58, 62, 70] - 4213]
melhor indiv??duo da gera????o:[1, 2, 4, 10, 11, 21, 23, 33, 46, 49, 58, 62, 70] - 4213
gera????o: 8: 
[[1, 4, 10, 11, 21, 22, 24, 26, 28, 34, 41, 45, 56, 57, 70] - 5529, [1, 4, 11, 21, 31, 41, 47, 55, 56, 63, 70] - 4586, [1, 2, 9, 13, 14, 25, 26, 34, 35, 49, 58, 62, 70] - 4250, [1, 3, 12, 22, 25, 33, 41, 47, 55, 56, 61, 63, 70] - 4525, [1, 2, 3, 23, 31, 32, 39, 40, 41, 46, 47, 49, 55, 57, 70] - 5319, [1, 4, 11, 20, 37, 42, 52, 60, 61, 65, 66, 67, 68, 70] - 6494, [1, 2, 4, 10, 11, 21, 23, 33, 46, 49, 58, 62, 70] - 4213, [1, 2, 3, 23, 25, 26, 33, 39, 44, 56, 61, 63, 70] - 5192, [1, 3, 12, 14, 22, 24, 27, 35, 46, 49, 55, 57, 70] - 5048, [1, 2, 9, 11, 20, 39, 50, 53, 60, 64, 65, 66, 67, 68, 70] - 6338, [1, 4, 11, 20, 39, 56, 63, 70] - 4426, [1, 2, 3, 13, 23, 25, 26, 33, 49, 55, 56, 57, 70] - 4886, [1, 3, 9, 11, 21, 22, 33, 49, 55, 56, 60, 61, 63, 70] - 5538]
melhor indiv??duo da gera????o:[1, 2, 4, 10, 11, 21, 23, 33, 46, 49, 58, 62, 70] - 4213
gera????o: 9: 
[[1, 4, 11, 21, 31, 41, 47, 55, 56, 63, 70] - 4586, [1, 3, 12, 22, 25, 33, 41, 47, 55, 56, 61, 63, 70] - 4525, [1, 4, 11, 20, 37, 42, 52, 60, 61, 65, 66, 67, 68, 70] - 6494, [1, 2, 3, 23, 25, 26, 33, 39, 44, 56, 61, 63, 70] - 5192, [1, 2, 9, 11, 20, 39, 50, 53, 60, 64, 65, 66, 67, 68, 70] - 6338, [1, 2, 3, 13, 23, 25, 26, 33, 49, 55, 56, 57, 70] - 4886, [1, 2, 9, 13, 40, 44, 56, 61, 63, 70] - 3870, [1, 4, 11, 21, 23, 33, 34, 46, 47, 49, 55, 57, 70] - 4637, [1, 4, 10, 11, 21, 23, 31, 32, 37, 38, 43, 51, 59, 60, 64, 65, 66, 67, 69, 70] - 6750, [1, 3, 5, 12, 22, 25, 26, 34, 41, 47, 56, 60, 64, 66, 67, 69, 70] - 6503, [1, 4, 10, 20, 31, 33, 34, 41, 44, 53, 54, 61, 63, 70] - 5564, [1, 2, 3, 5, 12, 13, 40, 41, 46, 47, 56, 60, 64, 67, 69, 70] - 6636]
melhor indiv??duo da gera????o:[1, 2, 9, 13, 40, 44, 56, 61, 63, 70] - 3870
gera????o: 10: 
[[1, 3, 12, 22, 25, 33, 41, 47, 55, 56, 61, 63, 70] - 4525, [1, 2, 3, 23, 25, 26, 33, 39, 44, 56, 61, 63, 70] - 5192, [1, 2, 3, 13, 23, 25, 26, 33, 49, 55, 56, 57, 70] - 4886, [1, 4, 11, 21, 23, 33, 34, 46, 47, 49, 55, 57, 70] - 4637, [1, 3, 5, 12, 22, 25, 26, 34, 41, 47, 56, 60, 64, 66, 67, 69, 70] - 6503, [1, 2, 3, 5, 12, 13, 40, 41, 46, 47, 56, 60, 64, 67, 69, 70] - 6636, [1, 4, 11, 21, 23, 33, 39, 42, 51, 59, 66, 67, 68, 70] - 6566, [1, 4, 10, 20, 29, 37, 38, 43, 52, 53, 54, 56, 60, 64, 66, 67, 68, 70] - 6986, [1, 3, 13, 23, 33, 40, 41, 47, 55, 56, 61, 63, 70] - 4907, [1, 4, 11, 21, 31, 33, 40, 41, 47, 56, 61, 65, 68, 70] - 5801, [1, 4, 11, 21, 22, 33, 47, 49, 55, 56, 60, 64, 65, 66, 67, 68, 70] - 7446]
melhor indiv??duo da gera????o:[1, 3, 12, 22, 25, 33, 41, 47, 55, 56, 61, 63, 70] - 4525
melhor valor ?? da gera????o 5!!!!
______________________________________________________________________________________________________________________________
