gera????o: 1: 
[[1, 3, 23, 33, 49, 55, 58, 62, 70] - 3683, [1, 2, 9, 13, 31, 40, 44, 54, 61, 63, 70] - 3744, [1, 3, 9, 11, 21, 31, 41, 45, 57, 70] - 3887, [1, 3, 12, 22, 23, 33, 40, 44, 45, 57, 70] - 4088, [1, 2, 3, 23, 25, 33, 47, 49, 55, 57, 70] - 4096, [1, 3, 5, 6, 7, 14, 25, 26, 34, 35, 49, 58, 62, 70] - 4130, [1, 3, 23, 31, 41, 45, 47, 55, 58, 62, 70] - 4138, [1, 3, 5, 12, 13, 21, 31, 40, 44, 54, 56, 57, 70] - 4185, [1, 4, 11, 21, 23, 33, 46, 49, 58, 62, 70] - 4214, [1, 4, 10, 20, 39, 44, 54, 61, 63, 70] - 4229, [1, 3, 5, 12, 14, 22, 33, 46, 47, 55, 58, 62, 70] - 4238, [1, 4, 11, 21, 23, 25, 33, 46, 47, 55, 57, 70] - 4348, [1, 3, 23, 33, 47, 56, 61, 68, 70] - 4375, [1, 3, 23, 31, 32, 39, 56, 57, 70] - 4377, [1, 2, 3, 12, 13, 22, 33, 41, 44, 55, 58, 62, 70] - 4480, [1, 3, 12, 22, 23, 31, 33, 46, 47, 49, 58, 62, 70] - 4488, [1, 2, 3, 9, 21, 23, 25, 26, 34, 35, 49, 55, 57, 70] - 4535, [1, 4, 11, 21, 22, 25, 26, 34, 46, 47, 55, 56, 63, 70] - 4660, [1, 3, 13, 22, 25, 26, 28, 36, 48, 49, 55, 58, 62, 70] - 4722, [1, 3, 5, 12, 14, 26, 31, 41, 45, 56, 57, 70] - 4784, [1, 3, 13, 14, 22, 33, 34, 41, 45, 56, 57, 70] - 4959, [1, 4, 11, 21, 22, 23, 33, 40, 41, 45, 47, 56, 63, 70] - 4996, [1, 4, 10, 20, 31, 40, 41, 46, 49, 55, 58, 62, 70] - 5022, [1, 2, 3, 5, 12, 14, 24, 27, 28, 36, 49, 55, 57, 70] - 5211, [1, 4, 11, 20, 31, 33, 34, 35, 46, 47, 55, 57, 70] - 5246, [1, 3, 12, 14, 22, 24, 36, 48, 49, 55, 56, 63, 70] - 5336, [1, 4, 10, 20, 32, 40, 44, 53, 60, 64, 67, 69, 70] - 5573, [1, 3, 13, 22, 33, 39, 53, 60, 61, 65, 68, 70] - 5765, [1, 4, 10, 11, 20, 32, 37, 39, 44, 53, 60, 65, 68, 70] - 5989, [1, 4, 11, 21, 31, 32, 37, 38, 43, 51, 59, 66, 67, 68, 70] - 6047, [1, 2, 4, 11, 20, 21, 23, 31, 33, 40, 44, 53, 61, 68, 70] - 6186, [1, 4, 10, 11, 21, 22, 24, 26, 33, 46, 49, 55, 56, 61, 68, 70] - 6190, [1, 4, 10, 20, 29, 38, 43, 52, 59, 64, 67, 68, 70] - 6192, [1, 4, 11, 20, 29, 38, 43, 52, 59, 64, 67, 69, 70] - 6332, [1, 4, 10, 11, 20, 29, 37, 38, 43, 52, 59, 64, 66, 67, 69, 70] - 6443, [1, 3, 13, 23, 31, 33, 39, 42, 52, 59, 60, 64, 66, 67, 69, 70] - 6530, [1, 4, 11, 20, 29, 38, 43, 52, 59, 66, 67, 68, 70] - 6558, [1, 4, 11, 21, 31, 41, 47, 49, 55, 56, 60, 64, 67, 69, 70] - 6677, [1, 4, 10, 20, 37, 38, 43, 52, 59, 60, 64, 65, 66, 67, 68, 70] - 6838, [1, 2, 3, 12, 14, 25, 26, 33, 41, 46, 49, 55, 56, 60, 64, 65, 66, 67, 68, 70] - 8055]
melhor indiv??duo da gera????o:[1, 3, 23, 33, 49, 55, 58, 62, 70] - 3683
gera????o: 2: 
[[1, 2, 9, 13, 31, 40, 44, 54, 61, 63, 70] - 3744, [1, 2, 3, 9, 13, 40, 44, 56, 63, 70] - 3947, [1, 3, 13, 14, 22, 23, 25, 33, 49, 58, 62, 70] - 4053, [1, 2, 3, 23, 25, 33, 47, 49, 55, 57, 70] - 4096, [1, 3, 5, 6, 7, 14, 25, 26, 34, 35, 49, 58, 62, 70] - 4130, [1, 3, 5, 12, 13, 21, 31, 40, 44, 54, 56, 57, 70] - 4185, [1, 4, 10, 20, 39, 44, 54, 61, 63, 70] - 4229, [1, 4, 11, 21, 23, 25, 33, 46, 47, 55, 57, 70] - 4348, [1, 3, 23, 31, 32, 39, 56, 57, 70] - 4377, [1, 2, 3, 12, 13, 22, 33, 41, 44, 55, 58, 62, 70] - 4480, [1, 2, 3, 9, 21, 23, 25, 26, 34, 35, 49, 55, 57, 70] - 4535, [1, 4, 11, 21, 22, 25, 26, 34, 46, 47, 55, 56, 63, 70] - 4660, [1, 3, 12, 13, 31, 40, 41, 46, 47, 56, 63, 70] - 4764, [1, 3, 9, 13, 31, 33, 39, 50, 53, 61, 63, 70] - 4818, [1, 3, 12, 14, 17, 24, 27, 28, 36, 49, 58, 62, 70] - 4932, [1, 3, 13, 14, 22, 33, 34, 41, 45, 56, 57, 70] - 4959, [1, 3, 13, 40, 41, 45, 47, 49, 55, 56, 57, 70] - 5017, [1, 2, 3, 5, 12, 14, 24, 27, 28, 36, 49, 55, 57, 70] - 5211, [1, 4, 11, 20, 31, 41, 47, 56, 61, 63, 70] - 5258, [1, 3, 12, 14, 22, 24, 36, 48, 49, 55, 56, 63, 70] - 5336, [1, 2, 4, 10, 11, 21, 31, 33, 39, 53, 60, 61, 68, 70] - 5706, [1, 4, 10, 11, 20, 32, 37, 39, 44, 53, 60, 65, 68, 70] - 5989, [1, 4, 11, 21, 31, 32, 37, 38, 43, 51, 59, 66, 67, 68, 70] - 6047, [1, 4, 10, 11, 21, 22, 24, 26, 33, 46, 49, 55, 56, 61, 68, 70] - 6190, [1, 4, 11, 20, 29, 38, 43, 52, 59, 64, 67, 69, 70] - 6332, [1, 3, 13, 23, 31, 33, 39, 42, 52, 59, 60, 64, 66, 67, 69, 70] - 6530, [1, 4, 11, 21, 31, 41, 47, 49, 55, 56, 60, 64, 67, 69, 70] - 6677, [1, 2, 3, 12, 14, 25, 26, 33, 41, 46, 49, 55, 56, 60, 64, 65, 66, 67, 68, 70] - 8055]
melhor indiv??duo da gera????o:[1, 2, 9, 13, 31, 40, 44, 54, 61, 63, 70] - 3744
gera????o: 3: 
[[1, 2, 3, 9, 13, 40, 44, 56, 63, 70] - 3947, [1, 2, 3, 23, 25, 33, 47, 49, 55, 57, 70] - 4096, [1, 3, 5, 12, 13, 21, 31, 40, 44, 54, 56, 57, 70] - 4185, [1, 2, 9, 13, 22, 25, 26, 34, 46, 47, 49, 55, 58, 62, 70] - 4334, [1, 3, 23, 31, 32, 39, 56, 57, 70] - 4377, [1, 2, 3, 9, 21, 23, 25, 26, 34, 35, 49, 55, 57, 70] - 4535, [1, 2, 9, 13, 31, 33, 39, 56, 61, 63, 70] - 4724, [1, 3, 9, 13, 31, 33, 39, 50, 53, 61, 63, 70] - 4818, [1, 3, 12, 14, 17, 24, 27, 28, 36, 49, 58, 62, 70] - 4932, [1, 3, 13, 40, 41, 45, 47, 49, 55, 56, 57, 70] - 5017, [1, 2, 3, 5, 12, 14, 24, 27, 28, 36, 49, 55, 57, 70] - 5211, [1, 4, 11, 20, 31, 41, 47, 56, 61, 63, 70] - 5258, [1, 4, 11, 20, 31, 40, 41, 46, 49, 55, 58, 62, 70] - 5344, [1, 4, 10, 11, 20, 39, 56, 60, 61, 63, 70] - 5515, [1, 4, 10, 11, 20, 39, 50, 53, 54, 56, 61, 65, 67, 69, 70] - 5953, [1, 2, 9, 13, 31, 32, 37, 42, 51, 59, 60, 65, 67, 68, 70] - 5992, [1, 4, 10, 11, 20, 32, 39, 56, 61, 65, 67, 68, 70] - 6164, [1, 3, 23, 31, 32, 37, 42, 51, 59, 60, 65, 66, 67, 69, 70] - 6239, [1, 3, 13, 23, 31, 33, 39, 42, 52, 59, 60, 64, 66, 67, 69, 70] - 6530, [1, 2, 3, 12, 14, 25, 26, 33, 41, 46, 49, 55, 56, 60, 64, 65, 66, 67, 68, 70] - 8055]
melhor indiv??duo da gera????o:[1, 2, 3, 9, 13, 40, 44, 56, 63, 70] - 3947
gera????o: 4: 
[[1, 2, 3, 23, 25, 33, 47, 49, 55, 57, 70] - 4096, [1, 3, 5, 12, 13, 21, 31, 40, 44, 54, 56, 57, 70] - 4185, [1, 2, 9, 21, 31, 40, 41, 47, 56, 63, 70] - 4296, [1, 2, 3, 9, 13, 40, 41, 44, 45, 57, 70] - 4340, [1, 2, 3, 9, 21, 23, 25, 26, 34, 35, 49, 55, 57, 70] - 4535, [1, 3, 9, 13, 31, 33, 39, 50, 53, 61, 63, 70] - 4818, [1, 2, 4, 11, 21, 23, 25, 33, 41, 47, 49, 55, 58, 62, 70] - 4862, [1, 3, 9, 21, 23, 31, 33, 40, 41, 47, 49, 58, 62, 70] - 4938, [1, 2, 9, 13, 14, 17, 26, 33, 41, 46, 47, 55, 58, 62, 70] - 5196, [1, 4, 11, 20, 31, 41, 47, 56, 61, 63, 70] - 5258, [1, 4, 11, 20, 31, 40, 41, 46, 49, 55, 58, 62, 70] - 5344, [1, 2, 4, 10, 20, 39, 50, 53, 61, 65, 67, 69, 70] - 5615, [1, 4, 11, 20, 21, 31, 41, 44, 53, 61, 68, 70] - 5767, [1, 4, 10, 11, 20, 39, 50, 53, 54, 56, 61, 65, 67, 69, 70] - 5953, [1, 3, 9, 11, 20, 31, 32, 37, 38, 43, 52, 60, 61, 68, 70] - 6101, [1, 3, 23, 31, 32, 37, 42, 51, 59, 60, 65, 66, 67, 69, 70] - 6239, [1, 3, 5, 12, 13, 14, 26, 34, 46, 47, 56, 60, 64, 66, 67, 69, 70] - 6285, [1, 2, 9, 13, 31, 32, 37, 38, 43, 51, 59, 64, 65, 66, 67, 68, 70] - 6559]
melhor indiv??duo da gera????o:[1, 2, 3, 23, 25, 33, 47, 49, 55, 57, 70] - 4096
gera????o: 5: 
[[1, 4, 10, 20, 39, 56, 63, 70] - 4104, [1, 2, 9, 21, 31, 40, 41, 47, 56, 63, 70] - 4296, [1, 2, 3, 9, 13, 40, 41, 44, 45, 57, 70] - 4340, [1, 3, 12, 22, 24, 34, 35, 49, 55, 57, 70] - 4590, [1, 3, 9, 13, 31, 33, 39, 50, 53, 61, 63, 70] - 4818, [1, 2, 4, 11, 21, 23, 25, 33, 41, 47, 49, 55, 58, 62, 70] - 4862, [1, 3, 9, 21, 23, 31, 33, 40, 41, 47, 49, 58, 62, 70] - 4938, [1, 2, 9, 21, 22, 24, 26, 33, 34, 46, 49, 58, 62, 70] - 4993, [1, 3, 12, 14, 22, 24, 27, 35, 36, 49, 55, 57, 70] - 5157, [1, 4, 11, 21, 23, 31, 32, 40, 44, 53, 60, 61, 63, 70] - 5247, [1, 4, 11, 20, 31, 40, 41, 46, 49, 55, 58, 62, 70] - 5344, [1, 4, 11, 20, 21, 31, 41, 44, 53, 61, 68, 70] - 5767, [1, 4, 10, 11, 20, 39, 50, 53, 54, 56, 61, 65, 67, 69, 70] - 5953, [1, 4, 10, 20, 21, 31, 40, 44, 53, 60, 64, 66, 67, 68, 70] - 6162, [1, 3, 5, 12, 13, 14, 26, 34, 46, 47, 56, 60, 64, 66, 67, 69, 70] - 6285, [1, 2, 9, 13, 31, 32, 37, 38, 43, 51, 59, 64, 65, 66, 67, 68, 70] - 6559]
melhor indiv??duo da gera????o:[1, 4, 10, 20, 39, 56, 63, 70] - 4104
gera????o: 6: 
[[1, 3, 12, 14, 25, 33, 47, 49, 58, 62, 70] - 3898, [1, 3, 13, 14, 25, 26, 34, 46, 49, 58, 62, 70] - 4141, [1, 3, 9, 11, 21, 22, 25, 33, 46, 47, 55, 57, 70] - 4247, [1, 2, 3, 9, 13, 40, 41, 44, 45, 57, 70] - 4340, [1, 3, 12, 22, 24, 34, 35, 49, 55, 57, 70] - 4590, [1, 3, 9, 13, 21, 23, 31, 40, 41, 47, 56, 63, 70] - 4768, [1, 3, 12, 13, 23, 31, 40, 41, 46, 47, 49, 58, 62, 70] - 4827, [1, 2, 4, 11, 21, 23, 25, 33, 41, 47, 49, 55, 58, 62, 70] - 4862, [1, 3, 5, 12, 22, 33, 40, 44, 53, 61, 68, 70] - 4886, [1, 2, 9, 21, 22, 24, 26, 33, 34, 46, 49, 58, 62, 70] - 4993, [1, 4, 11, 21, 23, 31, 32, 40, 44, 53, 60, 61, 63, 70] - 5247, [1, 3, 12, 22, 24, 34, 41, 47, 55, 56, 57, 70] - 5432, [1, 2, 4, 10, 20, 30, 31, 33, 41, 47, 49, 55, 56, 61, 68, 70] - 5884, [1, 4, 10, 20, 21, 31, 40, 44, 53, 60, 64, 66, 67, 68, 70] - 6162, [1, 2, 9, 13, 31, 32, 37, 38, 43, 51, 59, 64, 65, 66, 67, 68, 70] - 6559]
melhor indiv??duo da gera????o:[1, 3, 12, 14, 25, 33, 47, 49, 58, 62, 70] - 3898
gera????o: 7: 
[[1, 3, 13, 14, 25, 26, 34, 46, 49, 58, 62, 70] - 4141, [1, 3, 9, 11, 21, 22, 25, 33, 46, 47, 55, 57, 70] - 4247, [1, 2, 3, 9, 13, 40, 41, 44, 45, 57, 70] - 4340, [1, 3, 12, 22, 24, 34, 35, 49, 55, 57, 70] - 4590, [1, 3, 9, 13, 21, 23, 31, 40, 41, 47, 56, 63, 70] - 4768, [1, 2, 4, 11, 21, 23, 25, 33, 41, 47, 49, 55, 58, 62, 70] - 4862, [1, 2, 4, 11, 21, 31, 41, 46, 47, 49, 58, 62, 70] - 4895, [1, 4, 10, 20, 39, 50, 53, 60, 61, 68, 70] - 5039, [1, 4, 10, 11, 21, 22, 25, 26, 31, 32, 39, 50, 53, 54, 56, 61, 63, 70] - 5372, [1, 2, 9, 21, 23, 31, 32, 37, 38, 43, 52, 53, 61, 68, 70] - 5523, [1, 2, 4, 10, 20, 30, 31, 33, 41, 47, 49, 55, 56, 61, 68, 70] - 5884, [1, 2, 9, 11, 20, 32, 37, 42, 51, 59, 66, 67, 68, 70] - 6103, [1, 2, 4, 10, 11, 21, 31, 32, 40, 41, 44, 53, 54, 56, 60, 64, 67, 69, 70] - 6557, [1, 3, 5, 12, 22, 23, 25, 26, 31, 32, 37, 42, 52, 59, 60, 65, 67, 69, 70] - 6765]
melhor indiv??duo da gera????o:[1, 3, 13, 14, 25, 26, 34, 46, 49, 58, 62, 70] - 4141
gera????o: 8: 
[[1, 4, 10, 11, 21, 23, 33, 49, 58, 62, 70] - 3709, [1, 4, 11, 21, 23, 25, 33, 49, 55, 58, 62, 70] - 4175, [1, 2, 3, 9, 13, 40, 41, 44, 45, 57, 70] - 4340, [1, 3, 12, 22, 24, 34, 35, 49, 55, 57, 70] - 4590, [1, 2, 9, 11, 21, 23, 25, 33, 46, 47, 55, 56, 57, 70] - 4803, [1, 2, 4, 11, 21, 31, 41, 46, 47, 49, 58, 62, 70] - 4895, [1, 4, 10, 20, 39, 50, 53, 60, 61, 68, 70] - 5039, [1, 4, 10, 11, 21, 22, 25, 26, 31, 32, 39, 50, 53, 54, 56, 61, 63, 70] - 5372, [1, 2, 3, 12, 13, 31, 41, 46, 49, 55, 56, 61, 68, 70] - 5591, [1, 2, 4, 10, 20, 30, 31, 33, 41, 47, 49, 55, 56, 61, 68, 70] - 5884, [1, 2, 9, 11, 20, 32, 37, 42, 51, 59, 66, 67, 68, 70] - 6103, [1, 3, 5, 12, 22, 23, 25, 26, 31, 32, 37, 42, 52, 59, 60, 65, 67, 69, 70] - 6765, [1, 2, 9, 21, 31, 41, 47, 49, 55, 56, 60, 64, 65, 66, 67, 69, 70] - 7244]
melhor indiv??duo da gera????o:[1, 4, 10, 11, 21, 23, 33, 49, 58, 62, 70] - 3709
gera????o: 9: 
[[1, 2, 4, 11, 21, 31, 33, 49, 58, 62, 70] - 3936, [1, 3, 13, 14, 25, 26, 34, 46, 47, 55, 57, 70] - 4113, [1, 4, 10, 11, 21, 22, 25, 33, 46, 49, 58, 62, 70] - 4285, [1, 3, 12, 22, 24, 34, 35, 49, 55, 57, 70] - 4590, [1, 2, 4, 10, 20, 21, 31, 33, 47, 49, 55, 57, 70] - 4650, [1, 2, 4, 11, 21, 31, 41, 46, 47, 49, 58, 62, 70] - 4895, [1, 4, 11, 21, 22, 23, 25, 26, 31, 40, 44, 54, 61, 63, 70] - 5033, [1, 4, 10, 11, 21, 22, 25, 26, 31, 32, 39, 50, 53, 54, 56, 61, 63, 70] - 5372, [1, 2, 4, 10, 20, 30, 31, 33, 41, 47, 49, 55, 56, 61, 68, 70] - 5884, [1, 2, 9, 11, 20, 32, 37, 42, 51, 59, 66, 67, 68, 70] - 6103, [1, 4, 11, 20, 39, 50, 53, 60, 65, 66, 67, 68, 70] - 6328, [1, 3, 5, 12, 22, 23, 25, 26, 31, 32, 37, 42, 52, 59, 60, 65, 67, 69, 70] - 6765]
melhor indiv??duo da gera????o:[1, 2, 4, 11, 21, 31, 33, 49, 58, 62, 70] - 3936
gera????o: 10: 
[[1, 3, 13, 14, 25, 26, 34, 46, 47, 55, 57, 70] - 4113, [1, 3, 12, 22, 24, 34, 35, 49, 55, 57, 70] - 4590, [1, 2, 4, 10, 20, 21, 31, 33, 47, 49, 55, 57, 70] - 4650, [1, 2, 3, 13, 31, 33, 46, 47, 49, 55, 58, 62, 70] - 4707, [1, 2, 4, 11, 21, 23, 25, 33, 41, 46, 49, 58, 62, 70] - 4780, [1, 4, 11, 21, 22, 25, 26, 34, 41, 47, 49, 58, 62, 70] - 4925, [1, 2, 3, 5, 6, 12, 14, 17, 24, 27, 35, 36, 49, 58, 62, 70] - 5063, [1, 4, 10, 11, 21, 22, 25, 26, 31, 32, 39, 50, 53, 54, 56, 61, 63, 70] - 5372, [1, 2, 4, 10, 20, 30, 31, 33, 41, 47, 49, 55, 56, 61, 68, 70] - 5884, [1, 4, 11, 20, 37, 42, 52, 59, 64, 65, 67, 69, 70] - 6278, [1, 3, 5, 12, 22, 23, 25, 26, 31, 32, 37, 42, 52, 59, 60, 65, 67, 69, 70] - 6765]
melhor indiv??duo da gera????o:[1, 3, 13, 14, 25, 26, 34, 46, 47, 55, 57, 70] - 4113
melhor valor ?? da gera????o 5!!!!
______________________________________________________________________________________________________________________________
