gera????o: 1: 
[[1, 2, 9, 11, 21, 22, 24, 26, 28, 35, 49, 58, 62, 70] - 4757, [1, 3, 23, 33, 39, 53, 60, 65, 66, 67, 69, 70] - 6090, [1, 2, 9, 11, 20, 21, 23, 33, 49, 58, 62, 70] - 4236, [1, 4, 10, 20, 32, 39, 50, 53, 61, 63, 70] - 4393, [1, 4, 10, 20, 29, 38, 43, 51, 59, 66, 67, 69, 70] - 5568, [1, 3, 5, 6, 12, 14, 26, 34, 35, 46, 49, 58, 62, 70] - 4274, [1, 4, 11, 20, 39, 42, 50, 53, 54, 61, 63, 70] - 5015, [1, 3, 23, 31, 32, 37, 42, 52, 60, 65, 67, 68, 70] - 5781, [1, 4, 11, 20, 31, 33, 41, 47, 49, 55, 57, 70] - 5079, [1, 2, 4, 10, 11, 20, 39, 53, 61, 68, 70] - 4904, [1, 2, 3, 13, 31, 32, 37, 39, 56, 57, 70] - 4685, [1, 2, 4, 11, 21, 31, 40, 44, 45, 56, 63, 70] - 4194, [1, 2, 9, 21, 31, 41, 47, 49, 55, 56, 63, 70] - 4699, [1, 4, 11, 21, 22, 33, 49, 55, 58, 62, 70] - 4141, [1, 4, 11, 20, 39, 50, 53, 54, 56, 57, 70] - 4774, [1, 3, 9, 21, 22, 23, 31, 33, 34, 35, 36, 49, 58, 62, 70] - 5099, [1, 2, 9, 21, 23, 31, 41, 44, 45, 57, 70] - 4244, [1, 4, 11, 20, 32, 40, 44, 54, 61, 68, 70] - 4769, [1, 4, 11, 20, 39, 53, 54, 61, 65, 68, 70] - 5192, [1, 4, 10, 20, 29, 37, 38, 43, 51, 59, 60, 61, 68, 70] - 5343, [1, 3, 23, 25, 33, 34, 41, 46, 49, 55, 58, 62, 70] - 5192, [1, 3, 12, 22, 23, 25, 26, 34, 35, 36, 48, 58, 62, 70] - 4502, [1, 2, 3, 5, 12, 13, 31, 40, 41, 45, 56, 57, 70] - 4286, [1, 4, 10, 11, 21, 31, 32, 39, 50, 53, 60, 61, 65, 66, 67, 69, 70] - 6341, [1, 2, 3, 5, 6, 26, 31, 32, 39, 53, 54, 56, 60, 65, 68, 70] - 6294, [1, 3, 9, 21, 31, 40, 41, 44, 56, 60, 64, 66, 67, 68, 70] - 6148, [1, 4, 11, 20, 29, 38, 43, 51, 59, 66, 67, 68, 70] - 6072, [1, 2, 9, 11, 21, 22, 25, 26, 33, 41, 46, 49, 55, 57, 70] - 4790, [1, 4, 11, 20, 30, 32, 39, 53, 61, 65, 68, 70] - 5424, [1, 2, 3, 13, 23, 25, 33, 40, 44, 56, 61, 65, 66, 67, 69, 70] - 6081, [1, 4, 10, 20, 37, 39, 42, 43, 52, 59, 60, 61, 63, 70] - 5602, [1, 4, 11, 20, 21, 22, 24, 28, 34, 46, 47, 55, 58, 62, 70] - 5492, [1, 2, 3, 9, 13, 14, 26, 28, 35, 49, 58, 62, 70] - 4477, [1, 3, 5, 12, 14, 24, 36, 48, 49, 58, 62, 70] - 4649, [1, 4, 10, 11, 20, 32, 40, 44, 45, 57, 70] - 4379, [1, 4, 11, 21, 31, 32, 40, 44, 45, 56, 61, 68, 70] - 4778, [1, 2, 3, 5, 6, 8, 15, 17, 24, 34, 35, 36, 49, 55, 57, 70] - 4957, [1, 4, 11, 20, 30, 32, 40, 44, 50, 53, 60, 61, 65, 66, 67, 69, 70] - 6904, [1, 3, 23, 31, 41, 47, 49, 58, 62, 70] - 4293, [1, 4, 11, 20, 21, 22, 24, 27, 35, 46, 47, 49, 58, 62, 70] - 6160]
melhor indiv??duo da gera????o:[1, 4, 11, 21, 22, 33, 49, 55, 58, 62, 70] - 4141
gera????o: 2: 
[[1, 3, 23, 33, 39, 53, 60, 65, 66, 67, 69, 70] - 6090, [1, 4, 10, 20, 32, 39, 50, 53, 61, 63, 70] - 4393, [1, 3, 5, 6, 12, 14, 26, 34, 35, 46, 49, 58, 62, 70] - 4274, [1, 3, 23, 31, 32, 37, 42, 52, 60, 65, 67, 68, 70] - 5781, [1, 2, 4, 10, 11, 20, 39, 53, 61, 68, 70] - 4904, [1, 2, 4, 11, 21, 31, 40, 44, 45, 56, 63, 70] - 4194, [1, 4, 11, 21, 22, 33, 49, 55, 58, 62, 70] - 4141, [1, 3, 9, 21, 22, 23, 31, 33, 34, 35, 36, 49, 58, 62, 70] - 5099, [1, 4, 11, 20, 32, 40, 44, 54, 61, 68, 70] - 4769, [1, 4, 10, 20, 29, 37, 38, 43, 51, 59, 60, 61, 68, 70] - 5343, [1, 3, 12, 22, 23, 25, 26, 34, 35, 36, 48, 58, 62, 70] - 4502, [1, 4, 10, 11, 21, 31, 32, 39, 50, 53, 60, 61, 65, 66, 67, 69, 70] - 6341, [1, 3, 9, 21, 31, 40, 41, 44, 56, 60, 64, 66, 67, 68, 70] - 6148, [1, 2, 9, 11, 21, 22, 25, 26, 33, 41, 46, 49, 55, 57, 70] - 4790, [1, 2, 3, 13, 23, 25, 33, 40, 44, 56, 61, 65, 66, 67, 69, 70] - 6081, [1, 4, 11, 20, 21, 22, 24, 28, 34, 46, 47, 55, 58, 62, 70] - 5492, [1, 3, 5, 12, 14, 24, 36, 48, 49, 58, 62, 70] - 4649, [1, 4, 11, 21, 31, 32, 40, 44, 45, 56, 61, 68, 70] - 4778, [1, 4, 11, 20, 30, 32, 40, 44, 50, 53, 60, 61, 65, 66, 67, 69, 70] - 6904, [1, 4, 11, 20, 21, 22, 24, 27, 35, 46, 47, 49, 58, 62, 70] - 6160, [1, 4, 11, 20, 21, 22, 24, 27, 35, 46, 47, 49, 58, 62, 70] - 6160, [1, 4, 10, 20, 29, 37, 38, 43, 51, 59, 60, 61, 68, 70] - 5343, [1, 2, 3, 5, 6, 26, 31, 32, 39, 53, 54, 56, 60, 65, 68, 70] - 6294, [1, 3, 9, 21, 22, 23, 31, 33, 34, 35, 36, 49, 58, 62, 70] - 5099, [1, 4, 11, 20, 32, 40, 44, 54, 61, 68, 70] - 4769, [1, 4, 11, 20, 30, 32, 39, 53, 61, 65, 68, 70] - 5424, [1, 2, 9, 11, 20, 21, 23, 33, 49, 58, 62, 70] - 4236, [1, 4, 11, 20, 30, 32, 39, 53, 61, 65, 68, 70] - 5424]
melhor indiv??duo da gera????o:[1, 4, 11, 21, 22, 33, 49, 55, 58, 62, 70] - 4141
gera????o: 3: 
[[1, 4, 10, 20, 32, 39, 50, 53, 61, 63, 70] - 4393, [1, 3, 23, 31, 32, 37, 42, 52, 60, 65, 67, 68, 70] - 5781, [1, 2, 4, 11, 21, 31, 40, 44, 45, 56, 63, 70] - 4194, [1, 3, 9, 21, 22, 23, 31, 33, 34, 35, 36, 49, 58, 62, 70] - 5099, [1, 4, 10, 20, 29, 37, 38, 43, 51, 59, 60, 61, 68, 70] - 5343, [1, 4, 10, 11, 21, 31, 32, 39, 50, 53, 60, 61, 65, 66, 67, 69, 70] - 6341, [1, 2, 9, 11, 21, 22, 25, 26, 33, 41, 46, 49, 55, 57, 70] - 4790, [1, 4, 11, 20, 21, 22, 24, 28, 34, 46, 47, 55, 58, 62, 70] - 5492, [1, 4, 11, 21, 31, 32, 40, 44, 45, 56, 61, 68, 70] - 4778, [1, 4, 11, 20, 21, 22, 24, 27, 35, 46, 47, 49, 58, 62, 70] - 6160, [1, 4, 10, 20, 29, 37, 38, 43, 51, 59, 60, 61, 68, 70] - 5343, [1, 3, 9, 21, 22, 23, 31, 33, 34, 35, 36, 49, 58, 62, 70] - 5099, [1, 4, 11, 20, 30, 32, 39, 53, 61, 65, 68, 70] - 5424, [1, 4, 11, 20, 30, 32, 39, 53, 61, 65, 68, 70] - 5424, [1, 3, 9, 21, 22, 23, 31, 33, 34, 35, 36, 49, 58, 62, 70] - 5099, [1, 3, 23, 31, 32, 37, 42, 52, 60, 65, 67, 68, 70] - 5781, [1, 4, 10, 20, 29, 37, 38, 43, 51, 59, 60, 61, 68, 70] - 5343, [1, 4, 11, 20, 21, 22, 24, 27, 35, 46, 47, 49, 58, 62, 70] - 6160, [1, 3, 23, 33, 39, 53, 60, 65, 66, 67, 69, 70] - 6090, [1, 3, 12, 22, 23, 25, 26, 34, 35, 36, 48, 58, 62, 70] - 4502]
melhor indiv??duo da gera????o:[1, 2, 4, 11, 21, 31, 40, 44, 45, 56, 63, 70] - 4194
gera????o: 4: 
[[1, 3, 23, 31, 32, 37, 42, 52, 60, 65, 67, 68, 70] - 5781, [1, 3, 9, 21, 22, 23, 31, 33, 34, 35, 36, 49, 58, 62, 70] - 5099, [1, 4, 10, 11, 21, 31, 32, 39, 50, 53, 60, 61, 65, 66, 67, 69, 70] - 6341, [1, 4, 11, 20, 21, 22, 24, 28, 34, 46, 47, 55, 58, 62, 70] - 5492, [1, 4, 11, 20, 21, 22, 24, 27, 35, 46, 47, 49, 58, 62, 70] - 6160, [1, 3, 9, 21, 22, 23, 31, 33, 34, 35, 36, 49, 58, 62, 70] - 5099, [1, 4, 11, 20, 30, 32, 39, 53, 61, 65, 68, 70] - 5424, [1, 3, 23, 31, 32, 37, 42, 52, 60, 65, 67, 68, 70] - 5781, [1, 4, 11, 20, 21, 22, 24, 27, 35, 46, 47, 49, 58, 62, 70] - 6160, [1, 3, 12, 22, 23, 25, 26, 34, 35, 36, 48, 58, 62, 70] - 4502, [1, 3, 9, 21, 22, 23, 31, 33, 34, 35, 36, 49, 58, 62, 70] - 5099, [1, 3, 9, 21, 22, 23, 31, 33, 34, 35, 36, 49, 58, 62, 70] - 5099, [1, 4, 10, 20, 32, 39, 50, 53, 61, 63, 70] - 4393, [1, 4, 11, 20, 30, 32, 39, 53, 61, 65, 68, 70] - 5424, [1, 4, 10, 20, 29, 37, 38, 43, 51, 59, 60, 61, 68, 70] - 5343, [1, 4, 11, 20, 21, 22, 24, 28, 34, 46, 47, 55, 58, 62, 70] - 5492, [1, 4, 11, 20, 30, 32, 39, 53, 61, 65, 68, 70] - 5424, [1, 4, 11, 20, 21, 22, 24, 27, 35, 46, 47, 49, 58, 62, 70] - 6160]
melhor indiv??duo da gera????o:[1, 4, 10, 20, 32, 39, 50, 53, 61, 63, 70] - 4393
gera????o: 5: 
[[1, 3, 9, 21, 22, 23, 31, 33, 34, 35, 36, 49, 58, 62, 70] - 5099, [1, 4, 11, 20, 21, 22, 24, 28, 34, 46, 47, 55, 58, 62, 70] - 5492, [1, 3, 9, 21, 22, 23, 31, 33, 34, 35, 36, 49, 58, 62, 70] - 5099, [1, 3, 23, 31, 32, 37, 42, 52, 60, 65, 67, 68, 70] - 5781, [1, 3, 12, 22, 23, 25, 26, 34, 35, 36, 48, 58, 62, 70] - 4502, [1, 3, 9, 21, 22, 23, 31, 33, 34, 35, 36, 49, 58, 62, 70] - 5099, [1, 4, 11, 20, 30, 32, 39, 53, 61, 65, 68, 70] - 5424, [1, 4, 11, 20, 21, 22, 24, 28, 34, 46, 47, 55, 58, 62, 70] - 5492, [1, 4, 11, 20, 21, 22, 24, 27, 35, 46, 47, 49, 58, 62, 70] - 6160, [1, 3, 9, 21, 22, 23, 31, 33, 34, 35, 36, 49, 58, 62, 70] - 5099, [1, 4, 11, 20, 30, 32, 39, 53, 61, 65, 68, 70] - 5424, [1, 4, 11, 20, 21, 22, 24, 28, 34, 46, 47, 55, 58, 62, 70] - 5492, [1, 3, 9, 21, 22, 23, 31, 33, 34, 35, 36, 49, 58, 62, 70] - 5099, [1, 3, 9, 21, 22, 23, 31, 33, 34, 35, 36, 49, 58, 62, 70] - 5099, [1, 4, 10, 20, 29, 37, 38, 43, 51, 59, 60, 61, 68, 70] - 5343, [1, 3, 9, 21, 22, 23, 31, 33, 34, 35, 36, 49, 58, 62, 70] - 5099]
melhor indiv??duo da gera????o:[1, 3, 12, 22, 23, 25, 26, 34, 35, 36, 48, 58, 62, 70] - 4502
gera????o: 6: 
[[1, 4, 11, 20, 21, 22, 24, 28, 34, 46, 47, 55, 58, 62, 70] - 5492, [1, 3, 23, 31, 32, 37, 42, 52, 60, 65, 67, 68, 70] - 5781, [1, 3, 9, 21, 22, 23, 31, 33, 34, 35, 36, 49, 58, 62, 70] - 5099, [1, 4, 11, 20, 21, 22, 24, 28, 34, 46, 47, 55, 58, 62, 70] - 5492, [1, 3, 9, 21, 22, 23, 31, 33, 34, 35, 36, 49, 58, 62, 70] - 5099, [1, 4, 11, 20, 21, 22, 24, 28, 34, 46, 47, 55, 58, 62, 70] - 5492, [1, 3, 9, 21, 22, 23, 31, 33, 34, 35, 36, 49, 58, 62, 70] - 5099, [1, 3, 9, 21, 22, 23, 31, 33, 34, 35, 36, 49, 58, 62, 70] - 5099, [1, 4, 10, 20, 29, 37, 38, 43, 51, 59, 60, 61, 68, 70] - 5343, [1, 3, 23, 31, 32, 37, 42, 52, 60, 65, 67, 68, 70] - 5781, [1, 3, 9, 21, 22, 23, 31, 33, 34, 35, 36, 49, 58, 62, 70] - 5099, [1, 3, 9, 21, 22, 23, 31, 33, 34, 35, 36, 49, 58, 62, 70] - 5099, [1, 3, 9, 21, 22, 23, 31, 33, 34, 35, 36, 49, 58, 62, 70] - 5099, [1, 3, 9, 21, 22, 23, 31, 33, 34, 35, 36, 49, 58, 62, 70] - 5099, [1, 3, 9, 21, 22, 23, 31, 33, 34, 35, 36, 49, 58, 62, 70] - 5099]
melhor indiv??duo da gera????o:[1, 3, 9, 21, 22, 23, 31, 33, 34, 35, 36, 49, 58, 62, 70] - 5099
gera????o: 7: 
[[1, 3, 23, 31, 32, 37, 42, 52, 60, 65, 67, 68, 70] - 5781, [1, 4, 11, 20, 21, 22, 24, 28, 34, 46, 47, 55, 58, 62, 70] - 5492, [1, 4, 11, 20, 21, 22, 24, 28, 34, 46, 47, 55, 58, 62, 70] - 5492, [1, 3, 9, 21, 22, 23, 31, 33, 34, 35, 36, 49, 58, 62, 70] - 5099, [1, 3, 23, 31, 32, 37, 42, 52, 60, 65, 67, 68, 70] - 5781, [1, 3, 9, 21, 22, 23, 31, 33, 34, 35, 36, 49, 58, 62, 70] - 5099, [1, 3, 9, 21, 22, 23, 31, 33, 34, 35, 36, 49, 58, 62, 70] - 5099, [1, 3, 9, 21, 22, 23, 31, 33, 34, 35, 36, 49, 58, 62, 70] - 5099, [1, 3, 9, 21, 22, 23, 31, 33, 34, 35, 36, 49, 58, 62, 70] - 5099, [1, 3, 9, 21, 22, 23, 31, 33, 34, 35, 36, 49, 58, 62, 70] - 5099, [1, 4, 11, 20, 21, 22, 24, 28, 34, 46, 47, 55, 58, 62, 70] - 5492, [1, 3, 9, 21, 22, 23, 31, 33, 34, 35, 36, 49, 58, 62, 70] - 5099, [1, 3, 9, 21, 22, 23, 31, 33, 34, 35, 36, 49, 58, 62, 70] - 5099, [1, 4, 10, 20, 29, 37, 38, 43, 51, 59, 60, 61, 68, 70] - 5343]
melhor indiv??duo da gera????o:[1, 3, 9, 21, 22, 23, 31, 33, 34, 35, 36, 49, 58, 62, 70] - 5099
gera????o: 8: 
[[1, 4, 11, 20, 21, 22, 24, 28, 34, 46, 47, 55, 58, 62, 70] - 5492, [1, 3, 9, 21, 22, 23, 31, 33, 34, 35, 36, 49, 58, 62, 70] - 5099, [1, 3, 9, 21, 22, 23, 31, 33, 34, 35, 36, 49, 58, 62, 70] - 5099, [1, 3, 9, 21, 22, 23, 31, 33, 34, 35, 36, 49, 58, 62, 70] - 5099, [1, 3, 9, 21, 22, 23, 31, 33, 34, 35, 36, 49, 58, 62, 70] - 5099, [1, 3, 9, 21, 22, 23, 31, 33, 34, 35, 36, 49, 58, 62, 70] - 5099, [1, 4, 10, 20, 29, 37, 38, 43, 51, 59, 60, 61, 68, 70] - 5343, [1, 3, 9, 21, 22, 23, 31, 33, 34, 35, 36, 49, 58, 62, 70] - 5099, [1, 3, 9, 21, 22, 23, 31, 33, 34, 35, 36, 49, 58, 62, 70] - 5099, [1, 3, 9, 21, 22, 23, 31, 33, 34, 35, 36, 49, 58, 62, 70] - 5099, [1, 4, 11, 20, 21, 22, 24, 28, 34, 46, 47, 55, 58, 62, 70] - 5492, [1, 3, 9, 21, 22, 23, 31, 33, 34, 35, 36, 49, 58, 62, 70] - 5099, [1, 3, 9, 21, 22, 23, 31, 33, 34, 35, 36, 49, 58, 62, 70] - 5099]
melhor indiv??duo da gera????o:[1, 3, 9, 21, 22, 23, 31, 33, 34, 35, 36, 49, 58, 62, 70] - 5099
gera????o: 9: 
[[1, 3, 9, 21, 22, 23, 31, 33, 34, 35, 36, 49, 58, 62, 70] - 5099, [1, 3, 9, 21, 22, 23, 31, 33, 34, 35, 36, 49, 58, 62, 70] - 5099, [1, 3, 9, 21, 22, 23, 31, 33, 34, 35, 36, 49, 58, 62, 70] - 5099, [1, 3, 9, 21, 22, 23, 31, 33, 34, 35, 36, 49, 58, 62, 70] - 5099, [1, 3, 9, 21, 22, 23, 31, 33, 34, 35, 36, 49, 58, 62, 70] - 5099, [1, 3, 9, 21, 22, 23, 31, 33, 34, 35, 36, 49, 58, 62, 70] - 5099, [1, 3, 9, 21, 22, 23, 31, 33, 34, 35, 36, 49, 58, 62, 70] - 5099, [1, 4, 11, 20, 21, 22, 24, 28, 34, 46, 47, 55, 58, 62, 70] - 5492, [1, 4, 11, 20, 21, 22, 24, 28, 34, 46, 47, 55, 58, 62, 70] - 5492, [1, 4, 11, 20, 21, 22, 24, 28, 34, 46, 47, 55, 58, 62, 70] - 5492, [1, 3, 9, 21, 22, 23, 31, 33, 34, 35, 36, 49, 58, 62, 70] - 5099, [1, 3, 9, 21, 22, 23, 31, 33, 34, 35, 36, 49, 58, 62, 70] - 5099]
melhor indiv??duo da gera????o:[1, 3, 9, 21, 22, 23, 31, 33, 34, 35, 36, 49, 58, 62, 70] - 5099
gera????o: 10: 
[[1, 3, 9, 21, 22, 23, 31, 33, 34, 35, 36, 49, 58, 62, 70] - 5099, [1, 3, 9, 21, 22, 23, 31, 33, 34, 35, 36, 49, 58, 62, 70] - 5099, [1, 3, 9, 21, 22, 23, 31, 33, 34, 35, 36, 49, 58, 62, 70] - 5099, [1, 4, 11, 20, 21, 22, 24, 28, 34, 46, 47, 55, 58, 62, 70] - 5492, [1, 4, 11, 20, 21, 22, 24, 28, 34, 46, 47, 55, 58, 62, 70] - 5492, [1, 3, 9, 21, 22, 23, 31, 33, 34, 35, 36, 49, 58, 62, 70] - 5099, [1, 3, 9, 21, 22, 23, 31, 33, 34, 35, 36, 49, 58, 62, 70] - 5099, [1, 4, 11, 20, 21, 22, 24, 28, 34, 46, 47, 55, 58, 62, 70] - 5492, [1, 3, 9, 21, 22, 23, 31, 33, 34, 35, 36, 49, 58, 62, 70] - 5099, [1, 4, 11, 20, 21, 22, 24, 28, 34, 46, 47, 55, 58, 62, 70] - 5492, [1, 3, 9, 21, 22, 23, 31, 33, 34, 35, 36, 49, 58, 62, 70] - 5099]
melhor indiv??duo da gera????o:[1, 3, 9, 21, 22, 23, 31, 33, 34, 35, 36, 49, 58, 62, 70] - 5099
______________________________________________________________________________________________________________________________
