geração: 1: 
[[1, 3, 6, 8, 10, 14, 15, 20] - 38, [1, 6, 7, 9, 13, 15, 20] - 41, [1, 6, 7, 8, 9, 16, 12, 5, 10, 13, 19, 20] - 67, [1, 6, 7, 8, 9, 16, 17, 18, 13, 15, 20] - 59, [1, 2, 4, 11, 10, 13, 9, 12, 5, 8, 3, 6, 7] - 88, [1, 6, 7, 9, 12, 13, 14, 10] - 45, [1, 6, 8, 10, 14, 13, 15, 20] - 41, [1, 3, 5, 12, 19, 20] - 32, [1, 2, 5, 8, 9, 10, 14, 15, 20] - 40, [1, 3, 6, 8, 10, 12, 5, 2, 4, 11, 13, 14, 15, 20] - 87, [1, 3, 5, 2, 4, 11, 10, 12, 13, 15, 20] - 53, [1, 2, 5, 12, 19, 20] - 32, [1, 2, 3, 6, 8, 9, 12, 16, 17, 18, 13, 15, 20] - 66, [1, 3, 5, 2, 4, 11, 14, 10, 13, 19, 20] - 52, [1, 2, 3, 6, 8, 10, 12, 5] - 52, [1, 2, 5, 8, 10, 12, 19, 20] - 49, [1, 6, 8, 9, 13, 15, 20] - 36, [1, 6, 8, 3, 5, 12, 16, 10, 14, 15, 20] - 53, [1, 6, 7, 9, 13, 19, 20] - 41, [1, 3, 8, 10, 14, 15, 20] - 32, [1, 3, 8, 10, 12, 13, 15, 20] - 41, [1, 2, 3, 5, 12, 13, 9, 16, 10, 14, 15, 20] - 71, [1, 6, 8, 9, 16, 12, 5, 2, 3] - 47, [1, 6, 7, 8, 10, 13, 19, 20] - 45, [1, 6, 8, 3, 5, 12, 13, 15, 20] - 39, [1, 3, 6, 8, 10, 12, 5, 2, 4, 11, 13, 9, 16, 17, 19, 20] - 115, [1, 6, 8, 10, 12, 13, 9, 16, 17, 19, 20] - 82, [1, 3, 5, 12, 13, 15, 20] - 30, [1, 3, 5, 8, 9, 12, 13, 14, 15, 20] - 46, [1, 2, 3, 8, 9, 16, 10, 12, 19, 20] - 55, [1, 3, 5, 8, 9, 12, 16, 17, 19, 20] - 52, [1, 2, 5, 8, 3, 6, 7, 9, 10, 13, 19, 20] - 61, [1, 2, 4, 5, 12, 13, 9, 10, 14, 15, 20] - 72, [1, 2, 4, 11, 13, 9, 16, 10, 14, 15, 20] - 70, [1, 2, 5, 12, 13, 15, 20] - 30, [1, 2, 5, 10, 13, 15, 20] - 33, [1, 3, 6, 7, 9, 16, 12, 19, 20] - 48, [1, 3, 6, 8, 10, 12, 16, 17, 19, 20] - 63, [1, 3, 5, 10, 13, 15, 20] - 33, [1, 2, 5, 10, 14, 15, 20] - 29]
melhor indivíduo da geração:[1, 2, 5, 10, 14, 15, 20] - 29
geração: 2: 
[[1, 3, 6, 8, 10, 14, 15, 20] - 38, [1, 6, 7, 9, 13, 15, 20] - 41, [1, 6, 7, 9, 12, 13, 14, 10] - 45, [1, 6, 8, 10, 14, 13, 15, 20] - 41, [1, 3, 5, 12, 19, 20] - 32, [1, 2, 5, 8, 9, 10, 14, 15, 20] - 40, [1, 2, 5, 12, 19, 20] - 32, [1, 2, 5, 8, 10, 12, 19, 20] - 49, [1, 6, 8, 9, 13, 15, 20] - 36, [1, 6, 7, 9, 13, 19, 20] - 41, [1, 3, 8, 10, 14, 15, 20] - 32, [1, 3, 8, 10, 12, 13, 15, 20] - 41, [1, 6, 8, 9, 16, 12, 5, 2, 3] - 47, [1, 6, 7, 8, 10, 13, 19, 20] - 45, [1, 6, 8, 3, 5, 12, 13, 15, 20] - 39, [1, 3, 5, 12, 13, 15, 20] - 30, [1, 3, 5, 8, 9, 12, 13, 14, 15, 20] - 46, [1, 2, 5, 12, 13, 15, 20] - 30, [1, 2, 5, 10, 13, 15, 20] - 33, [1, 3, 6, 7, 9, 16, 12, 19, 20] - 48, [1, 3, 5, 10, 13, 15, 20] - 33, [1, 2, 5, 10, 14, 15, 20] - 29, [1, 2, 3, 8, 9, 16, 17, 19, 20] - 46, [1, 6, 8, 3, 5, 12, 19, 20] - 41, [1, 2, 5, 10, 14, 13, 19, 20] - 35, [1, 3, 6, 7, 9, 13, 19, 20] - 44]
melhor indivíduo da geração:[1, 2, 5, 10, 14, 15, 20] - 29
geração: 3: 
[[1, 3, 6, 8, 10, 14, 15, 20] - 38, [1, 3, 5, 12, 19, 20] - 32, [1, 2, 5, 12, 19, 20] - 32, [1, 6, 8, 9, 13, 15, 20] - 36, [1, 3, 8, 10, 14, 15, 20] - 32, [1, 3, 5, 12, 13, 15, 20] - 30, [1, 2, 5, 12, 13, 15, 20] - 30, [1, 2, 5, 10, 13, 15, 20] - 33, [1, 3, 5, 10, 13, 15, 20] - 33, [1, 2, 5, 10, 14, 15, 20] - 29, [1, 2, 5, 10, 14, 13, 19, 20] - 35, [1, 6, 8, 10, 14, 15, 20] - 35]
melhor indivíduo da geração:[1, 2, 5, 10, 14, 15, 20] - 29
geração: 4: 
[[1, 3, 6, 8, 10, 14, 15, 20] - 38, [1, 3, 5, 12, 19, 20] - 32, [1, 2, 5, 12, 19, 20] - 32, [1, 6, 8, 9, 13, 15, 20] - 36, [1, 3, 8, 10, 14, 15, 20] - 32, [1, 3, 5, 12, 13, 15, 20] - 30, [1, 2, 5, 12, 13, 15, 20] - 30, [1, 2, 5, 10, 13, 15, 20] - 33, [1, 3, 5, 10, 13, 15, 20] - 33, [1, 2, 5, 10, 14, 15, 20] - 29, [1, 2, 5, 10, 14, 13, 19, 20] - 35, [1, 6, 8, 10, 14, 15, 20] - 35, [1, 3, 5, 2, 4, 11, 13, 15, 20] - 40]
melhor indivíduo da geração:[1, 2, 5, 10, 14, 15, 20] - 29
geração: 5: 
[[1, 3, 6, 8, 10, 14, 15, 20] - 38, [1, 3, 5, 12, 19, 20] - 32, [1, 2, 5, 12, 19, 20] - 32, [1, 6, 8, 9, 13, 15, 20] - 36, [1, 3, 8, 10, 14, 15, 20] - 32, [1, 3, 5, 12, 13, 15, 20] - 30, [1, 2, 5, 12, 13, 15, 20] - 30, [1, 2, 5, 10, 13, 15, 20] - 33, [1, 3, 5, 10, 13, 15, 20] - 33, [1, 2, 5, 10, 14, 15, 20] - 29, [1, 2, 5, 10, 14, 13, 19, 20] - 35, [1, 6, 8, 10, 14, 15, 20] - 35, [1, 3, 5, 2, 4, 11, 13, 15, 20] - 40, [1, 2, 4, 10, 13, 15, 20] - 35]
melhor indivíduo da geração:[1, 2, 5, 10, 14, 15, 20] - 29
geração: 6: 
[[1, 3, 6, 8, 10, 14, 15, 20] - 38, [1, 3, 5, 12, 19, 20] - 32, [1, 2, 5, 12, 19, 20] - 32, [1, 6, 8, 9, 13, 15, 20] - 36, [1, 3, 8, 10, 14, 15, 20] - 32, [1, 3, 5, 12, 13, 15, 20] - 30, [1, 2, 5, 12, 13, 15, 20] - 30, [1, 2, 5, 10, 13, 15, 20] - 33, [1, 3, 5, 10, 13, 15, 20] - 33, [1, 2, 5, 10, 14, 15, 20] - 29, [1, 2, 5, 10, 14, 13, 19, 20] - 35, [1, 6, 8, 10, 14, 15, 20] - 35, [1, 3, 5, 2, 4, 11, 13, 15, 20] - 40, [1, 2, 4, 10, 13, 15, 20] - 35, [1, 6, 7, 9, 16, 12, 13, 19, 20] - 43, [1, 6, 8, 10, 12, 19, 20] - 46]
melhor indivíduo da geração:[1, 2, 5, 10, 14, 15, 20] - 29
geração: 7: 
[[1, 3, 6, 8, 10, 14, 15, 20] - 38, [1, 3, 5, 12, 19, 20] - 32, [1, 2, 5, 12, 19, 20] - 32, [1, 6, 8, 9, 13, 15, 20] - 36, [1, 3, 8, 10, 14, 15, 20] - 32, [1, 3, 5, 12, 13, 15, 20] - 30, [1, 2, 5, 12, 13, 15, 20] - 30, [1, 2, 5, 10, 13, 15, 20] - 33, [1, 3, 5, 10, 13, 15, 20] - 33, [1, 2, 5, 10, 14, 15, 20] - 29, [1, 2, 5, 10, 14, 13, 19, 20] - 35, [1, 6, 8, 10, 14, 15, 20] - 35, [1, 3, 5, 2, 4, 11, 13, 15, 20] - 40, [1, 2, 4, 10, 13, 15, 20] - 35, [1, 3, 5, 10, 13, 19, 20] - 33]
melhor indivíduo da geração:[1, 2, 5, 10, 14, 15, 20] - 29
geração: 8: 
[[1, 3, 6, 8, 10, 14, 15, 20] - 38, [1, 3, 5, 12, 19, 20] - 32, [1, 2, 5, 12, 19, 20] - 32, [1, 6, 8, 9, 13, 15, 20] - 36, [1, 3, 8, 10, 14, 15, 20] - 32, [1, 3, 5, 12, 13, 15, 20] - 30, [1, 2, 5, 12, 13, 15, 20] - 30, [1, 2, 5, 10, 13, 15, 20] - 33, [1, 3, 5, 10, 13, 15, 20] - 33, [1, 2, 5, 10, 14, 15, 20] - 29, [1, 2, 5, 10, 14, 13, 19, 20] - 35, [1, 6, 8, 10, 14, 15, 20] - 35, [1, 3, 5, 2, 4, 11, 13, 15, 20] - 40, [1, 2, 4, 10, 13, 15, 20] - 35, [1, 3, 5, 10, 13, 19, 20] - 33, [1, 2, 3, 8, 9, 12, 19, 20] - 37]
melhor indivíduo da geração:[1, 2, 5, 10, 14, 15, 20] - 29
geração: 9: 
[[1, 3, 6, 8, 10, 14, 15, 20] - 38, [1, 3, 5, 12, 19, 20] - 32, [1, 2, 5, 12, 19, 20] - 32, [1, 6, 8, 9, 13, 15, 20] - 36, [1, 3, 8, 10, 14, 15, 20] - 32, [1, 3, 5, 12, 13, 15, 20] - 30, [1, 2, 5, 12, 13, 15, 20] - 30, [1, 2, 5, 10, 13, 15, 20] - 33, [1, 3, 5, 10, 13, 15, 20] - 33, [1, 2, 5, 10, 14, 15, 20] - 29, [1, 2, 5, 10, 14, 13, 19, 20] - 35, [1, 6, 8, 10, 14, 15, 20] - 35, [1, 3, 5, 2, 4, 11, 13, 15, 20] - 40, [1, 2, 4, 10, 13, 15, 20] - 35, [1, 3, 5, 10, 13, 19, 20] - 33, [1, 2, 3, 8, 9, 12, 19, 20] - 37, [1, 6, 7, 8, 9, 13, 19, 20] - 42, [1, 3, 6, 8, 10, 13, 15, 20] - 42]
melhor indivíduo da geração:[1, 2, 5, 10, 14, 15, 20] - 29
geração: 10: 
[[1, 3, 6, 8, 10, 14, 15, 20] - 38, [1, 3, 5, 12, 19, 20] - 32, [1, 2, 5, 12, 19, 20] - 32, [1, 6, 8, 9, 13, 15, 20] - 36, [1, 3, 8, 10, 14, 15, 20] - 32, [1, 3, 5, 12, 13, 15, 20] - 30, [1, 2, 5, 12, 13, 15, 20] - 30, [1, 2, 5, 10, 13, 15, 20] - 33, [1, 3, 5, 10, 13, 15, 20] - 33, [1, 2, 5, 10, 14, 15, 20] - 29, [1, 2, 5, 10, 14, 13, 19, 20] - 35, [1, 6, 8, 10, 14, 15, 20] - 35, [1, 3, 5, 2, 4, 11, 13, 15, 20] - 40, [1, 2, 4, 10, 13, 15, 20] - 35, [1, 3, 5, 10, 13, 19, 20] - 33, [1, 2, 3, 8, 9, 12, 19, 20] - 37, [1, 6, 8, 10, 14, 13, 15, 20] - 41]
melhor indivíduo da geração:[1, 2, 5, 10, 14, 15, 20] - 29
melhor valor é da geração 2!!!!
______________________________________________________________________________________________________________________________
