geração: 1: 
[[1, 3, 8, 9, 10, 13, 15, 20] - 38, [1, 6, 7, 9, 13, 14, 15, 20] - 51, [1, 3, 8, 10, 12, 5, 2, 4, 11, 13, 19, 20] - 71, [1, 3, 6, 7, 8, 10, 12, 19, 20] - 55, [1, 6, 7, 9, 10, 14, 13, 19, 20] - 48, [1, 3, 8, 9, 10, 14, 13, 15, 20] - 40, [1, 2, 4, 5, 10, 14, 13, 19, 20] - 46, [1, 6, 7, 8, 3, 5, 12, 13, 9, 16, 10, 14, 15, 20] - 81, [1, 6, 8, 9, 13, 15, 20] - 36, [1, 3, 8, 10, 14, 13, 19, 20] - 38, [1, 2, 5, 12, 16, 17, 19, 20] - 46, [1, 2, 4, 11, 14, 10, 12, 16, 17, 19, 20] - 67, [1, 6, 7, 9, 16, 12, 5, 2, 3, 8, 10, 14, 13, 15, 20] - 82, [1, 3, 6, 7, 9, 12, 13, 14, 10] - 48, [1, 2, 3, 8, 10, 14, 15, 20] - 37, [1, 2, 5, 8, 3, 6, 7, 9, 13, 19, 20] - 56, [1, 6, 8, 3, 5, 2, 4, 11, 10, 12, 16, 17, 19, 20] - 78, [1, 2, 4, 10, 13, 19, 20] - 35, [1, 3, 6, 7, 8, 9, 12, 13, 14, 10] - 49, [1, 6, 7, 8, 9, 16, 10, 12, 19, 20] - 59]
melhor indivíduo da geração:[1, 2, 4, 10, 13, 19, 20] - 35
geração: 2: 
[[1, 3, 8, 9, 10, 13, 15, 20] - 38, [1, 6, 7, 9, 13, 14, 15, 20] - 51, [1, 6, 7, 9, 10, 14, 13, 19, 20] - 48, [1, 3, 8, 9, 10, 14, 13, 15, 20] - 40, [1, 2, 4, 5, 10, 14, 13, 19, 20] - 46, [1, 6, 8, 9, 13, 15, 20] - 36, [1, 3, 8, 10, 14, 13, 19, 20] - 38, [1, 2, 5, 12, 16, 17, 19, 20] - 46, [1, 3, 6, 7, 9, 12, 13, 14, 10] - 48, [1, 2, 3, 8, 10, 14, 15, 20] - 37, [1, 2, 4, 10, 13, 19, 20] - 35, [1, 3, 6, 7, 8, 9, 12, 13, 14, 10] - 49, [1, 3, 5, 12, 16, 10, 13, 19, 20] - 48, [1, 2, 5, 8, 10, 13, 15, 20] - 42, [1, 6, 7, 9, 12, 13, 19, 20] - 38, [1, 2, 4, 11, 10, 14, 15, 20] - 38, [1, 6, 8, 10, 14, 13, 19, 20] - 41, [1, 6, 7, 8, 10, 12, 13, 15, 20] - 50]
melhor indivíduo da geração:[1, 2, 4, 10, 13, 19, 20] - 35
geração: 3: 
[[1, 3, 8, 9, 10, 13, 15, 20] - 38, [1, 3, 8, 9, 10, 14, 13, 15, 20] - 40, [1, 6, 8, 9, 13, 15, 20] - 36, [1, 3, 8, 10, 14, 13, 19, 20] - 38, [1, 2, 3, 8, 10, 14, 15, 20] - 37, [1, 2, 4, 10, 13, 19, 20] - 35, [1, 2, 5, 8, 10, 13, 15, 20] - 42, [1, 6, 7, 9, 12, 13, 19, 20] - 38, [1, 2, 4, 11, 10, 14, 15, 20] - 38, [1, 6, 8, 10, 14, 13, 19, 20] - 41, [1, 6, 7, 9, 13, 15, 20] - 41, [1, 6, 8, 10, 14, 15, 20] - 35, [1, 3, 8, 9, 10, 14, 13, 19, 20] - 40, [1, 3, 5, 10, 14, 13, 15, 20] - 35]
melhor indivíduo da geração:[1, 2, 4, 10, 13, 19, 20] - 35
geração: 4: 
[[1, 3, 8, 9, 10, 13, 15, 20] - 38, [1, 3, 8, 9, 10, 14, 13, 15, 20] - 40, [1, 6, 8, 9, 13, 15, 20] - 36, [1, 3, 8, 10, 14, 13, 19, 20] - 38, [1, 2, 3, 8, 10, 14, 15, 20] - 37, [1, 2, 4, 10, 13, 19, 20] - 35, [1, 2, 5, 8, 10, 13, 15, 20] - 42, [1, 6, 7, 9, 12, 13, 19, 20] - 38, [1, 2, 4, 11, 10, 14, 15, 20] - 38, [1, 6, 8, 10, 14, 13, 19, 20] - 41, [1, 6, 7, 9, 13, 15, 20] - 41, [1, 6, 8, 10, 14, 15, 20] - 35, [1, 3, 8, 9, 10, 14, 13, 19, 20] - 40, [1, 3, 5, 10, 14, 13, 15, 20] - 35, [1, 3, 8, 9, 12, 13, 14, 10] - 37, [1, 2, 3, 5, 10, 13, 19, 20] - 38]
melhor indivíduo da geração:[1, 2, 4, 10, 13, 19, 20] - 35
geração: 5: 
[[1, 3, 8, 9, 10, 13, 15, 20] - 38, [1, 3, 8, 9, 10, 14, 13, 15, 20] - 40, [1, 6, 8, 9, 13, 15, 20] - 36, [1, 3, 8, 10, 14, 13, 19, 20] - 38, [1, 2, 3, 8, 10, 14, 15, 20] - 37, [1, 2, 4, 10, 13, 19, 20] - 35, [1, 2, 5, 8, 10, 13, 15, 20] - 42, [1, 6, 7, 9, 12, 13, 19, 20] - 38, [1, 2, 4, 11, 10, 14, 15, 20] - 38, [1, 6, 8, 10, 14, 13, 19, 20] - 41, [1, 6, 7, 9, 13, 15, 20] - 41, [1, 6, 8, 10, 14, 15, 20] - 35, [1, 3, 8, 9, 10, 14, 13, 19, 20] - 40, [1, 3, 5, 10, 14, 13, 15, 20] - 35, [1, 3, 8, 9, 12, 13, 14, 10] - 37, [1, 2, 3, 5, 10, 13, 19, 20] - 38, [1, 3, 5, 8, 10, 14, 15, 20] - 38, [1, 3, 5, 10, 12, 13, 15, 20] - 38, [1, 2, 3, 8, 9, 16, 12, 13, 19, 20] - 40, [1, 3, 6, 8, 9, 13, 19, 20] - 39]
melhor indivíduo da geração:[1, 2, 4, 10, 13, 19, 20] - 35
geração: 6: 
[[1, 3, 8, 9, 10, 13, 15, 20] - 38, [1, 3, 8, 9, 10, 14, 13, 15, 20] - 40, [1, 6, 8, 9, 13, 15, 20] - 36, [1, 3, 8, 10, 14, 13, 19, 20] - 38, [1, 2, 3, 8, 10, 14, 15, 20] - 37, [1, 2, 4, 10, 13, 19, 20] - 35, [1, 6, 7, 9, 12, 13, 19, 20] - 38, [1, 2, 4, 11, 10, 14, 15, 20] - 38, [1, 6, 8, 10, 14, 13, 19, 20] - 41, [1, 6, 7, 9, 13, 15, 20] - 41, [1, 6, 8, 10, 14, 15, 20] - 35, [1, 3, 8, 9, 10, 14, 13, 19, 20] - 40, [1, 3, 5, 10, 14, 13, 15, 20] - 35, [1, 3, 8, 9, 12, 13, 14, 10] - 37, [1, 2, 3, 5, 10, 13, 19, 20] - 38, [1, 3, 5, 8, 10, 14, 15, 20] - 38, [1, 3, 5, 10, 12, 13, 15, 20] - 38, [1, 2, 3, 8, 9, 16, 12, 13, 19, 20] - 40, [1, 3, 6, 8, 9, 13, 19, 20] - 39, [1, 2, 3, 5, 10, 14, 13, 15, 20] - 40, [1, 2, 5, 8, 10, 14, 15, 20] - 38, [1, 3, 8, 10, 13, 15, 20] - 36]
melhor indivíduo da geração:[1, 2, 4, 10, 13, 19, 20] - 35
geração: 7: 
[[1, 3, 8, 9, 10, 13, 15, 20] - 38, [1, 3, 8, 9, 10, 14, 13, 15, 20] - 40, [1, 6, 8, 9, 13, 15, 20] - 36, [1, 3, 8, 10, 14, 13, 19, 20] - 38, [1, 2, 3, 8, 10, 14, 15, 20] - 37, [1, 2, 4, 10, 13, 19, 20] - 35, [1, 6, 7, 9, 12, 13, 19, 20] - 38, [1, 2, 4, 11, 10, 14, 15, 20] - 38, [1, 6, 8, 10, 14, 15, 20] - 35, [1, 3, 8, 9, 10, 14, 13, 19, 20] - 40, [1, 3, 5, 10, 14, 13, 15, 20] - 35, [1, 3, 8, 9, 12, 13, 14, 10] - 37, [1, 2, 3, 5, 10, 13, 19, 20] - 38, [1, 3, 5, 8, 10, 14, 15, 20] - 38, [1, 3, 5, 10, 12, 13, 15, 20] - 38, [1, 2, 3, 8, 9, 16, 12, 13, 19, 20] - 40, [1, 3, 6, 8, 9, 13, 19, 20] - 39, [1, 2, 3, 5, 10, 14, 13, 15, 20] - 40, [1, 2, 5, 8, 10, 14, 15, 20] - 38, [1, 3, 8, 10, 13, 15, 20] - 36]
melhor indivíduo da geração:[1, 2, 4, 10, 13, 19, 20] - 35
geração: 8: 
[[1, 3, 8, 9, 10, 13, 15, 20] - 38, [1, 3, 8, 9, 10, 14, 13, 15, 20] - 40, [1, 6, 8, 9, 13, 15, 20] - 36, [1, 3, 8, 10, 14, 13, 19, 20] - 38, [1, 2, 3, 8, 10, 14, 15, 20] - 37, [1, 2, 4, 10, 13, 19, 20] - 35, [1, 6, 7, 9, 12, 13, 19, 20] - 38, [1, 2, 4, 11, 10, 14, 15, 20] - 38, [1, 6, 8, 10, 14, 15, 20] - 35, [1, 3, 8, 9, 10, 14, 13, 19, 20] - 40, [1, 3, 5, 10, 14, 13, 15, 20] - 35, [1, 3, 8, 9, 12, 13, 14, 10] - 37, [1, 2, 3, 5, 10, 13, 19, 20] - 38, [1, 3, 5, 8, 10, 14, 15, 20] - 38, [1, 3, 5, 10, 12, 13, 15, 20] - 38, [1, 2, 3, 8, 9, 16, 12, 13, 19, 20] - 40, [1, 3, 6, 8, 9, 13, 19, 20] - 39, [1, 2, 3, 5, 10, 14, 13, 15, 20] - 40, [1, 2, 5, 8, 10, 14, 15, 20] - 38, [1, 3, 8, 10, 13, 15, 20] - 36, [1, 3, 8, 10, 14, 15, 20] - 32, [1, 3, 8, 9, 16, 10, 13, 15, 20] - 43, [1, 2, 5, 12, 19, 20] - 32, [1, 6, 7, 9, 12, 19, 20] - 40]
melhor indivíduo da geração:[1, 3, 8, 10, 14, 15, 20] - 32
geração: 9: 
[[1, 6, 8, 9, 13, 15, 20] - 36, [1, 2, 3, 8, 10, 14, 15, 20] - 37, [1, 2, 4, 10, 13, 19, 20] - 35, [1, 6, 8, 10, 14, 15, 20] - 35, [1, 3, 5, 10, 14, 13, 15, 20] - 35, [1, 3, 8, 9, 12, 13, 14, 10] - 37, [1, 3, 8, 10, 13, 15, 20] - 36, [1, 3, 8, 10, 14, 15, 20] - 32, [1, 2, 5, 12, 19, 20] - 32, [1, 3, 5, 10, 13, 15, 20] - 33, [1, 3, 8, 9, 13, 19, 20] - 33]
melhor indivíduo da geração:[1, 3, 8, 10, 14, 15, 20] - 32
geração: 10: 
[[1, 6, 8, 9, 13, 15, 20] - 36, [1, 2, 3, 8, 10, 14, 15, 20] - 37, [1, 2, 4, 10, 13, 19, 20] - 35, [1, 6, 8, 10, 14, 15, 20] - 35, [1, 3, 5, 10, 14, 13, 15, 20] - 35, [1, 3, 8, 9, 12, 13, 14, 10] - 37, [1, 3, 8, 10, 13, 15, 20] - 36, [1, 3, 8, 10, 14, 15, 20] - 32, [1, 2, 5, 12, 19, 20] - 32, [1, 3, 5, 10, 13, 15, 20] - 33, [1, 3, 8, 9, 13, 19, 20] - 33, [1, 6, 8, 9, 16, 12, 19, 20] - 40, [1, 6, 8, 9, 10, 14, 15, 20] - 37]
melhor indivíduo da geração:[1, 3, 8, 10, 14, 15, 20] - 32
melhor valor é da geração 8!!!!
______________________________________________________________________________________________________________________________
