gera????o: 1: 
[[1, 2, 9, 11, 20, 31, 33, 49, 55, 58, 62, 70] - 4368, [1, 3, 13, 23, 25, 26, 34, 46, 47, 56, 63, 70] - 4371, [1, 3, 12, 14, 24, 34, 35, 36, 48, 49, 55, 58, 62, 70] - 5165, [1, 2, 9, 11, 21, 31, 32, 39, 44, 50, 53, 61, 65, 68, 70] - 5188, [1, 4, 10, 11, 20, 32, 37, 42, 51, 59, 64, 65, 66, 67, 68, 70] - 7050, [1, 2, 3, 23, 33, 40, 44, 56, 60, 61, 68, 70] - 5558, [1, 3, 9, 13, 22, 25, 26, 34, 41, 47, 56, 63, 70] - 4807, [1, 3, 12, 14, 24, 36, 48, 49, 55, 57, 70] - 4707, [1, 4, 10, 20, 29, 38, 43, 52, 53, 61, 68, 70] - 5276, [1, 3, 5, 12, 22, 25, 33, 49, 58, 62, 70] - 3558, [1, 3, 13, 22, 23, 25, 33, 41, 45, 47, 49, 55, 56, 60, 65, 67, 68, 70] - 7117, [1, 2, 4, 10, 20, 32, 37, 39, 40, 41, 45, 47, 49, 58, 62, 70] - 5122, [1, 4, 10, 20, 39, 50, 53, 61, 63, 70] - 4254, [1, 2, 3, 23, 31, 33, 49, 55, 58, 62, 70] - 4097, [1, 4, 10, 11, 20, 37, 39, 42, 51, 59, 60, 61, 65, 68, 70] - 6006, [1, 4, 10, 20, 32, 37, 39, 53, 60, 65, 67, 68, 70] - 6106, [1, 3, 12, 13, 31, 41, 47, 49, 55, 57, 70] - 4303, [1, 3, 13, 14, 24, 36, 48, 49, 55, 58, 62, 70] - 5060, [1, 2, 9, 11, 20, 21, 23, 25, 33, 47, 55, 58, 62, 70] - 4512, [1, 4, 11, 20, 31, 32, 40, 41, 46, 47, 49, 55, 57, 70] - 5572]
melhor indiv??duo da gera????o:[1, 3, 5, 12, 22, 25, 33, 49, 58, 62, 70] - 3558
gera????o: 2: 
[[1, 2, 9, 11, 20, 31, 33, 49, 55, 58, 62, 70] - 4368, [1, 3, 13, 23, 25, 26, 34, 46, 47, 56, 63, 70] - 4371, [1, 3, 12, 14, 24, 34, 35, 36, 48, 49, 55, 58, 62, 70] - 5165, [1, 2, 9, 11, 21, 31, 32, 39, 44, 50, 53, 61, 65, 68, 70] - 5188, [1, 2, 3, 23, 33, 40, 44, 56, 60, 61, 68, 70] - 5558, [1, 3, 9, 13, 22, 25, 26, 34, 41, 47, 56, 63, 70] - 4807, [1, 3, 12, 14, 24, 36, 48, 49, 55, 57, 70] - 4707, [1, 4, 10, 20, 29, 38, 43, 52, 53, 61, 68, 70] - 5276, [1, 3, 5, 12, 22, 25, 33, 49, 58, 62, 70] - 3558, [1, 2, 4, 10, 20, 32, 37, 39, 40, 41, 45, 47, 49, 58, 62, 70] - 5122, [1, 4, 10, 20, 39, 50, 53, 61, 63, 70] - 4254, [1, 2, 3, 23, 31, 33, 49, 55, 58, 62, 70] - 4097, [1, 4, 10, 11, 20, 37, 39, 42, 51, 59, 60, 61, 65, 68, 70] - 6006, [1, 4, 10, 20, 32, 37, 39, 53, 60, 65, 67, 68, 70] - 6106, [1, 3, 12, 13, 31, 41, 47, 49, 55, 57, 70] - 4303, [1, 3, 13, 14, 24, 36, 48, 49, 55, 58, 62, 70] - 5060, [1, 2, 9, 11, 20, 21, 23, 25, 33, 47, 55, 58, 62, 70] - 4512, [1, 4, 11, 20, 31, 32, 40, 41, 46, 47, 49, 55, 57, 70] - 5572, [1, 3, 12, 13, 31, 32, 39, 53, 61, 65, 67, 69, 70] - 5488, [1, 2, 9, 21, 31, 40, 41, 46, 47, 55, 58, 62, 70] - 4447, [1, 3, 9, 21, 22, 33, 46, 49, 58, 62, 70] - 4238, [1, 2, 3, 13, 40, 44, 56, 61, 65, 68, 70] - 4725, [1, 2, 3, 12, 14, 22, 33, 34, 46, 49, 55, 57, 70] - 4394, [1, 3, 5, 12, 14, 22, 33, 49, 55, 58, 62, 70] - 3923, [1, 3, 13, 40, 44, 50, 53, 54, 56, 63, 70] - 4166, [1, 3, 5, 12, 13, 40, 41, 46, 47, 49, 55, 57, 70] - 4761, [1, 4, 11, 21, 31, 33, 39, 44, 55, 58, 62, 70] - 5183, [1, 2, 9, 21, 22, 25, 26, 31, 41, 45, 57, 70] - 4585, [1, 3, 13, 31, 33, 39, 56, 60, 61, 63, 70] - 5752, [1, 2, 4, 11, 21, 31, 32, 37, 42, 50, 53, 54, 61, 68, 70] - 5192, [1, 2, 9, 21, 22, 24, 34, 41, 47, 56, 61, 68, 70] - 5825, [1, 3, 23, 33, 40, 41, 45, 47, 56, 61, 63, 70] - 4740, [1, 3, 23, 33, 34, 35, 36, 48, 49, 58, 62, 70] - 4586]
melhor indiv??duo da gera????o:[1, 3, 5, 12, 22, 25, 33, 49, 58, 62, 70] - 3558
gera????o: 3: 
[[1, 2, 9, 11, 20, 31, 33, 49, 55, 58, 62, 70] - 4368, [1, 3, 13, 23, 25, 26, 34, 46, 47, 56, 63, 70] - 4371, [1, 3, 12, 14, 24, 34, 35, 36, 48, 49, 55, 58, 62, 70] - 5165, [1, 2, 9, 11, 21, 31, 32, 39, 44, 50, 53, 61, 65, 68, 70] - 5188, [1, 2, 3, 23, 33, 40, 44, 56, 60, 61, 68, 70] - 5558, [1, 3, 9, 13, 22, 25, 26, 34, 41, 47, 56, 63, 70] - 4807, [1, 3, 12, 14, 24, 36, 48, 49, 55, 57, 70] - 4707, [1, 4, 10, 20, 29, 38, 43, 52, 53, 61, 68, 70] - 5276, [1, 3, 5, 12, 22, 25, 33, 49, 58, 62, 70] - 3558, [1, 2, 4, 10, 20, 32, 37, 39, 40, 41, 45, 47, 49, 58, 62, 70] - 5122, [1, 4, 10, 20, 39, 50, 53, 61, 63, 70] - 4254, [1, 2, 3, 23, 31, 33, 49, 55, 58, 62, 70] - 4097, [1, 4, 10, 11, 20, 37, 39, 42, 51, 59, 60, 61, 65, 68, 70] - 6006, [1, 4, 10, 20, 32, 37, 39, 53, 60, 65, 67, 68, 70] - 6106, [1, 3, 12, 13, 31, 41, 47, 49, 55, 57, 70] - 4303, [1, 3, 13, 14, 24, 36, 48, 49, 55, 58, 62, 70] - 5060, [1, 2, 9, 11, 20, 21, 23, 25, 33, 47, 55, 58, 62, 70] - 4512, [1, 4, 11, 20, 31, 32, 40, 41, 46, 47, 49, 55, 57, 70] - 5572, [1, 3, 12, 13, 31, 32, 39, 53, 61, 65, 67, 69, 70] - 5488, [1, 2, 9, 21, 31, 40, 41, 46, 47, 55, 58, 62, 70] - 4447, [1, 3, 9, 21, 22, 33, 46, 49, 58, 62, 70] - 4238, [1, 2, 3, 13, 40, 44, 56, 61, 65, 68, 70] - 4725, [1, 2, 3, 12, 14, 22, 33, 34, 46, 49, 55, 57, 70] - 4394, [1, 3, 5, 12, 14, 22, 33, 49, 55, 58, 62, 70] - 3923, [1, 3, 13, 40, 44, 50, 53, 54, 56, 63, 70] - 4166, [1, 3, 5, 12, 13, 40, 41, 46, 47, 49, 55, 57, 70] - 4761, [1, 4, 11, 21, 31, 33, 39, 44, 55, 58, 62, 70] - 5183, [1, 2, 9, 21, 22, 25, 26, 31, 41, 45, 57, 70] - 4585, [1, 3, 13, 31, 33, 39, 56, 60, 61, 63, 70] - 5752, [1, 2, 4, 11, 21, 31, 32, 37, 42, 50, 53, 54, 61, 68, 70] - 5192, [1, 2, 9, 21, 22, 24, 34, 41, 47, 56, 61, 68, 70] - 5825, [1, 3, 23, 33, 40, 41, 45, 47, 56, 61, 63, 70] - 4740, [1, 3, 23, 33, 34, 35, 36, 48, 49, 58, 62, 70] - 4586, [1, 4, 11, 21, 23, 25, 33, 41, 46, 49, 55, 56, 57, 70] - 5485, [1, 3, 13, 14, 22, 33, 46, 47, 49, 58, 62, 70] - 4569, [1, 3, 23, 25, 26, 33, 46, 47, 49, 58, 62, 70] - 4565, [1, 3, 12, 13, 22, 33, 41, 44, 53, 61, 63, 70] - 4541, [1, 3, 12, 14, 25, 33, 41, 46, 47, 55, 58, 62, 70] - 4506, [1, 4, 11, 20, 31, 32, 39, 56, 57, 70] - 5024, [1, 2, 4, 11, 20, 21, 31, 40, 44, 50, 53, 61, 65, 67, 69, 70] - 6463, [1, 3, 9, 13, 23, 31, 32, 39, 53, 54, 56, 61, 63, 70] - 4625]
melhor indiv??duo da gera????o:[1, 3, 5, 12, 22, 25, 33, 49, 58, 62, 70] - 3558
gera????o: 4: 
[[1, 2, 9, 11, 20, 31, 33, 49, 55, 58, 62, 70] - 4368, [1, 3, 13, 23, 25, 26, 34, 46, 47, 56, 63, 70] - 4371, [1, 3, 12, 14, 24, 34, 35, 36, 48, 49, 55, 58, 62, 70] - 5165, [1, 2, 9, 11, 21, 31, 32, 39, 44, 50, 53, 61, 65, 68, 70] - 5188, [1, 2, 3, 23, 33, 40, 44, 56, 60, 61, 68, 70] - 5558, [1, 3, 9, 13, 22, 25, 26, 34, 41, 47, 56, 63, 70] - 4807, [1, 3, 12, 14, 24, 36, 48, 49, 55, 57, 70] - 4707, [1, 4, 10, 20, 29, 38, 43, 52, 53, 61, 68, 70] - 5276, [1, 3, 5, 12, 22, 25, 33, 49, 58, 62, 70] - 3558, [1, 2, 4, 10, 20, 32, 37, 39, 40, 41, 45, 47, 49, 58, 62, 70] - 5122, [1, 4, 10, 20, 39, 50, 53, 61, 63, 70] - 4254, [1, 2, 3, 23, 31, 33, 49, 55, 58, 62, 70] - 4097, [1, 4, 10, 11, 20, 37, 39, 42, 51, 59, 60, 61, 65, 68, 70] - 6006, [1, 4, 10, 20, 32, 37, 39, 53, 60, 65, 67, 68, 70] - 6106, [1, 3, 12, 13, 31, 41, 47, 49, 55, 57, 70] - 4303, [1, 3, 13, 14, 24, 36, 48, 49, 55, 58, 62, 70] - 5060, [1, 2, 9, 11, 20, 21, 23, 25, 33, 47, 55, 58, 62, 70] - 4512, [1, 4, 11, 20, 31, 32, 40, 41, 46, 47, 49, 55, 57, 70] - 5572, [1, 3, 12, 13, 31, 32, 39, 53, 61, 65, 67, 69, 70] - 5488, [1, 2, 9, 21, 31, 40, 41, 46, 47, 55, 58, 62, 70] - 4447, [1, 3, 9, 21, 22, 33, 46, 49, 58, 62, 70] - 4238, [1, 2, 3, 13, 40, 44, 56, 61, 65, 68, 70] - 4725, [1, 2, 3, 12, 14, 22, 33, 34, 46, 49, 55, 57, 70] - 4394, [1, 3, 5, 12, 14, 22, 33, 49, 55, 58, 62, 70] - 3923, [1, 3, 13, 40, 44, 50, 53, 54, 56, 63, 70] - 4166, [1, 3, 5, 12, 13, 40, 41, 46, 47, 49, 55, 57, 70] - 4761, [1, 4, 11, 21, 31, 33, 39, 44, 55, 58, 62, 70] - 5183, [1, 2, 9, 21, 22, 25, 26, 31, 41, 45, 57, 70] - 4585, [1, 3, 13, 31, 33, 39, 56, 60, 61, 63, 70] - 5752, [1, 2, 4, 11, 21, 31, 32, 37, 42, 50, 53, 54, 61, 68, 70] - 5192, [1, 2, 9, 21, 22, 24, 34, 41, 47, 56, 61, 68, 70] - 5825, [1, 3, 23, 33, 40, 41, 45, 47, 56, 61, 63, 70] - 4740, [1, 3, 23, 33, 34, 35, 36, 48, 49, 58, 62, 70] - 4586, [1, 4, 11, 21, 23, 25, 33, 41, 46, 49, 55, 56, 57, 70] - 5485, [1, 3, 13, 14, 22, 33, 46, 47, 49, 58, 62, 70] - 4569, [1, 3, 23, 25, 26, 33, 46, 47, 49, 58, 62, 70] - 4565, [1, 3, 12, 13, 22, 33, 41, 44, 53, 61, 63, 70] - 4541, [1, 3, 12, 14, 25, 33, 41, 46, 47, 55, 58, 62, 70] - 4506, [1, 4, 11, 20, 31, 32, 39, 56, 57, 70] - 5024, [1, 2, 4, 11, 20, 21, 31, 40, 44, 50, 53, 61, 65, 67, 69, 70] - 6463, [1, 3, 9, 13, 23, 31, 32, 39, 53, 54, 56, 61, 63, 70] - 4625, [1, 4, 10, 20, 39, 56, 60, 64, 67, 68, 70] - 6005, [1, 2, 4, 10, 20, 21, 23, 25, 33, 34, 35, 49, 58, 62, 70] - 5083, [1, 3, 13, 23, 25, 26, 28, 36, 49, 55, 58, 62, 70] - 4675, [1, 3, 12, 14, 24, 26, 34, 46, 49, 55, 58, 62, 70] - 4592, [1, 3, 12, 22, 25, 26, 28, 34, 35, 36, 48, 49, 55, 58, 62, 70] - 4930, [1, 4, 11, 21, 23, 33, 46, 47, 56, 61, 65, 66, 67, 68, 70] - 6538, [1, 3, 23, 25, 33, 46, 47, 55, 57, 70] - 4018, [1, 4, 10, 11, 21, 23, 31, 40, 44, 56, 63, 70] - 4066, [1, 2, 9, 11, 21, 23, 25, 26, 33, 39, 40, 44, 50, 53, 60, 64, 67, 68, 70] - 6589, [1, 2, 4, 11, 21, 31, 41, 46, 47, 55, 58, 62, 70] - 4749, [1, 3, 13, 31, 41, 46, 47, 49, 58, 62, 70] - 4620, [1, 3, 23, 31, 40, 44, 55, 58, 62, 70] - 4168, [1, 2, 9, 11, 21, 31, 33, 40, 41, 45, 56, 61, 65, 68, 70] - 5087, [1, 4, 11, 21, 31, 40, 41, 44, 45, 56, 57, 70] - 4641, [1, 3, 23, 33, 40, 41, 46, 49, 58, 62, 70] - 4575]
melhor indiv??duo da gera????o:[1, 3, 5, 12, 22, 25, 33, 49, 58, 62, 70] - 3558
gera????o: 5: 
[[1, 2, 9, 11, 20, 31, 33, 49, 55, 58, 62, 70] - 4368, [1, 3, 13, 23, 25, 26, 34, 46, 47, 56, 63, 70] - 4371, [1, 3, 12, 14, 24, 34, 35, 36, 48, 49, 55, 58, 62, 70] - 5165, [1, 2, 9, 11, 21, 31, 32, 39, 44, 50, 53, 61, 65, 68, 70] - 5188, [1, 2, 3, 23, 33, 40, 44, 56, 60, 61, 68, 70] - 5558, [1, 3, 9, 13, 22, 25, 26, 34, 41, 47, 56, 63, 70] - 4807, [1, 3, 12, 14, 24, 36, 48, 49, 55, 57, 70] - 4707, [1, 4, 10, 20, 29, 38, 43, 52, 53, 61, 68, 70] - 5276, [1, 3, 5, 12, 22, 25, 33, 49, 58, 62, 70] - 3558, [1, 2, 4, 10, 20, 32, 37, 39, 40, 41, 45, 47, 49, 58, 62, 70] - 5122, [1, 4, 10, 20, 39, 50, 53, 61, 63, 70] - 4254, [1, 2, 3, 23, 31, 33, 49, 55, 58, 62, 70] - 4097, [1, 4, 10, 11, 20, 37, 39, 42, 51, 59, 60, 61, 65, 68, 70] - 6006, [1, 4, 10, 20, 32, 37, 39, 53, 60, 65, 67, 68, 70] - 6106, [1, 3, 12, 13, 31, 41, 47, 49, 55, 57, 70] - 4303, [1, 3, 13, 14, 24, 36, 48, 49, 55, 58, 62, 70] - 5060, [1, 2, 9, 11, 20, 21, 23, 25, 33, 47, 55, 58, 62, 70] - 4512, [1, 4, 11, 20, 31, 32, 40, 41, 46, 47, 49, 55, 57, 70] - 5572, [1, 3, 12, 13, 31, 32, 39, 53, 61, 65, 67, 69, 70] - 5488, [1, 2, 9, 21, 31, 40, 41, 46, 47, 55, 58, 62, 70] - 4447, [1, 3, 9, 21, 22, 33, 46, 49, 58, 62, 70] - 4238, [1, 2, 3, 13, 40, 44, 56, 61, 65, 68, 70] - 4725, [1, 2, 3, 12, 14, 22, 33, 34, 46, 49, 55, 57, 70] - 4394, [1, 3, 5, 12, 14, 22, 33, 49, 55, 58, 62, 70] - 3923, [1, 3, 13, 40, 44, 50, 53, 54, 56, 63, 70] - 4166, [1, 3, 5, 12, 13, 40, 41, 46, 47, 49, 55, 57, 70] - 4761, [1, 4, 11, 21, 31, 33, 39, 44, 55, 58, 62, 70] - 5183, [1, 2, 9, 21, 22, 25, 26, 31, 41, 45, 57, 70] - 4585, [1, 3, 13, 31, 33, 39, 56, 60, 61, 63, 70] - 5752, [1, 2, 4, 11, 21, 31, 32, 37, 42, 50, 53, 54, 61, 68, 70] - 5192, [1, 2, 9, 21, 22, 24, 34, 41, 47, 56, 61, 68, 70] - 5825, [1, 3, 23, 33, 40, 41, 45, 47, 56, 61, 63, 70] - 4740, [1, 3, 23, 33, 34, 35, 36, 48, 49, 58, 62, 70] - 4586, [1, 4, 11, 21, 23, 25, 33, 41, 46, 49, 55, 56, 57, 70] - 5485, [1, 3, 13, 14, 22, 33, 46, 47, 49, 58, 62, 70] - 4569, [1, 3, 23, 25, 26, 33, 46, 47, 49, 58, 62, 70] - 4565, [1, 3, 12, 13, 22, 33, 41, 44, 53, 61, 63, 70] - 4541, [1, 3, 12, 14, 25, 33, 41, 46, 47, 55, 58, 62, 70] - 4506, [1, 4, 11, 20, 31, 32, 39, 56, 57, 70] - 5024, [1, 2, 4, 11, 20, 21, 31, 40, 44, 50, 53, 61, 65, 67, 69, 70] - 6463, [1, 3, 9, 13, 23, 31, 32, 39, 53, 54, 56, 61, 63, 70] - 4625, [1, 4, 10, 20, 39, 56, 60, 64, 67, 68, 70] - 6005, [1, 2, 4, 10, 20, 21, 23, 25, 33, 34, 35, 49, 58, 62, 70] - 5083, [1, 3, 13, 23, 25, 26, 28, 36, 49, 55, 58, 62, 70] - 4675, [1, 3, 12, 14, 24, 26, 34, 46, 49, 55, 58, 62, 70] - 4592, [1, 3, 12, 22, 25, 26, 28, 34, 35, 36, 48, 49, 55, 58, 62, 70] - 4930, [1, 4, 11, 21, 23, 33, 46, 47, 56, 61, 65, 66, 67, 68, 70] - 6538, [1, 3, 23, 25, 33, 46, 47, 55, 57, 70] - 4018, [1, 4, 10, 11, 21, 23, 31, 40, 44, 56, 63, 70] - 4066, [1, 2, 9, 11, 21, 23, 25, 26, 33, 39, 40, 44, 50, 53, 60, 64, 67, 68, 70] - 6589, [1, 2, 4, 11, 21, 31, 41, 46, 47, 55, 58, 62, 70] - 4749, [1, 3, 13, 31, 41, 46, 47, 49, 58, 62, 70] - 4620, [1, 3, 23, 31, 40, 44, 55, 58, 62, 70] - 4168, [1, 2, 9, 11, 21, 31, 33, 40, 41, 45, 56, 61, 65, 68, 70] - 5087, [1, 4, 11, 21, 31, 40, 41, 44, 45, 56, 57, 70] - 4641, [1, 3, 23, 33, 40, 41, 46, 49, 58, 62, 70] - 4575, [1, 4, 10, 20, 21, 23, 33, 47, 55, 58, 62, 70] - 4271, [1, 2, 3, 5, 6, 8, 15, 17, 26, 31, 40, 44, 56, 61, 63, 70] - 5110, [1, 3, 12, 22, 24, 36, 48, 58, 62, 70] - 4537, [1, 2, 9, 21, 31, 33, 46, 49, 55, 57, 70] - 4111, [1, 4, 11, 21, 23, 33, 34, 41, 45, 57, 70] - 4551, [1, 4, 10, 11, 20, 21, 23, 33, 46, 47, 49, 55, 58, 62, 70] - 5314, [1, 2, 4, 10, 11, 20, 37, 38, 43, 51, 59, 66, 67, 69, 70] - 5737, [1, 4, 10, 20, 30, 31, 41, 44, 55, 58, 62, 70] - 4784, [1, 3, 13, 21, 31, 41, 45, 57, 70] - 3896, [1, 2, 3, 23, 25, 33, 34, 46, 49, 55, 56, 60, 64, 67, 69, 70] - 6521, [1, 3, 13, 40, 41, 47, 56, 57, 70] - 4589, [1, 4, 10, 11, 21, 23, 25, 33, 46, 47, 55, 56, 57, 70] - 4968, [1, 2, 4, 10, 11, 21, 31, 32, 37, 38, 43, 52, 53, 61, 68, 70] - 5572, [1, 3, 23, 31, 33, 47, 56, 60, 65, 68, 70] - 5483, [1, 4, 10, 11, 20, 29, 38, 43, 51, 59, 66, 67, 69, 70] - 5812, [1, 4, 10, 20, 32, 39, 42, 43, 51, 59, 64, 67, 68, 70] - 6058, [1, 4, 10, 11, 20, 31, 41, 44, 56, 61, 68, 70] - 5186, [1, 4, 10, 20, 37, 39, 50, 53, 60, 64, 65, 67, 68, 70] - 5938, [1, 3, 12, 13, 23, 33, 39, 56, 60, 64, 66, 67, 69, 70] - 6326, [1, 4, 11, 21, 31, 32, 39, 40, 41, 46, 47, 56, 60, 65, 66, 67, 69, 70] - 7622]
melhor indiv??duo da gera????o:[1, 3, 5, 12, 22, 25, 33, 49, 58, 62, 70] - 3558
gera????o: 6: 
[[1, 2, 9, 11, 20, 31, 33, 49, 55, 58, 62, 70] - 4368, [1, 3, 13, 23, 25, 26, 34, 46, 47, 56, 63, 70] - 4371, [1, 3, 12, 14, 24, 34, 35, 36, 48, 49, 55, 58, 62, 70] - 5165, [1, 2, 9, 11, 21, 31, 32, 39, 44, 50, 53, 61, 65, 68, 70] - 5188, [1, 2, 3, 23, 33, 40, 44, 56, 60, 61, 68, 70] - 5558, [1, 3, 9, 13, 22, 25, 26, 34, 41, 47, 56, 63, 70] - 4807, [1, 3, 12, 14, 24, 36, 48, 49, 55, 57, 70] - 4707, [1, 4, 10, 20, 29, 38, 43, 52, 53, 61, 68, 70] - 5276, [1, 3, 5, 12, 22, 25, 33, 49, 58, 62, 70] - 3558, [1, 2, 4, 10, 20, 32, 37, 39, 40, 41, 45, 47, 49, 58, 62, 70] - 5122, [1, 4, 10, 20, 39, 50, 53, 61, 63, 70] - 4254, [1, 2, 3, 23, 31, 33, 49, 55, 58, 62, 70] - 4097, [1, 4, 10, 11, 20, 37, 39, 42, 51, 59, 60, 61, 65, 68, 70] - 6006, [1, 4, 10, 20, 32, 37, 39, 53, 60, 65, 67, 68, 70] - 6106, [1, 3, 12, 13, 31, 41, 47, 49, 55, 57, 70] - 4303, [1, 3, 13, 14, 24, 36, 48, 49, 55, 58, 62, 70] - 5060, [1, 2, 9, 11, 20, 21, 23, 25, 33, 47, 55, 58, 62, 70] - 4512, [1, 4, 11, 20, 31, 32, 40, 41, 46, 47, 49, 55, 57, 70] - 5572, [1, 3, 12, 13, 31, 32, 39, 53, 61, 65, 67, 69, 70] - 5488, [1, 2, 9, 21, 31, 40, 41, 46, 47, 55, 58, 62, 70] - 4447, [1, 3, 9, 21, 22, 33, 46, 49, 58, 62, 70] - 4238, [1, 2, 3, 13, 40, 44, 56, 61, 65, 68, 70] - 4725, [1, 2, 3, 12, 14, 22, 33, 34, 46, 49, 55, 57, 70] - 4394, [1, 3, 5, 12, 14, 22, 33, 49, 55, 58, 62, 70] - 3923, [1, 3, 13, 40, 44, 50, 53, 54, 56, 63, 70] - 4166, [1, 3, 5, 12, 13, 40, 41, 46, 47, 49, 55, 57, 70] - 4761, [1, 4, 11, 21, 31, 33, 39, 44, 55, 58, 62, 70] - 5183, [1, 2, 9, 21, 22, 25, 26, 31, 41, 45, 57, 70] - 4585, [1, 3, 13, 31, 33, 39, 56, 60, 61, 63, 70] - 5752, [1, 2, 4, 11, 21, 31, 32, 37, 42, 50, 53, 54, 61, 68, 70] - 5192, [1, 2, 9, 21, 22, 24, 34, 41, 47, 56, 61, 68, 70] - 5825, [1, 3, 23, 33, 40, 41, 45, 47, 56, 61, 63, 70] - 4740, [1, 3, 23, 33, 34, 35, 36, 48, 49, 58, 62, 70] - 4586, [1, 4, 11, 21, 23, 25, 33, 41, 46, 49, 55, 56, 57, 70] - 5485, [1, 3, 13, 14, 22, 33, 46, 47, 49, 58, 62, 70] - 4569, [1, 3, 23, 25, 26, 33, 46, 47, 49, 58, 62, 70] - 4565, [1, 3, 12, 13, 22, 33, 41, 44, 53, 61, 63, 70] - 4541, [1, 3, 12, 14, 25, 33, 41, 46, 47, 55, 58, 62, 70] - 4506, [1, 4, 11, 20, 31, 32, 39, 56, 57, 70] - 5024, [1, 2, 4, 11, 20, 21, 31, 40, 44, 50, 53, 61, 65, 67, 69, 70] - 6463, [1, 3, 9, 13, 23, 31, 32, 39, 53, 54, 56, 61, 63, 70] - 4625, [1, 4, 10, 20, 39, 56, 60, 64, 67, 68, 70] - 6005, [1, 2, 4, 10, 20, 21, 23, 25, 33, 34, 35, 49, 58, 62, 70] - 5083, [1, 3, 13, 23, 25, 26, 28, 36, 49, 55, 58, 62, 70] - 4675, [1, 3, 12, 14, 24, 26, 34, 46, 49, 55, 58, 62, 70] - 4592, [1, 3, 12, 22, 25, 26, 28, 34, 35, 36, 48, 49, 55, 58, 62, 70] - 4930, [1, 4, 11, 21, 23, 33, 46, 47, 56, 61, 65, 66, 67, 68, 70] - 6538, [1, 3, 23, 25, 33, 46, 47, 55, 57, 70] - 4018, [1, 4, 10, 11, 21, 23, 31, 40, 44, 56, 63, 70] - 4066, [1, 2, 9, 11, 21, 23, 25, 26, 33, 39, 40, 44, 50, 53, 60, 64, 67, 68, 70] - 6589, [1, 2, 4, 11, 21, 31, 41, 46, 47, 55, 58, 62, 70] - 4749, [1, 3, 13, 31, 41, 46, 47, 49, 58, 62, 70] - 4620, [1, 3, 23, 31, 40, 44, 55, 58, 62, 70] - 4168, [1, 2, 9, 11, 21, 31, 33, 40, 41, 45, 56, 61, 65, 68, 70] - 5087, [1, 4, 11, 21, 31, 40, 41, 44, 45, 56, 57, 70] - 4641, [1, 3, 23, 33, 40, 41, 46, 49, 58, 62, 70] - 4575, [1, 4, 10, 20, 21, 23, 33, 47, 55, 58, 62, 70] - 4271, [1, 2, 3, 5, 6, 8, 15, 17, 26, 31, 40, 44, 56, 61, 63, 70] - 5110, [1, 3, 12, 22, 24, 36, 48, 58, 62, 70] - 4537, [1, 2, 9, 21, 31, 33, 46, 49, 55, 57, 70] - 4111, [1, 4, 11, 21, 23, 33, 34, 41, 45, 57, 70] - 4551, [1, 4, 10, 11, 20, 21, 23, 33, 46, 47, 49, 55, 58, 62, 70] - 5314, [1, 2, 4, 10, 11, 20, 37, 38, 43, 51, 59, 66, 67, 69, 70] - 5737, [1, 4, 10, 20, 30, 31, 41, 44, 55, 58, 62, 70] - 4784, [1, 3, 13, 21, 31, 41, 45, 57, 70] - 3896, [1, 2, 3, 23, 25, 33, 34, 46, 49, 55, 56, 60, 64, 67, 69, 70] - 6521, [1, 3, 13, 40, 41, 47, 56, 57, 70] - 4589, [1, 4, 10, 11, 21, 23, 25, 33, 46, 47, 55, 56, 57, 70] - 4968, [1, 2, 4, 10, 11, 21, 31, 32, 37, 38, 43, 52, 53, 61, 68, 70] - 5572, [1, 3, 23, 31, 33, 47, 56, 60, 65, 68, 70] - 5483, [1, 4, 10, 11, 20, 29, 38, 43, 51, 59, 66, 67, 69, 70] - 5812, [1, 4, 10, 20, 32, 39, 42, 43, 51, 59, 64, 67, 68, 70] - 6058, [1, 4, 10, 11, 20, 31, 41, 44, 56, 61, 68, 70] - 5186, [1, 4, 10, 20, 37, 39, 50, 53, 60, 64, 65, 67, 68, 70] - 5938, [1, 3, 12, 13, 23, 33, 39, 56, 60, 64, 66, 67, 69, 70] - 6326, [1, 3, 5, 6, 17, 24, 28, 36, 49, 58, 62, 70] - 4088, [1, 2, 3, 5, 6, 7, 17, 24, 34, 46, 49, 55, 57, 70] - 4189, [1, 3, 5, 12, 13, 22, 24, 27, 35, 49, 55, 57, 70] - 4811, [1, 4, 10, 20, 29, 38, 43, 52, 53, 54, 56, 61, 63, 70] - 5107, [1, 3, 13, 21, 31, 32, 40, 44, 54, 56, 61, 68, 70] - 4579, [1, 4, 10, 11, 21, 23, 31, 33, 49, 55, 57, 70] - 4074, [1, 3, 5, 12, 14, 24, 27, 28, 35, 46, 47, 55, 58, 62, 70] - 5086, [1, 3, 9, 21, 23, 31, 32, 39, 56, 60, 64, 65, 67, 69, 70] - 6630, [1, 2, 4, 10, 11, 21, 23, 25, 33, 47, 49, 55, 56, 57, 70] - 4990, [1, 4, 10, 11, 21, 23, 33, 40, 44, 55, 57, 70] - 4382, [1, 3, 23, 25, 33, 47, 56, 57, 70] - 4224, [1, 2, 3, 9, 11, 21, 22, 23, 25, 33, 40, 44, 45, 56, 61, 68, 70] - 5325, [1, 3, 23, 33, 39, 53, 60, 65, 67, 68, 70] - 5992, [1, 2, 9, 11, 21, 23, 31, 32, 40, 44, 56, 57, 70] - 4249, [1, 4, 10, 11, 20, 29, 37, 39, 50, 53, 61, 63, 70] - 4668, [1, 3, 12, 22, 33, 49, 58, 62, 70] - 3511, [1, 2, 3, 13, 40, 44, 50, 53, 61, 63, 70] - 4339, [1, 2, 3, 12, 14, 22, 24, 36, 48, 58, 62, 70] - 4830, [1, 4, 10, 11, 20, 39, 42, 52, 53, 60, 64, 66, 67, 69, 70] - 6074, [1, 3, 5, 12, 14, 26, 34, 35, 36, 48, 58, 62, 70] - 4383, [1, 2, 3, 13, 22, 24, 27, 35, 36, 49, 55, 56, 63, 70] - 5686, [1, 4, 10, 11, 20, 37, 39, 56, 61, 65, 67, 68, 70] - 5984, [1, 2, 9, 11, 20, 29, 38, 43, 52, 60, 61, 63, 70] - 5105, [1, 2, 4, 11, 20, 21, 23, 33, 46, 49, 55, 58, 62, 70] - 5209, [1, 2, 3, 9, 13, 14, 17, 18, 24, 28, 36, 49, 55, 58, 62, 70] - 5689, [1, 3, 9, 13, 40, 44, 56, 60, 61, 63, 70] - 4981, [1, 4, 11, 21, 22, 23, 31, 40, 41, 45, 57, 70] - 4355, [1, 3, 9, 11, 20, 39, 42, 43, 52, 59, 66, 67, 69, 70] - 6501]
melhor indiv??duo da gera????o:[1, 3, 12, 22, 33, 49, 58, 62, 70] - 3511
gera????o: 7: 
[[1, 2, 9, 11, 20, 31, 33, 49, 55, 58, 62, 70] - 4368, [1, 3, 13, 23, 25, 26, 34, 46, 47, 56, 63, 70] - 4371, [1, 3, 12, 14, 24, 34, 35, 36, 48, 49, 55, 58, 62, 70] - 5165, [1, 2, 9, 11, 21, 31, 32, 39, 44, 50, 53, 61, 65, 68, 70] - 5188, [1, 2, 3, 23, 33, 40, 44, 56, 60, 61, 68, 70] - 5558, [1, 3, 9, 13, 22, 25, 26, 34, 41, 47, 56, 63, 70] - 4807, [1, 3, 12, 14, 24, 36, 48, 49, 55, 57, 70] - 4707, [1, 4, 10, 20, 29, 38, 43, 52, 53, 61, 68, 70] - 5276, [1, 3, 5, 12, 22, 25, 33, 49, 58, 62, 70] - 3558, [1, 2, 4, 10, 20, 32, 37, 39, 40, 41, 45, 47, 49, 58, 62, 70] - 5122, [1, 4, 10, 20, 39, 50, 53, 61, 63, 70] - 4254, [1, 2, 3, 23, 31, 33, 49, 55, 58, 62, 70] - 4097, [1, 4, 10, 11, 20, 37, 39, 42, 51, 59, 60, 61, 65, 68, 70] - 6006, [1, 4, 10, 20, 32, 37, 39, 53, 60, 65, 67, 68, 70] - 6106, [1, 3, 12, 13, 31, 41, 47, 49, 55, 57, 70] - 4303, [1, 3, 13, 14, 24, 36, 48, 49, 55, 58, 62, 70] - 5060, [1, 2, 9, 11, 20, 21, 23, 25, 33, 47, 55, 58, 62, 70] - 4512, [1, 4, 11, 20, 31, 32, 40, 41, 46, 47, 49, 55, 57, 70] - 5572, [1, 3, 12, 13, 31, 32, 39, 53, 61, 65, 67, 69, 70] - 5488, [1, 2, 9, 21, 31, 40, 41, 46, 47, 55, 58, 62, 70] - 4447, [1, 3, 9, 21, 22, 33, 46, 49, 58, 62, 70] - 4238, [1, 2, 3, 13, 40, 44, 56, 61, 65, 68, 70] - 4725, [1, 2, 3, 12, 14, 22, 33, 34, 46, 49, 55, 57, 70] - 4394, [1, 3, 5, 12, 14, 22, 33, 49, 55, 58, 62, 70] - 3923, [1, 3, 13, 40, 44, 50, 53, 54, 56, 63, 70] - 4166, [1, 3, 5, 12, 13, 40, 41, 46, 47, 49, 55, 57, 70] - 4761, [1, 4, 11, 21, 31, 33, 39, 44, 55, 58, 62, 70] - 5183, [1, 2, 9, 21, 22, 25, 26, 31, 41, 45, 57, 70] - 4585, [1, 3, 13, 31, 33, 39, 56, 60, 61, 63, 70] - 5752, [1, 2, 4, 11, 21, 31, 32, 37, 42, 50, 53, 54, 61, 68, 70] - 5192, [1, 2, 9, 21, 22, 24, 34, 41, 47, 56, 61, 68, 70] - 5825, [1, 3, 23, 33, 40, 41, 45, 47, 56, 61, 63, 70] - 4740, [1, 3, 23, 33, 34, 35, 36, 48, 49, 58, 62, 70] - 4586, [1, 4, 11, 21, 23, 25, 33, 41, 46, 49, 55, 56, 57, 70] - 5485, [1, 3, 13, 14, 22, 33, 46, 47, 49, 58, 62, 70] - 4569, [1, 3, 23, 25, 26, 33, 46, 47, 49, 58, 62, 70] - 4565, [1, 3, 12, 13, 22, 33, 41, 44, 53, 61, 63, 70] - 4541, [1, 3, 12, 14, 25, 33, 41, 46, 47, 55, 58, 62, 70] - 4506, [1, 4, 11, 20, 31, 32, 39, 56, 57, 70] - 5024, [1, 2, 4, 11, 20, 21, 31, 40, 44, 50, 53, 61, 65, 67, 69, 70] - 6463, [1, 3, 9, 13, 23, 31, 32, 39, 53, 54, 56, 61, 63, 70] - 4625, [1, 4, 10, 20, 39, 56, 60, 64, 67, 68, 70] - 6005, [1, 2, 4, 10, 20, 21, 23, 25, 33, 34, 35, 49, 58, 62, 70] - 5083, [1, 3, 13, 23, 25, 26, 28, 36, 49, 55, 58, 62, 70] - 4675, [1, 3, 12, 14, 24, 26, 34, 46, 49, 55, 58, 62, 70] - 4592, [1, 3, 12, 22, 25, 26, 28, 34, 35, 36, 48, 49, 55, 58, 62, 70] - 4930, [1, 4, 11, 21, 23, 33, 46, 47, 56, 61, 65, 66, 67, 68, 70] - 6538, [1, 3, 23, 25, 33, 46, 47, 55, 57, 70] - 4018, [1, 4, 10, 11, 21, 23, 31, 40, 44, 56, 63, 70] - 4066, [1, 2, 9, 11, 21, 23, 25, 26, 33, 39, 40, 44, 50, 53, 60, 64, 67, 68, 70] - 6589, [1, 2, 4, 11, 21, 31, 41, 46, 47, 55, 58, 62, 70] - 4749, [1, 3, 13, 31, 41, 46, 47, 49, 58, 62, 70] - 4620, [1, 3, 23, 31, 40, 44, 55, 58, 62, 70] - 4168, [1, 2, 9, 11, 21, 31, 33, 40, 41, 45, 56, 61, 65, 68, 70] - 5087, [1, 4, 11, 21, 31, 40, 41, 44, 45, 56, 57, 70] - 4641, [1, 3, 23, 33, 40, 41, 46, 49, 58, 62, 70] - 4575, [1, 4, 10, 20, 21, 23, 33, 47, 55, 58, 62, 70] - 4271, [1, 2, 3, 5, 6, 8, 15, 17, 26, 31, 40, 44, 56, 61, 63, 70] - 5110, [1, 3, 12, 22, 24, 36, 48, 58, 62, 70] - 4537, [1, 2, 9, 21, 31, 33, 46, 49, 55, 57, 70] - 4111, [1, 4, 11, 21, 23, 33, 34, 41, 45, 57, 70] - 4551, [1, 4, 10, 11, 20, 21, 23, 33, 46, 47, 49, 55, 58, 62, 70] - 5314, [1, 2, 4, 10, 11, 20, 37, 38, 43, 51, 59, 66, 67, 69, 70] - 5737, [1, 4, 10, 20, 30, 31, 41, 44, 55, 58, 62, 70] - 4784, [1, 3, 13, 21, 31, 41, 45, 57, 70] - 3896, [1, 2, 3, 23, 25, 33, 34, 46, 49, 55, 56, 60, 64, 67, 69, 70] - 6521, [1, 3, 13, 40, 41, 47, 56, 57, 70] - 4589, [1, 4, 10, 11, 21, 23, 25, 33, 46, 47, 55, 56, 57, 70] - 4968, [1, 2, 4, 10, 11, 21, 31, 32, 37, 38, 43, 52, 53, 61, 68, 70] - 5572, [1, 3, 23, 31, 33, 47, 56, 60, 65, 68, 70] - 5483, [1, 4, 10, 11, 20, 29, 38, 43, 51, 59, 66, 67, 69, 70] - 5812, [1, 4, 10, 20, 32, 39, 42, 43, 51, 59, 64, 67, 68, 70] - 6058, [1, 4, 10, 11, 20, 31, 41, 44, 56, 61, 68, 70] - 5186, [1, 4, 10, 20, 37, 39, 50, 53, 60, 64, 65, 67, 68, 70] - 5938, [1, 3, 12, 13, 23, 33, 39, 56, 60, 64, 66, 67, 69, 70] - 6326, [1, 3, 5, 6, 17, 24, 28, 36, 49, 58, 62, 70] - 4088, [1, 2, 3, 5, 6, 7, 17, 24, 34, 46, 49, 55, 57, 70] - 4189, [1, 3, 5, 12, 13, 22, 24, 27, 35, 49, 55, 57, 70] - 4811, [1, 4, 10, 20, 29, 38, 43, 52, 53, 54, 56, 61, 63, 70] - 5107, [1, 3, 13, 21, 31, 32, 40, 44, 54, 56, 61, 68, 70] - 4579, [1, 4, 10, 11, 21, 23, 31, 33, 49, 55, 57, 70] - 4074, [1, 3, 5, 12, 14, 24, 27, 28, 35, 46, 47, 55, 58, 62, 70] - 5086, [1, 3, 9, 21, 23, 31, 32, 39, 56, 60, 64, 65, 67, 69, 70] - 6630, [1, 2, 4, 10, 11, 21, 23, 25, 33, 47, 49, 55, 56, 57, 70] - 4990, [1, 4, 10, 11, 21, 23, 33, 40, 44, 55, 57, 70] - 4382, [1, 3, 23, 25, 33, 47, 56, 57, 70] - 4224, [1, 2, 3, 9, 11, 21, 22, 23, 25, 33, 40, 44, 45, 56, 61, 68, 70] - 5325, [1, 3, 23, 33, 39, 53, 60, 65, 67, 68, 70] - 5992, [1, 2, 9, 11, 21, 23, 31, 32, 40, 44, 56, 57, 70] - 4249, [1, 4, 10, 11, 20, 29, 37, 39, 50, 53, 61, 63, 70] - 4668, [1, 3, 12, 22, 33, 49, 58, 62, 70] - 3511, [1, 2, 3, 13, 40, 44, 50, 53, 61, 63, 70] - 4339, [1, 2, 3, 12, 14, 22, 24, 36, 48, 58, 62, 70] - 4830, [1, 4, 10, 11, 20, 39, 42, 52, 53, 60, 64, 66, 67, 69, 70] - 6074, [1, 3, 5, 12, 14, 26, 34, 35, 36, 48, 58, 62, 70] - 4383, [1, 2, 3, 13, 22, 24, 27, 35, 36, 49, 55, 56, 63, 70] - 5686, [1, 4, 10, 11, 20, 37, 39, 56, 61, 65, 67, 68, 70] - 5984, [1, 2, 9, 11, 20, 29, 38, 43, 52, 60, 61, 63, 70] - 5105, [1, 2, 4, 11, 20, 21, 23, 33, 46, 49, 55, 58, 62, 70] - 5209, [1, 2, 3, 9, 13, 14, 17, 18, 24, 28, 36, 49, 55, 58, 62, 70] - 5689, [1, 3, 9, 13, 40, 44, 56, 60, 61, 63, 70] - 4981, [1, 4, 11, 21, 22, 23, 31, 40, 41, 45, 57, 70] - 4355, [1, 3, 9, 11, 20, 39, 42, 43, 52, 59, 66, 67, 69, 70] - 6501, [1, 4, 11, 20, 29, 37, 38, 43, 52, 53, 60, 61, 68, 70] - 6102, [1, 2, 4, 11, 20, 31, 33, 41, 44, 56, 57, 70] - 5083, [1, 3, 5, 6, 17, 26, 34, 46, 47, 49, 55, 57, 70] - 4229, [1, 4, 10, 20, 30, 31, 33, 47, 55, 58, 62, 70] - 4216, [1, 2, 3, 5, 12, 13, 22, 24, 34, 41, 47, 55, 56, 63, 70] - 5452, [1, 2, 3, 5, 6, 26, 33, 46, 49, 55, 57, 70] - 4394, [1, 2, 9, 11, 20, 30, 31, 33, 41, 47, 49, 58, 62, 70] - 4791, [1, 2, 4, 10, 20, 21, 23, 33, 40, 44, 56, 60, 61, 68, 70] - 6202, [1, 4, 11, 21, 31, 40, 41, 47, 49, 58, 62, 70] - 4448, [1, 4, 10, 20, 21, 23, 31, 40, 41, 47, 49, 58, 62, 70] - 5027, [1, 3, 23, 25, 33, 34, 35, 36, 48, 58, 62, 70] - 4653, [1, 3, 23, 33, 40, 44, 53, 54, 61, 63, 70] - 4443, [1, 2, 9, 13, 40, 41, 45, 47, 55, 56, 63, 70] - 4335, [1, 3, 12, 22, 33, 34, 46, 47, 55, 56, 63, 70] - 4449, [1, 3, 23, 31, 32, 40, 41, 45, 57, 70] - 3998, [1, 3, 5, 12, 14, 26, 34, 41, 45, 56, 61, 63, 70] - 4399, [1, 3, 13, 31, 41, 47, 56, 61, 65, 66, 67, 69, 70] - 6098, [1, 3, 13, 23, 25, 33, 47, 49, 55, 58, 62, 70] - 4198, [1, 2, 9, 13, 21, 23, 33, 39, 50, 53, 54, 61, 65, 68, 70] - 5337, [1, 2, 3, 5, 12, 22, 24, 36, 49, 58, 62, 70] - 4660, [1, 2, 4, 10, 11, 20, 32, 40, 44, 56, 57, 70] - 4587, [1, 4, 11, 20, 30, 31, 41, 47, 56, 63, 70] - 5086, [1, 2, 3, 23, 33, 39, 42, 50, 53, 61, 65, 67, 69, 70] - 6410, [1, 4, 11, 21, 22, 23, 33, 34, 35, 46, 47, 55, 58, 62, 70] - 4927, [1, 2, 4, 11, 20, 29, 37, 42, 50, 53, 61, 68, 70] - 5299, [1, 2, 4, 10, 20, 29, 38, 43, 51, 59, 60, 64, 66, 67, 69, 70] - 5703, [1, 3, 23, 31, 40, 41, 45, 56, 57, 70] - 4201, [1, 3, 9, 21, 23, 25, 33, 41, 44, 56, 60, 61, 65, 68, 70] - 6045, [1, 4, 11, 20, 37, 38, 43, 52, 59, 60, 64, 66, 67, 68, 70] - 6464, [1, 4, 11, 20, 32, 39, 44, 54, 61, 63, 70] - 4690, [1, 4, 11, 20, 21, 22, 24, 34, 41, 47, 55, 57, 70] - 5830, [1, 2, 4, 11, 20, 30, 31, 41, 44, 45, 47, 56, 61, 65, 68, 70] - 6334, [1, 2, 4, 10, 11, 21, 23, 33, 40, 44, 45, 47, 55, 58, 62, 70] - 4638, [1, 3, 12, 14, 22, 25, 26, 33, 46, 47, 55, 58, 62, 70] - 4492, [1, 3, 5, 6, 8, 15, 17, 24, 34, 46, 47, 55, 57, 70] - 4220, [1, 4, 11, 21, 23, 31, 32, 39, 50, 53, 54, 61, 63, 70] - 4596]
melhor indiv??duo da gera????o:[1, 3, 12, 22, 33, 49, 58, 62, 70] - 3511
gera????o: 8: 
[[1, 2, 9, 11, 20, 31, 33, 49, 55, 58, 62, 70] - 4368, [1, 3, 13, 23, 25, 26, 34, 46, 47, 56, 63, 70] - 4371, [1, 3, 12, 14, 24, 34, 35, 36, 48, 49, 55, 58, 62, 70] - 5165, [1, 2, 9, 11, 21, 31, 32, 39, 44, 50, 53, 61, 65, 68, 70] - 5188, [1, 2, 3, 23, 33, 40, 44, 56, 60, 61, 68, 70] - 5558, [1, 3, 9, 13, 22, 25, 26, 34, 41, 47, 56, 63, 70] - 4807, [1, 3, 12, 14, 24, 36, 48, 49, 55, 57, 70] - 4707, [1, 4, 10, 20, 29, 38, 43, 52, 53, 61, 68, 70] - 5276, [1, 3, 5, 12, 22, 25, 33, 49, 58, 62, 70] - 3558, [1, 2, 4, 10, 20, 32, 37, 39, 40, 41, 45, 47, 49, 58, 62, 70] - 5122, [1, 4, 10, 20, 39, 50, 53, 61, 63, 70] - 4254, [1, 2, 3, 23, 31, 33, 49, 55, 58, 62, 70] - 4097, [1, 4, 10, 11, 20, 37, 39, 42, 51, 59, 60, 61, 65, 68, 70] - 6006, [1, 4, 10, 20, 32, 37, 39, 53, 60, 65, 67, 68, 70] - 6106, [1, 3, 12, 13, 31, 41, 47, 49, 55, 57, 70] - 4303, [1, 3, 13, 14, 24, 36, 48, 49, 55, 58, 62, 70] - 5060, [1, 2, 9, 11, 20, 21, 23, 25, 33, 47, 55, 58, 62, 70] - 4512, [1, 4, 11, 20, 31, 32, 40, 41, 46, 47, 49, 55, 57, 70] - 5572, [1, 3, 12, 13, 31, 32, 39, 53, 61, 65, 67, 69, 70] - 5488, [1, 2, 9, 21, 31, 40, 41, 46, 47, 55, 58, 62, 70] - 4447, [1, 3, 9, 21, 22, 33, 46, 49, 58, 62, 70] - 4238, [1, 2, 3, 13, 40, 44, 56, 61, 65, 68, 70] - 4725, [1, 2, 3, 12, 14, 22, 33, 34, 46, 49, 55, 57, 70] - 4394, [1, 3, 5, 12, 14, 22, 33, 49, 55, 58, 62, 70] - 3923, [1, 3, 13, 40, 44, 50, 53, 54, 56, 63, 70] - 4166, [1, 3, 5, 12, 13, 40, 41, 46, 47, 49, 55, 57, 70] - 4761, [1, 4, 11, 21, 31, 33, 39, 44, 55, 58, 62, 70] - 5183, [1, 2, 9, 21, 22, 25, 26, 31, 41, 45, 57, 70] - 4585, [1, 3, 13, 31, 33, 39, 56, 60, 61, 63, 70] - 5752, [1, 2, 4, 11, 21, 31, 32, 37, 42, 50, 53, 54, 61, 68, 70] - 5192, [1, 2, 9, 21, 22, 24, 34, 41, 47, 56, 61, 68, 70] - 5825, [1, 3, 23, 33, 40, 41, 45, 47, 56, 61, 63, 70] - 4740, [1, 3, 23, 33, 34, 35, 36, 48, 49, 58, 62, 70] - 4586, [1, 4, 11, 21, 23, 25, 33, 41, 46, 49, 55, 56, 57, 70] - 5485, [1, 3, 13, 14, 22, 33, 46, 47, 49, 58, 62, 70] - 4569, [1, 3, 23, 25, 26, 33, 46, 47, 49, 58, 62, 70] - 4565, [1, 3, 12, 13, 22, 33, 41, 44, 53, 61, 63, 70] - 4541, [1, 3, 12, 14, 25, 33, 41, 46, 47, 55, 58, 62, 70] - 4506, [1, 4, 11, 20, 31, 32, 39, 56, 57, 70] - 5024, [1, 2, 4, 11, 20, 21, 31, 40, 44, 50, 53, 61, 65, 67, 69, 70] - 6463, [1, 3, 9, 13, 23, 31, 32, 39, 53, 54, 56, 61, 63, 70] - 4625, [1, 4, 10, 20, 39, 56, 60, 64, 67, 68, 70] - 6005, [1, 2, 4, 10, 20, 21, 23, 25, 33, 34, 35, 49, 58, 62, 70] - 5083, [1, 3, 13, 23, 25, 26, 28, 36, 49, 55, 58, 62, 70] - 4675, [1, 3, 12, 14, 24, 26, 34, 46, 49, 55, 58, 62, 70] - 4592, [1, 3, 12, 22, 25, 26, 28, 34, 35, 36, 48, 49, 55, 58, 62, 70] - 4930, [1, 4, 11, 21, 23, 33, 46, 47, 56, 61, 65, 66, 67, 68, 70] - 6538, [1, 3, 23, 25, 33, 46, 47, 55, 57, 70] - 4018, [1, 4, 10, 11, 21, 23, 31, 40, 44, 56, 63, 70] - 4066, [1, 2, 9, 11, 21, 23, 25, 26, 33, 39, 40, 44, 50, 53, 60, 64, 67, 68, 70] - 6589, [1, 2, 4, 11, 21, 31, 41, 46, 47, 55, 58, 62, 70] - 4749, [1, 3, 13, 31, 41, 46, 47, 49, 58, 62, 70] - 4620, [1, 3, 23, 31, 40, 44, 55, 58, 62, 70] - 4168, [1, 2, 9, 11, 21, 31, 33, 40, 41, 45, 56, 61, 65, 68, 70] - 5087, [1, 4, 11, 21, 31, 40, 41, 44, 45, 56, 57, 70] - 4641, [1, 3, 23, 33, 40, 41, 46, 49, 58, 62, 70] - 4575, [1, 4, 10, 20, 21, 23, 33, 47, 55, 58, 62, 70] - 4271, [1, 2, 3, 5, 6, 8, 15, 17, 26, 31, 40, 44, 56, 61, 63, 70] - 5110, [1, 3, 12, 22, 24, 36, 48, 58, 62, 70] - 4537, [1, 2, 9, 21, 31, 33, 46, 49, 55, 57, 70] - 4111, [1, 4, 11, 21, 23, 33, 34, 41, 45, 57, 70] - 4551, [1, 4, 10, 11, 20, 21, 23, 33, 46, 47, 49, 55, 58, 62, 70] - 5314, [1, 2, 4, 10, 11, 20, 37, 38, 43, 51, 59, 66, 67, 69, 70] - 5737, [1, 4, 10, 20, 30, 31, 41, 44, 55, 58, 62, 70] - 4784, [1, 3, 13, 21, 31, 41, 45, 57, 70] - 3896, [1, 2, 3, 23, 25, 33, 34, 46, 49, 55, 56, 60, 64, 67, 69, 70] - 6521, [1, 3, 13, 40, 41, 47, 56, 57, 70] - 4589, [1, 4, 10, 11, 21, 23, 25, 33, 46, 47, 55, 56, 57, 70] - 4968, [1, 2, 4, 10, 11, 21, 31, 32, 37, 38, 43, 52, 53, 61, 68, 70] - 5572, [1, 3, 23, 31, 33, 47, 56, 60, 65, 68, 70] - 5483, [1, 4, 10, 11, 20, 29, 38, 43, 51, 59, 66, 67, 69, 70] - 5812, [1, 4, 10, 20, 32, 39, 42, 43, 51, 59, 64, 67, 68, 70] - 6058, [1, 4, 10, 11, 20, 31, 41, 44, 56, 61, 68, 70] - 5186, [1, 4, 10, 20, 37, 39, 50, 53, 60, 64, 65, 67, 68, 70] - 5938, [1, 3, 12, 13, 23, 33, 39, 56, 60, 64, 66, 67, 69, 70] - 6326, [1, 3, 5, 6, 17, 24, 28, 36, 49, 58, 62, 70] - 4088, [1, 2, 3, 5, 6, 7, 17, 24, 34, 46, 49, 55, 57, 70] - 4189, [1, 3, 5, 12, 13, 22, 24, 27, 35, 49, 55, 57, 70] - 4811, [1, 4, 10, 20, 29, 38, 43, 52, 53, 54, 56, 61, 63, 70] - 5107, [1, 3, 13, 21, 31, 32, 40, 44, 54, 56, 61, 68, 70] - 4579, [1, 4, 10, 11, 21, 23, 31, 33, 49, 55, 57, 70] - 4074, [1, 3, 5, 12, 14, 24, 27, 28, 35, 46, 47, 55, 58, 62, 70] - 5086, [1, 3, 9, 21, 23, 31, 32, 39, 56, 60, 64, 65, 67, 69, 70] - 6630, [1, 2, 4, 10, 11, 21, 23, 25, 33, 47, 49, 55, 56, 57, 70] - 4990, [1, 4, 10, 11, 21, 23, 33, 40, 44, 55, 57, 70] - 4382, [1, 3, 23, 25, 33, 47, 56, 57, 70] - 4224, [1, 2, 3, 9, 11, 21, 22, 23, 25, 33, 40, 44, 45, 56, 61, 68, 70] - 5325, [1, 3, 23, 33, 39, 53, 60, 65, 67, 68, 70] - 5992, [1, 2, 9, 11, 21, 23, 31, 32, 40, 44, 56, 57, 70] - 4249, [1, 4, 10, 11, 20, 29, 37, 39, 50, 53, 61, 63, 70] - 4668, [1, 3, 12, 22, 33, 49, 58, 62, 70] - 3511, [1, 2, 3, 13, 40, 44, 50, 53, 61, 63, 70] - 4339, [1, 2, 3, 12, 14, 22, 24, 36, 48, 58, 62, 70] - 4830, [1, 4, 10, 11, 20, 39, 42, 52, 53, 60, 64, 66, 67, 69, 70] - 6074, [1, 3, 5, 12, 14, 26, 34, 35, 36, 48, 58, 62, 70] - 4383, [1, 2, 3, 13, 22, 24, 27, 35, 36, 49, 55, 56, 63, 70] - 5686, [1, 4, 10, 11, 20, 37, 39, 56, 61, 65, 67, 68, 70] - 5984, [1, 2, 9, 11, 20, 29, 38, 43, 52, 60, 61, 63, 70] - 5105, [1, 2, 4, 11, 20, 21, 23, 33, 46, 49, 55, 58, 62, 70] - 5209, [1, 2, 3, 9, 13, 14, 17, 18, 24, 28, 36, 49, 55, 58, 62, 70] - 5689, [1, 3, 9, 13, 40, 44, 56, 60, 61, 63, 70] - 4981, [1, 4, 11, 21, 22, 23, 31, 40, 41, 45, 57, 70] - 4355, [1, 3, 9, 11, 20, 39, 42, 43, 52, 59, 66, 67, 69, 70] - 6501, [1, 4, 11, 20, 29, 37, 38, 43, 52, 53, 60, 61, 68, 70] - 6102, [1, 2, 4, 11, 20, 31, 33, 41, 44, 56, 57, 70] - 5083, [1, 3, 5, 6, 17, 26, 34, 46, 47, 49, 55, 57, 70] - 4229, [1, 4, 10, 20, 30, 31, 33, 47, 55, 58, 62, 70] - 4216, [1, 2, 3, 5, 12, 13, 22, 24, 34, 41, 47, 55, 56, 63, 70] - 5452, [1, 2, 3, 5, 6, 26, 33, 46, 49, 55, 57, 70] - 4394, [1, 2, 9, 11, 20, 30, 31, 33, 41, 47, 49, 58, 62, 70] - 4791, [1, 2, 4, 10, 20, 21, 23, 33, 40, 44, 56, 60, 61, 68, 70] - 6202, [1, 4, 11, 21, 31, 40, 41, 47, 49, 58, 62, 70] - 4448, [1, 4, 10, 20, 21, 23, 31, 40, 41, 47, 49, 58, 62, 70] - 5027, [1, 3, 23, 25, 33, 34, 35, 36, 48, 58, 62, 70] - 4653, [1, 3, 23, 33, 40, 44, 53, 54, 61, 63, 70] - 4443, [1, 2, 9, 13, 40, 41, 45, 47, 55, 56, 63, 70] - 4335, [1, 3, 12, 22, 33, 34, 46, 47, 55, 56, 63, 70] - 4449, [1, 3, 23, 31, 32, 40, 41, 45, 57, 70] - 3998, [1, 3, 5, 12, 14, 26, 34, 41, 45, 56, 61, 63, 70] - 4399, [1, 3, 13, 31, 41, 47, 56, 61, 65, 66, 67, 69, 70] - 6098, [1, 3, 13, 23, 25, 33, 47, 49, 55, 58, 62, 70] - 4198, [1, 2, 9, 13, 21, 23, 33, 39, 50, 53, 54, 61, 65, 68, 70] - 5337, [1, 2, 3, 5, 12, 22, 24, 36, 49, 58, 62, 70] - 4660, [1, 2, 4, 10, 11, 20, 32, 40, 44, 56, 57, 70] - 4587, [1, 4, 11, 20, 30, 31, 41, 47, 56, 63, 70] - 5086, [1, 2, 3, 23, 33, 39, 42, 50, 53, 61, 65, 67, 69, 70] - 6410, [1, 4, 11, 21, 22, 23, 33, 34, 35, 46, 47, 55, 58, 62, 70] - 4927, [1, 2, 4, 11, 20, 29, 37, 42, 50, 53, 61, 68, 70] - 5299, [1, 2, 4, 10, 20, 29, 38, 43, 51, 59, 60, 64, 66, 67, 69, 70] - 5703, [1, 3, 23, 31, 40, 41, 45, 56, 57, 70] - 4201, [1, 3, 9, 21, 23, 25, 33, 41, 44, 56, 60, 61, 65, 68, 70] - 6045, [1, 4, 11, 20, 37, 38, 43, 52, 59, 60, 64, 66, 67, 68, 70] - 6464, [1, 4, 11, 20, 32, 39, 44, 54, 61, 63, 70] - 4690, [1, 4, 11, 20, 21, 22, 24, 34, 41, 47, 55, 57, 70] - 5830, [1, 2, 4, 11, 20, 30, 31, 41, 44, 45, 47, 56, 61, 65, 68, 70] - 6334, [1, 2, 4, 10, 11, 21, 23, 33, 40, 44, 45, 47, 55, 58, 62, 70] - 4638, [1, 3, 12, 14, 22, 25, 26, 33, 46, 47, 55, 58, 62, 70] - 4492, [1, 3, 5, 6, 8, 15, 17, 24, 34, 46, 47, 55, 57, 70] - 4220, [1, 4, 11, 21, 23, 31, 32, 39, 50, 53, 54, 61, 63, 70] - 4596, [1, 2, 4, 11, 20, 37, 39, 53, 60, 65, 67, 68, 70] - 6073, [1, 3, 12, 13, 14, 22, 25, 26, 31, 33, 41, 44, 45, 47, 55, 56, 61, 63, 70] - 6001, [1, 4, 11, 21, 22, 23, 31, 33, 46, 47, 55, 56, 63, 70] - 5064, [1, 4, 10, 11, 21, 22, 23, 33, 47, 55, 56, 61, 65, 67, 68, 70] - 5955, [1, 3, 23, 33, 39, 56, 57, 70] - 4619, [1, 3, 13, 23, 31, 33, 41, 47, 49, 58, 62, 70] - 4441, [1, 4, 10, 20, 39, 53, 61, 68, 70] - 4583, [1, 2, 3, 12, 13, 40, 41, 45, 56, 57, 70] - 4254, [1, 4, 11, 21, 31, 32, 39, 53, 61, 68, 70] - 4739, [1, 4, 11, 20, 37, 39, 40, 41, 45, 47, 55, 56, 63, 70] - 5107, [1, 3, 9, 11, 21, 22, 25, 33, 41, 44, 56, 60, 61, 65, 68, 70] - 6048, [1, 4, 10, 20, 30, 32, 37, 42, 52, 60, 65, 67, 69, 70] - 5773, [1, 3, 13, 22, 33, 41, 46, 49, 58, 62, 70] - 4361, [1, 2, 9, 13, 31, 32, 39, 40, 41, 47, 56, 57, 70] - 4894, [1, 2, 9, 11, 21, 22, 24, 36, 49, 55, 57, 70] - 4746, [1, 4, 11, 20, 32, 39, 56, 61, 68, 70] - 5116, [1, 3, 23, 31, 40, 44, 55, 56, 61, 68, 70] - 5037, [1, 4, 10, 11, 20, 37, 38, 43, 51, 59, 64, 67, 69, 70] - 5616, [1, 3, 23, 31, 41, 44, 50, 53, 60, 64, 66, 67, 69, 70] - 5668, [1, 3, 12, 14, 26, 34, 41, 44, 55, 57, 70] - 4511, [1, 3, 13, 22, 24, 28, 35, 46, 47, 49, 55, 56, 60, 61, 63, 70] - 6515, [1, 2, 4, 11, 21, 23, 25, 26, 28, 34, 35, 36, 49, 55, 56, 57, 70] - 5849, [1, 3, 12, 22, 24, 28, 34, 41, 44, 50, 53, 61, 68, 70] - 5567, [1, 4, 10, 11, 21, 31, 40, 44, 50, 53, 61, 68, 70] - 4672, [1, 3, 5, 6, 26, 34, 35, 49, 58, 62, 70] - 3964, [1, 2, 9, 21, 31, 41, 47, 49, 55, 57, 70] - 4239, [1, 4, 10, 11, 20, 21, 22, 33, 47, 55, 58, 62, 70] - 4643, [1, 2, 9, 21, 23, 33, 39, 44, 56, 63, 70] - 4498, [1, 2, 3, 12, 22, 25, 33, 39, 56, 61, 65, 68, 70] - 5450, [1, 4, 11, 21, 23, 25, 26, 28, 35, 46, 47, 49, 55, 58, 62, 70] - 5150, [1, 2, 9, 13, 23, 31, 33, 41, 47, 55, 56, 61, 63, 70] - 4752, [1, 2, 4, 11, 20, 37, 42, 43, 52, 59, 60, 64, 66, 67, 68, 70] - 6539, [1, 2, 3, 5, 6, 22, 25, 26, 28, 35, 36, 48, 49, 58, 62, 70] - 4678, [1, 3, 13, 23, 31, 40, 44, 54, 61, 65, 68, 70] - 4636, [1, 2, 9, 11, 21, 23, 25, 26, 31, 32, 40, 44, 56, 60, 65, 68, 70] - 6062, [1, 3, 5, 12, 14, 22, 23, 33, 47, 55, 57, 70] - 3678, [1, 2, 9, 13, 40, 41, 46, 49, 58, 62, 70] - 4316, [1, 4, 10, 11, 20, 37, 42, 43, 52, 59, 66, 67, 69, 70] - 6144, [1, 4, 10, 11, 21, 22, 25, 26, 34, 35, 49, 58, 62, 70] - 4331, [1, 2, 3, 23, 25, 26, 34, 41, 47, 55, 56, 63, 70] - 4913, [1, 4, 10, 20, 29, 37, 42, 52, 60, 65, 67, 69, 70] - 5482, [1, 2, 9, 13, 40, 44, 45, 56, 57, 70] - 4079, [1, 3, 9, 11, 20, 39, 42, 51, 59, 60, 65, 66, 67, 69, 70] - 6512, [1, 2, 9, 13, 23, 31, 40, 41, 47, 55, 57, 70] - 4060, [1, 3, 23, 31, 41, 45, 56, 61, 68, 70] - 4480, [1, 3, 5, 12, 22, 25, 33, 40, 44, 50, 53, 54, 61, 68, 70] - 4811, [1, 3, 13, 40, 41, 44, 55, 58, 62, 70] - 4371, [1, 4, 11, 21, 23, 33, 41, 44, 55, 56, 63, 70] - 4842]
melhor indiv??duo da gera????o:[1, 3, 12, 22, 33, 49, 58, 62, 70] - 3511
gera????o: 9: 
[[1, 2, 9, 11, 20, 31, 33, 49, 55, 58, 62, 70] - 4368, [1, 3, 13, 23, 25, 26, 34, 46, 47, 56, 63, 70] - 4371, [1, 3, 12, 14, 24, 34, 35, 36, 48, 49, 55, 58, 62, 70] - 5165, [1, 2, 9, 11, 21, 31, 32, 39, 44, 50, 53, 61, 65, 68, 70] - 5188, [1, 2, 3, 23, 33, 40, 44, 56, 60, 61, 68, 70] - 5558, [1, 3, 9, 13, 22, 25, 26, 34, 41, 47, 56, 63, 70] - 4807, [1, 3, 12, 14, 24, 36, 48, 49, 55, 57, 70] - 4707, [1, 4, 10, 20, 29, 38, 43, 52, 53, 61, 68, 70] - 5276, [1, 3, 5, 12, 22, 25, 33, 49, 58, 62, 70] - 3558, [1, 2, 4, 10, 20, 32, 37, 39, 40, 41, 45, 47, 49, 58, 62, 70] - 5122, [1, 4, 10, 20, 39, 50, 53, 61, 63, 70] - 4254, [1, 2, 3, 23, 31, 33, 49, 55, 58, 62, 70] - 4097, [1, 4, 10, 11, 20, 37, 39, 42, 51, 59, 60, 61, 65, 68, 70] - 6006, [1, 4, 10, 20, 32, 37, 39, 53, 60, 65, 67, 68, 70] - 6106, [1, 3, 12, 13, 31, 41, 47, 49, 55, 57, 70] - 4303, [1, 3, 13, 14, 24, 36, 48, 49, 55, 58, 62, 70] - 5060, [1, 2, 9, 11, 20, 21, 23, 25, 33, 47, 55, 58, 62, 70] - 4512, [1, 4, 11, 20, 31, 32, 40, 41, 46, 47, 49, 55, 57, 70] - 5572, [1, 3, 12, 13, 31, 32, 39, 53, 61, 65, 67, 69, 70] - 5488, [1, 2, 9, 21, 31, 40, 41, 46, 47, 55, 58, 62, 70] - 4447, [1, 3, 9, 21, 22, 33, 46, 49, 58, 62, 70] - 4238, [1, 2, 3, 13, 40, 44, 56, 61, 65, 68, 70] - 4725, [1, 2, 3, 12, 14, 22, 33, 34, 46, 49, 55, 57, 70] - 4394, [1, 3, 5, 12, 14, 22, 33, 49, 55, 58, 62, 70] - 3923, [1, 3, 13, 40, 44, 50, 53, 54, 56, 63, 70] - 4166, [1, 3, 5, 12, 13, 40, 41, 46, 47, 49, 55, 57, 70] - 4761, [1, 4, 11, 21, 31, 33, 39, 44, 55, 58, 62, 70] - 5183, [1, 2, 9, 21, 22, 25, 26, 31, 41, 45, 57, 70] - 4585, [1, 3, 13, 31, 33, 39, 56, 60, 61, 63, 70] - 5752, [1, 2, 4, 11, 21, 31, 32, 37, 42, 50, 53, 54, 61, 68, 70] - 5192, [1, 2, 9, 21, 22, 24, 34, 41, 47, 56, 61, 68, 70] - 5825, [1, 3, 23, 33, 40, 41, 45, 47, 56, 61, 63, 70] - 4740, [1, 3, 23, 33, 34, 35, 36, 48, 49, 58, 62, 70] - 4586, [1, 4, 11, 21, 23, 25, 33, 41, 46, 49, 55, 56, 57, 70] - 5485, [1, 3, 13, 14, 22, 33, 46, 47, 49, 58, 62, 70] - 4569, [1, 3, 23, 25, 26, 33, 46, 47, 49, 58, 62, 70] - 4565, [1, 3, 12, 13, 22, 33, 41, 44, 53, 61, 63, 70] - 4541, [1, 3, 12, 14, 25, 33, 41, 46, 47, 55, 58, 62, 70] - 4506, [1, 4, 11, 20, 31, 32, 39, 56, 57, 70] - 5024, [1, 2, 4, 11, 20, 21, 31, 40, 44, 50, 53, 61, 65, 67, 69, 70] - 6463, [1, 3, 9, 13, 23, 31, 32, 39, 53, 54, 56, 61, 63, 70] - 4625, [1, 4, 10, 20, 39, 56, 60, 64, 67, 68, 70] - 6005, [1, 2, 4, 10, 20, 21, 23, 25, 33, 34, 35, 49, 58, 62, 70] - 5083, [1, 3, 13, 23, 25, 26, 28, 36, 49, 55, 58, 62, 70] - 4675, [1, 3, 12, 14, 24, 26, 34, 46, 49, 55, 58, 62, 70] - 4592, [1, 3, 12, 22, 25, 26, 28, 34, 35, 36, 48, 49, 55, 58, 62, 70] - 4930, [1, 4, 11, 21, 23, 33, 46, 47, 56, 61, 65, 66, 67, 68, 70] - 6538, [1, 3, 23, 25, 33, 46, 47, 55, 57, 70] - 4018, [1, 4, 10, 11, 21, 23, 31, 40, 44, 56, 63, 70] - 4066, [1, 2, 9, 11, 21, 23, 25, 26, 33, 39, 40, 44, 50, 53, 60, 64, 67, 68, 70] - 6589, [1, 2, 4, 11, 21, 31, 41, 46, 47, 55, 58, 62, 70] - 4749, [1, 3, 13, 31, 41, 46, 47, 49, 58, 62, 70] - 4620, [1, 3, 23, 31, 40, 44, 55, 58, 62, 70] - 4168, [1, 2, 9, 11, 21, 31, 33, 40, 41, 45, 56, 61, 65, 68, 70] - 5087, [1, 4, 11, 21, 31, 40, 41, 44, 45, 56, 57, 70] - 4641, [1, 3, 23, 33, 40, 41, 46, 49, 58, 62, 70] - 4575, [1, 4, 10, 20, 21, 23, 33, 47, 55, 58, 62, 70] - 4271, [1, 2, 3, 5, 6, 8, 15, 17, 26, 31, 40, 44, 56, 61, 63, 70] - 5110, [1, 3, 12, 22, 24, 36, 48, 58, 62, 70] - 4537, [1, 2, 9, 21, 31, 33, 46, 49, 55, 57, 70] - 4111, [1, 4, 11, 21, 23, 33, 34, 41, 45, 57, 70] - 4551, [1, 4, 10, 11, 20, 21, 23, 33, 46, 47, 49, 55, 58, 62, 70] - 5314, [1, 2, 4, 10, 11, 20, 37, 38, 43, 51, 59, 66, 67, 69, 70] - 5737, [1, 4, 10, 20, 30, 31, 41, 44, 55, 58, 62, 70] - 4784, [1, 3, 13, 21, 31, 41, 45, 57, 70] - 3896, [1, 2, 3, 23, 25, 33, 34, 46, 49, 55, 56, 60, 64, 67, 69, 70] - 6521, [1, 3, 13, 40, 41, 47, 56, 57, 70] - 4589, [1, 4, 10, 11, 21, 23, 25, 33, 46, 47, 55, 56, 57, 70] - 4968, [1, 2, 4, 10, 11, 21, 31, 32, 37, 38, 43, 52, 53, 61, 68, 70] - 5572, [1, 3, 23, 31, 33, 47, 56, 60, 65, 68, 70] - 5483, [1, 4, 10, 11, 20, 29, 38, 43, 51, 59, 66, 67, 69, 70] - 5812, [1, 4, 10, 20, 32, 39, 42, 43, 51, 59, 64, 67, 68, 70] - 6058, [1, 4, 10, 11, 20, 31, 41, 44, 56, 61, 68, 70] - 5186, [1, 4, 10, 20, 37, 39, 50, 53, 60, 64, 65, 67, 68, 70] - 5938, [1, 3, 12, 13, 23, 33, 39, 56, 60, 64, 66, 67, 69, 70] - 6326, [1, 3, 5, 6, 17, 24, 28, 36, 49, 58, 62, 70] - 4088, [1, 2, 3, 5, 6, 7, 17, 24, 34, 46, 49, 55, 57, 70] - 4189, [1, 3, 5, 12, 13, 22, 24, 27, 35, 49, 55, 57, 70] - 4811, [1, 4, 10, 20, 29, 38, 43, 52, 53, 54, 56, 61, 63, 70] - 5107, [1, 3, 13, 21, 31, 32, 40, 44, 54, 56, 61, 68, 70] - 4579, [1, 4, 10, 11, 21, 23, 31, 33, 49, 55, 57, 70] - 4074, [1, 3, 5, 12, 14, 24, 27, 28, 35, 46, 47, 55, 58, 62, 70] - 5086, [1, 3, 9, 21, 23, 31, 32, 39, 56, 60, 64, 65, 67, 69, 70] - 6630, [1, 2, 4, 10, 11, 21, 23, 25, 33, 47, 49, 55, 56, 57, 70] - 4990, [1, 4, 10, 11, 21, 23, 33, 40, 44, 55, 57, 70] - 4382, [1, 3, 23, 25, 33, 47, 56, 57, 70] - 4224, [1, 2, 3, 9, 11, 21, 22, 23, 25, 33, 40, 44, 45, 56, 61, 68, 70] - 5325, [1, 3, 23, 33, 39, 53, 60, 65, 67, 68, 70] - 5992, [1, 2, 9, 11, 21, 23, 31, 32, 40, 44, 56, 57, 70] - 4249, [1, 4, 10, 11, 20, 29, 37, 39, 50, 53, 61, 63, 70] - 4668, [1, 3, 12, 22, 33, 49, 58, 62, 70] - 3511, [1, 2, 3, 13, 40, 44, 50, 53, 61, 63, 70] - 4339, [1, 2, 3, 12, 14, 22, 24, 36, 48, 58, 62, 70] - 4830, [1, 4, 10, 11, 20, 39, 42, 52, 53, 60, 64, 66, 67, 69, 70] - 6074, [1, 3, 5, 12, 14, 26, 34, 35, 36, 48, 58, 62, 70] - 4383, [1, 2, 3, 13, 22, 24, 27, 35, 36, 49, 55, 56, 63, 70] - 5686, [1, 4, 10, 11, 20, 37, 39, 56, 61, 65, 67, 68, 70] - 5984, [1, 2, 9, 11, 20, 29, 38, 43, 52, 60, 61, 63, 70] - 5105, [1, 2, 4, 11, 20, 21, 23, 33, 46, 49, 55, 58, 62, 70] - 5209, [1, 2, 3, 9, 13, 14, 17, 18, 24, 28, 36, 49, 55, 58, 62, 70] - 5689, [1, 3, 9, 13, 40, 44, 56, 60, 61, 63, 70] - 4981, [1, 4, 11, 21, 22, 23, 31, 40, 41, 45, 57, 70] - 4355, [1, 3, 9, 11, 20, 39, 42, 43, 52, 59, 66, 67, 69, 70] - 6501, [1, 4, 11, 20, 29, 37, 38, 43, 52, 53, 60, 61, 68, 70] - 6102, [1, 2, 4, 11, 20, 31, 33, 41, 44, 56, 57, 70] - 5083, [1, 3, 5, 6, 17, 26, 34, 46, 47, 49, 55, 57, 70] - 4229, [1, 4, 10, 20, 30, 31, 33, 47, 55, 58, 62, 70] - 4216, [1, 2, 3, 5, 12, 13, 22, 24, 34, 41, 47, 55, 56, 63, 70] - 5452, [1, 2, 3, 5, 6, 26, 33, 46, 49, 55, 57, 70] - 4394, [1, 2, 9, 11, 20, 30, 31, 33, 41, 47, 49, 58, 62, 70] - 4791, [1, 2, 4, 10, 20, 21, 23, 33, 40, 44, 56, 60, 61, 68, 70] - 6202, [1, 4, 11, 21, 31, 40, 41, 47, 49, 58, 62, 70] - 4448, [1, 4, 10, 20, 21, 23, 31, 40, 41, 47, 49, 58, 62, 70] - 5027, [1, 3, 23, 25, 33, 34, 35, 36, 48, 58, 62, 70] - 4653, [1, 3, 23, 33, 40, 44, 53, 54, 61, 63, 70] - 4443, [1, 2, 9, 13, 40, 41, 45, 47, 55, 56, 63, 70] - 4335, [1, 3, 12, 22, 33, 34, 46, 47, 55, 56, 63, 70] - 4449, [1, 3, 23, 31, 32, 40, 41, 45, 57, 70] - 3998, [1, 3, 5, 12, 14, 26, 34, 41, 45, 56, 61, 63, 70] - 4399, [1, 3, 13, 31, 41, 47, 56, 61, 65, 66, 67, 69, 70] - 6098, [1, 3, 13, 23, 25, 33, 47, 49, 55, 58, 62, 70] - 4198, [1, 2, 9, 13, 21, 23, 33, 39, 50, 53, 54, 61, 65, 68, 70] - 5337, [1, 2, 3, 5, 12, 22, 24, 36, 49, 58, 62, 70] - 4660, [1, 2, 4, 10, 11, 20, 32, 40, 44, 56, 57, 70] - 4587, [1, 4, 11, 20, 30, 31, 41, 47, 56, 63, 70] - 5086, [1, 2, 3, 23, 33, 39, 42, 50, 53, 61, 65, 67, 69, 70] - 6410, [1, 4, 11, 21, 22, 23, 33, 34, 35, 46, 47, 55, 58, 62, 70] - 4927, [1, 2, 4, 11, 20, 29, 37, 42, 50, 53, 61, 68, 70] - 5299, [1, 2, 4, 10, 20, 29, 38, 43, 51, 59, 60, 64, 66, 67, 69, 70] - 5703, [1, 3, 23, 31, 40, 41, 45, 56, 57, 70] - 4201, [1, 3, 9, 21, 23, 25, 33, 41, 44, 56, 60, 61, 65, 68, 70] - 6045, [1, 4, 11, 20, 37, 38, 43, 52, 59, 60, 64, 66, 67, 68, 70] - 6464, [1, 4, 11, 20, 32, 39, 44, 54, 61, 63, 70] - 4690, [1, 4, 11, 20, 21, 22, 24, 34, 41, 47, 55, 57, 70] - 5830, [1, 2, 4, 11, 20, 30, 31, 41, 44, 45, 47, 56, 61, 65, 68, 70] - 6334, [1, 2, 4, 10, 11, 21, 23, 33, 40, 44, 45, 47, 55, 58, 62, 70] - 4638, [1, 3, 12, 14, 22, 25, 26, 33, 46, 47, 55, 58, 62, 70] - 4492, [1, 3, 5, 6, 8, 15, 17, 24, 34, 46, 47, 55, 57, 70] - 4220, [1, 4, 11, 21, 23, 31, 32, 39, 50, 53, 54, 61, 63, 70] - 4596, [1, 2, 4, 11, 20, 37, 39, 53, 60, 65, 67, 68, 70] - 6073, [1, 3, 12, 13, 14, 22, 25, 26, 31, 33, 41, 44, 45, 47, 55, 56, 61, 63, 70] - 6001, [1, 4, 11, 21, 22, 23, 31, 33, 46, 47, 55, 56, 63, 70] - 5064, [1, 4, 10, 11, 21, 22, 23, 33, 47, 55, 56, 61, 65, 67, 68, 70] - 5955, [1, 3, 23, 33, 39, 56, 57, 70] - 4619, [1, 3, 13, 23, 31, 33, 41, 47, 49, 58, 62, 70] - 4441, [1, 4, 10, 20, 39, 53, 61, 68, 70] - 4583, [1, 2, 3, 12, 13, 40, 41, 45, 56, 57, 70] - 4254, [1, 4, 11, 21, 31, 32, 39, 53, 61, 68, 70] - 4739, [1, 4, 11, 20, 37, 39, 40, 41, 45, 47, 55, 56, 63, 70] - 5107, [1, 3, 9, 11, 21, 22, 25, 33, 41, 44, 56, 60, 61, 65, 68, 70] - 6048, [1, 4, 10, 20, 30, 32, 37, 42, 52, 60, 65, 67, 69, 70] - 5773, [1, 3, 13, 22, 33, 41, 46, 49, 58, 62, 70] - 4361, [1, 2, 9, 13, 31, 32, 39, 40, 41, 47, 56, 57, 70] - 4894, [1, 2, 9, 11, 21, 22, 24, 36, 49, 55, 57, 70] - 4746, [1, 4, 11, 20, 32, 39, 56, 61, 68, 70] - 5116, [1, 3, 23, 31, 40, 44, 55, 56, 61, 68, 70] - 5037, [1, 4, 10, 11, 20, 37, 38, 43, 51, 59, 64, 67, 69, 70] - 5616, [1, 3, 23, 31, 41, 44, 50, 53, 60, 64, 66, 67, 69, 70] - 5668, [1, 3, 12, 14, 26, 34, 41, 44, 55, 57, 70] - 4511, [1, 3, 13, 22, 24, 28, 35, 46, 47, 49, 55, 56, 60, 61, 63, 70] - 6515, [1, 2, 4, 11, 21, 23, 25, 26, 28, 34, 35, 36, 49, 55, 56, 57, 70] - 5849, [1, 3, 12, 22, 24, 28, 34, 41, 44, 50, 53, 61, 68, 70] - 5567, [1, 4, 10, 11, 21, 31, 40, 44, 50, 53, 61, 68, 70] - 4672, [1, 3, 5, 6, 26, 34, 35, 49, 58, 62, 70] - 3964, [1, 2, 9, 21, 31, 41, 47, 49, 55, 57, 70] - 4239, [1, 4, 10, 11, 20, 21, 22, 33, 47, 55, 58, 62, 70] - 4643, [1, 2, 9, 21, 23, 33, 39, 44, 56, 63, 70] - 4498, [1, 2, 3, 12, 22, 25, 33, 39, 56, 61, 65, 68, 70] - 5450, [1, 4, 11, 21, 23, 25, 26, 28, 35, 46, 47, 49, 55, 58, 62, 70] - 5150, [1, 2, 9, 13, 23, 31, 33, 41, 47, 55, 56, 61, 63, 70] - 4752, [1, 2, 4, 11, 20, 37, 42, 43, 52, 59, 60, 64, 66, 67, 68, 70] - 6539, [1, 2, 3, 5, 6, 22, 25, 26, 28, 35, 36, 48, 49, 58, 62, 70] - 4678, [1, 3, 13, 23, 31, 40, 44, 54, 61, 65, 68, 70] - 4636, [1, 2, 9, 11, 21, 23, 25, 26, 31, 32, 40, 44, 56, 60, 65, 68, 70] - 6062, [1, 3, 5, 12, 14, 22, 23, 33, 47, 55, 57, 70] - 3678, [1, 2, 9, 13, 40, 41, 46, 49, 58, 62, 70] - 4316, [1, 4, 10, 11, 20, 37, 42, 43, 52, 59, 66, 67, 69, 70] - 6144, [1, 4, 10, 11, 21, 22, 25, 26, 34, 35, 49, 58, 62, 70] - 4331, [1, 2, 3, 23, 25, 26, 34, 41, 47, 55, 56, 63, 70] - 4913, [1, 4, 10, 20, 29, 37, 42, 52, 60, 65, 67, 69, 70] - 5482, [1, 2, 9, 13, 40, 44, 45, 56, 57, 70] - 4079, [1, 3, 9, 11, 20, 39, 42, 51, 59, 60, 65, 66, 67, 69, 70] - 6512, [1, 2, 9, 13, 23, 31, 40, 41, 47, 55, 57, 70] - 4060, [1, 3, 23, 31, 41, 45, 56, 61, 68, 70] - 4480, [1, 3, 5, 12, 22, 25, 33, 40, 44, 50, 53, 54, 61, 68, 70] - 4811, [1, 3, 13, 40, 41, 44, 55, 58, 62, 70] - 4371, [1, 4, 11, 21, 23, 33, 41, 44, 55, 56, 63, 70] - 4842, [1, 3, 12, 13, 23, 33, 49, 55, 58, 62, 70] - 3779, [1, 3, 9, 13, 31, 41, 47, 49, 58, 62, 70] - 4299, [1, 2, 4, 11, 20, 37, 39, 56, 60, 61, 68, 70] - 5969, [1, 3, 5, 6, 26, 31, 40, 44, 55, 57, 70] - 4571, [1, 3, 23, 25, 26, 33, 49, 58, 62, 70] - 3878, [1, 4, 10, 20, 21, 31, 32, 37, 39, 42, 52, 59, 60, 61, 65, 68, 70] - 6625, [1, 3, 23, 31, 41, 44, 55, 56, 61, 68, 70] - 5289, [1, 2, 9, 13, 23, 31, 41, 44, 50, 53, 61, 68, 70] - 4902, [1, 4, 11, 21, 23, 25, 33, 34, 46, 47, 56, 61, 65, 67, 69, 70] - 6317, [1, 3, 5, 6, 17, 24, 26, 31, 40, 44, 50, 53, 54, 56, 57, 70] - 5242, [1, 2, 3, 13, 31, 32, 39, 44, 55, 58, 62, 70] - 4595, [1, 4, 10, 20, 30, 32, 39, 50, 53, 60, 65, 67, 69, 70] - 5753, [1, 4, 11, 20, 31, 40, 41, 46, 47, 55, 56, 61, 63, 70] - 5761, [1, 4, 10, 11, 20, 37, 38, 43, 52, 60, 65, 66, 67, 69, 70] - 6243, [1, 3, 23, 31, 32, 37, 38, 43, 52, 53, 61, 68, 70] - 5452, [1, 2, 4, 10, 20, 31, 40, 41, 46, 49, 58, 62, 70] - 4873, [1, 2, 4, 11, 20, 30, 32, 40, 41, 45, 47, 56, 61, 63, 70] - 5319, [1, 4, 10, 20, 29, 38, 43, 52, 59, 64, 65, 68, 70] - 5922, [1, 3, 13, 31, 41, 46, 49, 55, 57, 70] - 4444, [1, 3, 23, 33, 47, 55, 57, 70] - 3429, [1, 4, 10, 11, 20, 39, 50, 53, 54, 61, 68, 70] - 4815, [1, 4, 11, 21, 23, 25, 33, 47, 56, 57, 70] - 4554, [1, 4, 10, 20, 32, 39, 50, 53, 60, 65, 68, 70] - 5049, [1, 2, 9, 21, 22, 23, 31, 32, 39, 42, 43, 52, 60, 64, 67, 68, 70] - 6216, [1, 2, 3, 12, 22, 33, 47, 49, 55, 58, 62, 70] - 4130, [1, 3, 12, 14, 26, 31, 40, 44, 56, 61, 65, 67, 68, 70] - 6082, [1, 2, 3, 12, 22, 33, 46, 47, 56, 63, 70] - 4438, [1, 4, 11, 20, 39, 42, 50, 53, 60, 65, 66, 67, 69, 70] - 6608, [1, 3, 13, 23, 31, 32, 37, 39, 42, 50, 53, 61, 63, 70] - 5096, [1, 3, 13, 14, 24, 28, 35, 46, 49, 55, 58, 62, 70] - 4876, [1, 2, 9, 13, 22, 25, 33, 40, 44, 54, 61, 65, 67, 69, 70] - 5380, [1, 2, 4, 11, 21, 22, 24, 36, 48, 58, 62, 70] - 5018, [1, 2, 9, 11, 21, 23, 33, 34, 41, 45, 57, 70] - 4308, [1, 2, 4, 10, 20, 32, 37, 38, 43, 52, 60, 65, 68, 70] - 5594, [1, 3, 5, 6, 12, 14, 22, 25, 33, 34, 35, 46, 47, 55, 58, 62, 70] - 4757, [1, 4, 10, 20, 32, 40, 44, 53, 61, 68, 70] - 4916, [1, 3, 23, 31, 32, 40, 41, 47, 49, 58, 62, 70] - 4437, [1, 4, 11, 21, 22, 23, 31, 32, 39, 44, 45, 57, 70] - 4759, [1, 4, 10, 20, 37, 42, 52, 60, 64, 66, 67, 69, 70] - 5108, [1, 4, 10, 20, 39, 44, 55, 56, 60, 64, 67, 69, 70] - 6541, [1, 2, 4, 10, 11, 21, 31, 33, 49, 58, 62, 70] - 3858, [1, 3, 13, 22, 23, 31, 33, 46, 47, 55, 58, 62, 70] - 4438, [1, 3, 5, 12, 14, 25, 26, 31, 32, 40, 44, 50, 53, 54, 61, 63, 70] - 5094, [1, 4, 10, 11, 20, 29, 38, 43, 51, 59, 60, 65, 68, 70] - 5399, [1, 4, 10, 11, 20, 21, 31, 41, 46, 49, 55, 57, 70] - 5256, [1, 3, 12, 14, 25, 26, 28, 35, 36, 49, 55, 57, 70] - 4546, [1, 2, 4, 10, 20, 21, 23, 25, 33, 41, 46, 49, 58, 62, 70] - 5150, [1, 3, 13, 31, 41, 44, 55, 57, 70] - 4201, [1, 2, 4, 10, 20, 21, 23, 25, 33, 46, 47, 56, 57, 70] - 5428, [1, 2, 9, 11, 21, 22, 33, 34, 41, 47, 56, 60, 61, 65, 68, 70] - 6799, [1, 2, 4, 11, 21, 23, 33, 34, 46, 49, 55, 56, 63, 70] - 4914, [1, 2, 9, 11, 21, 22, 33, 39, 50, 53, 61, 68, 70] - 5086, [1, 4, 11, 20, 39, 42, 50, 53, 61, 63, 70] - 5038, [1, 3, 9, 13, 14, 22, 25, 26, 31, 40, 44, 56, 61, 68, 70] - 5405, [1, 3, 12, 13, 23, 33, 34, 46, 47, 55, 57, 70] - 4031, [1, 4, 10, 20, 21, 31, 33, 34, 41, 45, 57, 70] - 4993, [1, 4, 10, 11, 20, 30, 32, 39, 50, 53, 61, 68, 70] - 5047, [1, 4, 10, 11, 20, 31, 32, 40, 41, 45, 57, 70] - 4567, [1, 4, 11, 21, 22, 23, 31, 33, 39, 42, 43, 52, 60, 65, 68, 70] - 6475, [1, 4, 11, 20, 31, 40, 41, 46, 47, 55, 57, 70] - 5090, [1, 3, 12, 14, 26, 33, 49, 58, 62, 70] - 3796, [1, 4, 10, 20, 30, 32, 39, 53, 61, 63, 70] - 4452, [1, 4, 11, 21, 22, 23, 31, 33, 41, 47, 49, 55, 56, 63, 70] - 5359, [1, 2, 3, 13, 31, 41, 46, 49, 58, 62, 70] - 4493, [1, 2, 3, 5, 6, 7, 15, 16, 17, 24, 34, 35, 36, 49, 55, 56, 57, 70] - 5778]
melhor indiv??duo da gera????o:[1, 3, 23, 33, 47, 55, 57, 70] - 3429
gera????o: 10: 
[[1, 2, 9, 11, 20, 31, 33, 49, 55, 58, 62, 70] - 4368, [1, 3, 13, 23, 25, 26, 34, 46, 47, 56, 63, 70] - 4371, [1, 3, 12, 14, 24, 34, 35, 36, 48, 49, 55, 58, 62, 70] - 5165, [1, 2, 9, 11, 21, 31, 32, 39, 44, 50, 53, 61, 65, 68, 70] - 5188, [1, 2, 3, 23, 33, 40, 44, 56, 60, 61, 68, 70] - 5558, [1, 3, 9, 13, 22, 25, 26, 34, 41, 47, 56, 63, 70] - 4807, [1, 3, 12, 14, 24, 36, 48, 49, 55, 57, 70] - 4707, [1, 4, 10, 20, 29, 38, 43, 52, 53, 61, 68, 70] - 5276, [1, 3, 5, 12, 22, 25, 33, 49, 58, 62, 70] - 3558, [1, 2, 4, 10, 20, 32, 37, 39, 40, 41, 45, 47, 49, 58, 62, 70] - 5122, [1, 4, 10, 20, 39, 50, 53, 61, 63, 70] - 4254, [1, 2, 3, 23, 31, 33, 49, 55, 58, 62, 70] - 4097, [1, 4, 10, 11, 20, 37, 39, 42, 51, 59, 60, 61, 65, 68, 70] - 6006, [1, 4, 10, 20, 32, 37, 39, 53, 60, 65, 67, 68, 70] - 6106, [1, 3, 12, 13, 31, 41, 47, 49, 55, 57, 70] - 4303, [1, 3, 13, 14, 24, 36, 48, 49, 55, 58, 62, 70] - 5060, [1, 2, 9, 11, 20, 21, 23, 25, 33, 47, 55, 58, 62, 70] - 4512, [1, 4, 11, 20, 31, 32, 40, 41, 46, 47, 49, 55, 57, 70] - 5572, [1, 3, 12, 13, 31, 32, 39, 53, 61, 65, 67, 69, 70] - 5488, [1, 2, 9, 21, 31, 40, 41, 46, 47, 55, 58, 62, 70] - 4447, [1, 3, 9, 21, 22, 33, 46, 49, 58, 62, 70] - 4238, [1, 2, 3, 13, 40, 44, 56, 61, 65, 68, 70] - 4725, [1, 2, 3, 12, 14, 22, 33, 34, 46, 49, 55, 57, 70] - 4394, [1, 3, 5, 12, 14, 22, 33, 49, 55, 58, 62, 70] - 3923, [1, 3, 13, 40, 44, 50, 53, 54, 56, 63, 70] - 4166, [1, 3, 5, 12, 13, 40, 41, 46, 47, 49, 55, 57, 70] - 4761, [1, 4, 11, 21, 31, 33, 39, 44, 55, 58, 62, 70] - 5183, [1, 2, 9, 21, 22, 25, 26, 31, 41, 45, 57, 70] - 4585, [1, 3, 13, 31, 33, 39, 56, 60, 61, 63, 70] - 5752, [1, 2, 4, 11, 21, 31, 32, 37, 42, 50, 53, 54, 61, 68, 70] - 5192, [1, 2, 9, 21, 22, 24, 34, 41, 47, 56, 61, 68, 70] - 5825, [1, 3, 23, 33, 40, 41, 45, 47, 56, 61, 63, 70] - 4740, [1, 3, 23, 33, 34, 35, 36, 48, 49, 58, 62, 70] - 4586, [1, 4, 11, 21, 23, 25, 33, 41, 46, 49, 55, 56, 57, 70] - 5485, [1, 3, 13, 14, 22, 33, 46, 47, 49, 58, 62, 70] - 4569, [1, 3, 23, 25, 26, 33, 46, 47, 49, 58, 62, 70] - 4565, [1, 3, 12, 13, 22, 33, 41, 44, 53, 61, 63, 70] - 4541, [1, 3, 12, 14, 25, 33, 41, 46, 47, 55, 58, 62, 70] - 4506, [1, 4, 11, 20, 31, 32, 39, 56, 57, 70] - 5024, [1, 2, 4, 11, 20, 21, 31, 40, 44, 50, 53, 61, 65, 67, 69, 70] - 6463, [1, 3, 9, 13, 23, 31, 32, 39, 53, 54, 56, 61, 63, 70] - 4625, [1, 4, 10, 20, 39, 56, 60, 64, 67, 68, 70] - 6005, [1, 2, 4, 10, 20, 21, 23, 25, 33, 34, 35, 49, 58, 62, 70] - 5083, [1, 3, 13, 23, 25, 26, 28, 36, 49, 55, 58, 62, 70] - 4675, [1, 3, 12, 14, 24, 26, 34, 46, 49, 55, 58, 62, 70] - 4592, [1, 3, 12, 22, 25, 26, 28, 34, 35, 36, 48, 49, 55, 58, 62, 70] - 4930, [1, 4, 11, 21, 23, 33, 46, 47, 56, 61, 65, 66, 67, 68, 70] - 6538, [1, 3, 23, 25, 33, 46, 47, 55, 57, 70] - 4018, [1, 4, 10, 11, 21, 23, 31, 40, 44, 56, 63, 70] - 4066, [1, 2, 9, 11, 21, 23, 25, 26, 33, 39, 40, 44, 50, 53, 60, 64, 67, 68, 70] - 6589, [1, 2, 4, 11, 21, 31, 41, 46, 47, 55, 58, 62, 70] - 4749, [1, 3, 13, 31, 41, 46, 47, 49, 58, 62, 70] - 4620, [1, 3, 23, 31, 40, 44, 55, 58, 62, 70] - 4168, [1, 2, 9, 11, 21, 31, 33, 40, 41, 45, 56, 61, 65, 68, 70] - 5087, [1, 4, 11, 21, 31, 40, 41, 44, 45, 56, 57, 70] - 4641, [1, 3, 23, 33, 40, 41, 46, 49, 58, 62, 70] - 4575, [1, 4, 10, 20, 21, 23, 33, 47, 55, 58, 62, 70] - 4271, [1, 2, 3, 5, 6, 8, 15, 17, 26, 31, 40, 44, 56, 61, 63, 70] - 5110, [1, 3, 12, 22, 24, 36, 48, 58, 62, 70] - 4537, [1, 2, 9, 21, 31, 33, 46, 49, 55, 57, 70] - 4111, [1, 4, 11, 21, 23, 33, 34, 41, 45, 57, 70] - 4551, [1, 4, 10, 11, 20, 21, 23, 33, 46, 47, 49, 55, 58, 62, 70] - 5314, [1, 2, 4, 10, 11, 20, 37, 38, 43, 51, 59, 66, 67, 69, 70] - 5737, [1, 4, 10, 20, 30, 31, 41, 44, 55, 58, 62, 70] - 4784, [1, 3, 13, 21, 31, 41, 45, 57, 70] - 3896, [1, 2, 3, 23, 25, 33, 34, 46, 49, 55, 56, 60, 64, 67, 69, 70] - 6521, [1, 3, 13, 40, 41, 47, 56, 57, 70] - 4589, [1, 4, 10, 11, 21, 23, 25, 33, 46, 47, 55, 56, 57, 70] - 4968, [1, 2, 4, 10, 11, 21, 31, 32, 37, 38, 43, 52, 53, 61, 68, 70] - 5572, [1, 3, 23, 31, 33, 47, 56, 60, 65, 68, 70] - 5483, [1, 4, 10, 11, 20, 29, 38, 43, 51, 59, 66, 67, 69, 70] - 5812, [1, 4, 10, 20, 32, 39, 42, 43, 51, 59, 64, 67, 68, 70] - 6058, [1, 4, 10, 11, 20, 31, 41, 44, 56, 61, 68, 70] - 5186, [1, 4, 10, 20, 37, 39, 50, 53, 60, 64, 65, 67, 68, 70] - 5938, [1, 3, 12, 13, 23, 33, 39, 56, 60, 64, 66, 67, 69, 70] - 6326, [1, 3, 5, 6, 17, 24, 28, 36, 49, 58, 62, 70] - 4088, [1, 2, 3, 5, 6, 7, 17, 24, 34, 46, 49, 55, 57, 70] - 4189, [1, 3, 5, 12, 13, 22, 24, 27, 35, 49, 55, 57, 70] - 4811, [1, 4, 10, 20, 29, 38, 43, 52, 53, 54, 56, 61, 63, 70] - 5107, [1, 3, 13, 21, 31, 32, 40, 44, 54, 56, 61, 68, 70] - 4579, [1, 4, 10, 11, 21, 23, 31, 33, 49, 55, 57, 70] - 4074, [1, 3, 5, 12, 14, 24, 27, 28, 35, 46, 47, 55, 58, 62, 70] - 5086, [1, 3, 9, 21, 23, 31, 32, 39, 56, 60, 64, 65, 67, 69, 70] - 6630, [1, 2, 4, 10, 11, 21, 23, 25, 33, 47, 49, 55, 56, 57, 70] - 4990, [1, 4, 10, 11, 21, 23, 33, 40, 44, 55, 57, 70] - 4382, [1, 3, 23, 25, 33, 47, 56, 57, 70] - 4224, [1, 2, 3, 9, 11, 21, 22, 23, 25, 33, 40, 44, 45, 56, 61, 68, 70] - 5325, [1, 3, 23, 33, 39, 53, 60, 65, 67, 68, 70] - 5992, [1, 2, 9, 11, 21, 23, 31, 32, 40, 44, 56, 57, 70] - 4249, [1, 4, 10, 11, 20, 29, 37, 39, 50, 53, 61, 63, 70] - 4668, [1, 3, 12, 22, 33, 49, 58, 62, 70] - 3511, [1, 2, 3, 13, 40, 44, 50, 53, 61, 63, 70] - 4339, [1, 2, 3, 12, 14, 22, 24, 36, 48, 58, 62, 70] - 4830, [1, 4, 10, 11, 20, 39, 42, 52, 53, 60, 64, 66, 67, 69, 70] - 6074, [1, 3, 5, 12, 14, 26, 34, 35, 36, 48, 58, 62, 70] - 4383, [1, 2, 3, 13, 22, 24, 27, 35, 36, 49, 55, 56, 63, 70] - 5686, [1, 4, 10, 11, 20, 37, 39, 56, 61, 65, 67, 68, 70] - 5984, [1, 2, 9, 11, 20, 29, 38, 43, 52, 60, 61, 63, 70] - 5105, [1, 2, 4, 11, 20, 21, 23, 33, 46, 49, 55, 58, 62, 70] - 5209, [1, 2, 3, 9, 13, 14, 17, 18, 24, 28, 36, 49, 55, 58, 62, 70] - 5689, [1, 3, 9, 13, 40, 44, 56, 60, 61, 63, 70] - 4981, [1, 4, 11, 21, 22, 23, 31, 40, 41, 45, 57, 70] - 4355, [1, 3, 9, 11, 20, 39, 42, 43, 52, 59, 66, 67, 69, 70] - 6501, [1, 4, 11, 20, 29, 37, 38, 43, 52, 53, 60, 61, 68, 70] - 6102, [1, 2, 4, 11, 20, 31, 33, 41, 44, 56, 57, 70] - 5083, [1, 3, 5, 6, 17, 26, 34, 46, 47, 49, 55, 57, 70] - 4229, [1, 4, 10, 20, 30, 31, 33, 47, 55, 58, 62, 70] - 4216, [1, 2, 3, 5, 12, 13, 22, 24, 34, 41, 47, 55, 56, 63, 70] - 5452, [1, 2, 3, 5, 6, 26, 33, 46, 49, 55, 57, 70] - 4394, [1, 2, 9, 11, 20, 30, 31, 33, 41, 47, 49, 58, 62, 70] - 4791, [1, 2, 4, 10, 20, 21, 23, 33, 40, 44, 56, 60, 61, 68, 70] - 6202, [1, 4, 11, 21, 31, 40, 41, 47, 49, 58, 62, 70] - 4448, [1, 4, 10, 20, 21, 23, 31, 40, 41, 47, 49, 58, 62, 70] - 5027, [1, 3, 23, 25, 33, 34, 35, 36, 48, 58, 62, 70] - 4653, [1, 3, 23, 33, 40, 44, 53, 54, 61, 63, 70] - 4443, [1, 2, 9, 13, 40, 41, 45, 47, 55, 56, 63, 70] - 4335, [1, 3, 12, 22, 33, 34, 46, 47, 55, 56, 63, 70] - 4449, [1, 3, 23, 31, 32, 40, 41, 45, 57, 70] - 3998, [1, 3, 5, 12, 14, 26, 34, 41, 45, 56, 61, 63, 70] - 4399, [1, 3, 13, 31, 41, 47, 56, 61, 65, 66, 67, 69, 70] - 6098, [1, 3, 13, 23, 25, 33, 47, 49, 55, 58, 62, 70] - 4198, [1, 2, 9, 13, 21, 23, 33, 39, 50, 53, 54, 61, 65, 68, 70] - 5337, [1, 2, 3, 5, 12, 22, 24, 36, 49, 58, 62, 70] - 4660, [1, 2, 4, 10, 11, 20, 32, 40, 44, 56, 57, 70] - 4587, [1, 4, 11, 20, 30, 31, 41, 47, 56, 63, 70] - 5086, [1, 2, 3, 23, 33, 39, 42, 50, 53, 61, 65, 67, 69, 70] - 6410, [1, 4, 11, 21, 22, 23, 33, 34, 35, 46, 47, 55, 58, 62, 70] - 4927, [1, 2, 4, 11, 20, 29, 37, 42, 50, 53, 61, 68, 70] - 5299, [1, 2, 4, 10, 20, 29, 38, 43, 51, 59, 60, 64, 66, 67, 69, 70] - 5703, [1, 3, 23, 31, 40, 41, 45, 56, 57, 70] - 4201, [1, 3, 9, 21, 23, 25, 33, 41, 44, 56, 60, 61, 65, 68, 70] - 6045, [1, 4, 11, 20, 37, 38, 43, 52, 59, 60, 64, 66, 67, 68, 70] - 6464, [1, 4, 11, 20, 32, 39, 44, 54, 61, 63, 70] - 4690, [1, 4, 11, 20, 21, 22, 24, 34, 41, 47, 55, 57, 70] - 5830, [1, 2, 4, 11, 20, 30, 31, 41, 44, 45, 47, 56, 61, 65, 68, 70] - 6334, [1, 2, 4, 10, 11, 21, 23, 33, 40, 44, 45, 47, 55, 58, 62, 70] - 4638, [1, 3, 12, 14, 22, 25, 26, 33, 46, 47, 55, 58, 62, 70] - 4492, [1, 3, 5, 6, 8, 15, 17, 24, 34, 46, 47, 55, 57, 70] - 4220, [1, 4, 11, 21, 23, 31, 32, 39, 50, 53, 54, 61, 63, 70] - 4596, [1, 2, 4, 11, 20, 37, 39, 53, 60, 65, 67, 68, 70] - 6073, [1, 3, 12, 13, 14, 22, 25, 26, 31, 33, 41, 44, 45, 47, 55, 56, 61, 63, 70] - 6001, [1, 4, 11, 21, 22, 23, 31, 33, 46, 47, 55, 56, 63, 70] - 5064, [1, 4, 10, 11, 21, 22, 23, 33, 47, 55, 56, 61, 65, 67, 68, 70] - 5955, [1, 3, 23, 33, 39, 56, 57, 70] - 4619, [1, 3, 13, 23, 31, 33, 41, 47, 49, 58, 62, 70] - 4441, [1, 4, 10, 20, 39, 53, 61, 68, 70] - 4583, [1, 2, 3, 12, 13, 40, 41, 45, 56, 57, 70] - 4254, [1, 4, 11, 21, 31, 32, 39, 53, 61, 68, 70] - 4739, [1, 4, 11, 20, 37, 39, 40, 41, 45, 47, 55, 56, 63, 70] - 5107, [1, 3, 9, 11, 21, 22, 25, 33, 41, 44, 56, 60, 61, 65, 68, 70] - 6048, [1, 4, 10, 20, 30, 32, 37, 42, 52, 60, 65, 67, 69, 70] - 5773, [1, 3, 13, 22, 33, 41, 46, 49, 58, 62, 70] - 4361, [1, 2, 9, 13, 31, 32, 39, 40, 41, 47, 56, 57, 70] - 4894, [1, 2, 9, 11, 21, 22, 24, 36, 49, 55, 57, 70] - 4746, [1, 4, 11, 20, 32, 39, 56, 61, 68, 70] - 5116, [1, 3, 23, 31, 40, 44, 55, 56, 61, 68, 70] - 5037, [1, 4, 10, 11, 20, 37, 38, 43, 51, 59, 64, 67, 69, 70] - 5616, [1, 3, 23, 31, 41, 44, 50, 53, 60, 64, 66, 67, 69, 70] - 5668, [1, 3, 12, 14, 26, 34, 41, 44, 55, 57, 70] - 4511, [1, 3, 13, 22, 24, 28, 35, 46, 47, 49, 55, 56, 60, 61, 63, 70] - 6515, [1, 2, 4, 11, 21, 23, 25, 26, 28, 34, 35, 36, 49, 55, 56, 57, 70] - 5849, [1, 3, 12, 22, 24, 28, 34, 41, 44, 50, 53, 61, 68, 70] - 5567, [1, 4, 10, 11, 21, 31, 40, 44, 50, 53, 61, 68, 70] - 4672, [1, 3, 5, 6, 26, 34, 35, 49, 58, 62, 70] - 3964, [1, 2, 9, 21, 31, 41, 47, 49, 55, 57, 70] - 4239, [1, 4, 10, 11, 20, 21, 22, 33, 47, 55, 58, 62, 70] - 4643, [1, 2, 9, 21, 23, 33, 39, 44, 56, 63, 70] - 4498, [1, 2, 3, 12, 22, 25, 33, 39, 56, 61, 65, 68, 70] - 5450, [1, 4, 11, 21, 23, 25, 26, 28, 35, 46, 47, 49, 55, 58, 62, 70] - 5150, [1, 2, 9, 13, 23, 31, 33, 41, 47, 55, 56, 61, 63, 70] - 4752, [1, 2, 4, 11, 20, 37, 42, 43, 52, 59, 60, 64, 66, 67, 68, 70] - 6539, [1, 2, 3, 5, 6, 22, 25, 26, 28, 35, 36, 48, 49, 58, 62, 70] - 4678, [1, 3, 13, 23, 31, 40, 44, 54, 61, 65, 68, 70] - 4636, [1, 2, 9, 11, 21, 23, 25, 26, 31, 32, 40, 44, 56, 60, 65, 68, 70] - 6062, [1, 3, 5, 12, 14, 22, 23, 33, 47, 55, 57, 70] - 3678, [1, 2, 9, 13, 40, 41, 46, 49, 58, 62, 70] - 4316, [1, 4, 10, 11, 20, 37, 42, 43, 52, 59, 66, 67, 69, 70] - 6144, [1, 4, 10, 11, 21, 22, 25, 26, 34, 35, 49, 58, 62, 70] - 4331, [1, 2, 3, 23, 25, 26, 34, 41, 47, 55, 56, 63, 70] - 4913, [1, 4, 10, 20, 29, 37, 42, 52, 60, 65, 67, 69, 70] - 5482, [1, 2, 9, 13, 40, 44, 45, 56, 57, 70] - 4079, [1, 3, 9, 11, 20, 39, 42, 51, 59, 60, 65, 66, 67, 69, 70] - 6512, [1, 2, 9, 13, 23, 31, 40, 41, 47, 55, 57, 70] - 4060, [1, 3, 23, 31, 41, 45, 56, 61, 68, 70] - 4480, [1, 3, 5, 12, 22, 25, 33, 40, 44, 50, 53, 54, 61, 68, 70] - 4811, [1, 3, 13, 40, 41, 44, 55, 58, 62, 70] - 4371, [1, 4, 11, 21, 23, 33, 41, 44, 55, 56, 63, 70] - 4842, [1, 3, 12, 13, 23, 33, 49, 55, 58, 62, 70] - 3779, [1, 3, 9, 13, 31, 41, 47, 49, 58, 62, 70] - 4299, [1, 2, 4, 11, 20, 37, 39, 56, 60, 61, 68, 70] - 5969, [1, 3, 5, 6, 26, 31, 40, 44, 55, 57, 70] - 4571, [1, 3, 23, 25, 26, 33, 49, 58, 62, 70] - 3878, [1, 4, 10, 20, 21, 31, 32, 37, 39, 42, 52, 59, 60, 61, 65, 68, 70] - 6625, [1, 3, 23, 31, 41, 44, 55, 56, 61, 68, 70] - 5289, [1, 2, 9, 13, 23, 31, 41, 44, 50, 53, 61, 68, 70] - 4902, [1, 4, 11, 21, 23, 25, 33, 34, 46, 47, 56, 61, 65, 67, 69, 70] - 6317, [1, 3, 5, 6, 17, 24, 26, 31, 40, 44, 50, 53, 54, 56, 57, 70] - 5242, [1, 2, 3, 13, 31, 32, 39, 44, 55, 58, 62, 70] - 4595, [1, 4, 10, 20, 30, 32, 39, 50, 53, 60, 65, 67, 69, 70] - 5753, [1, 4, 11, 20, 31, 40, 41, 46, 47, 55, 56, 61, 63, 70] - 5761, [1, 4, 10, 11, 20, 37, 38, 43, 52, 60, 65, 66, 67, 69, 70] - 6243, [1, 3, 23, 31, 32, 37, 38, 43, 52, 53, 61, 68, 70] - 5452, [1, 2, 4, 10, 20, 31, 40, 41, 46, 49, 58, 62, 70] - 4873, [1, 2, 4, 11, 20, 30, 32, 40, 41, 45, 47, 56, 61, 63, 70] - 5319, [1, 4, 10, 20, 29, 38, 43, 52, 59, 64, 65, 68, 70] - 5922, [1, 3, 13, 31, 41, 46, 49, 55, 57, 70] - 4444, [1, 3, 23, 33, 47, 55, 57, 70] - 3429, [1, 4, 10, 11, 20, 39, 50, 53, 54, 61, 68, 70] - 4815, [1, 4, 11, 21, 23, 25, 33, 47, 56, 57, 70] - 4554, [1, 4, 10, 20, 32, 39, 50, 53, 60, 65, 68, 70] - 5049, [1, 2, 9, 21, 22, 23, 31, 32, 39, 42, 43, 52, 60, 64, 67, 68, 70] - 6216, [1, 2, 3, 12, 22, 33, 47, 49, 55, 58, 62, 70] - 4130, [1, 3, 12, 14, 26, 31, 40, 44, 56, 61, 65, 67, 68, 70] - 6082, [1, 2, 3, 12, 22, 33, 46, 47, 56, 63, 70] - 4438, [1, 4, 11, 20, 39, 42, 50, 53, 60, 65, 66, 67, 69, 70] - 6608, [1, 3, 13, 23, 31, 32, 37, 39, 42, 50, 53, 61, 63, 70] - 5096, [1, 3, 13, 14, 24, 28, 35, 46, 49, 55, 58, 62, 70] - 4876, [1, 2, 9, 13, 22, 25, 33, 40, 44, 54, 61, 65, 67, 69, 70] - 5380, [1, 2, 4, 11, 21, 22, 24, 36, 48, 58, 62, 70] - 5018, [1, 2, 9, 11, 21, 23, 33, 34, 41, 45, 57, 70] - 4308, [1, 2, 4, 10, 20, 32, 37, 38, 43, 52, 60, 65, 68, 70] - 5594, [1, 3, 5, 6, 12, 14, 22, 25, 33, 34, 35, 46, 47, 55, 58, 62, 70] - 4757, [1, 4, 10, 20, 32, 40, 44, 53, 61, 68, 70] - 4916, [1, 3, 23, 31, 32, 40, 41, 47, 49, 58, 62, 70] - 4437, [1, 4, 11, 21, 22, 23, 31, 32, 39, 44, 45, 57, 70] - 4759, [1, 4, 10, 20, 37, 42, 52, 60, 64, 66, 67, 69, 70] - 5108, [1, 4, 10, 20, 39, 44, 55, 56, 60, 64, 67, 69, 70] - 6541, [1, 2, 4, 10, 11, 21, 31, 33, 49, 58, 62, 70] - 3858, [1, 3, 13, 22, 23, 31, 33, 46, 47, 55, 58, 62, 70] - 4438, [1, 3, 5, 12, 14, 25, 26, 31, 32, 40, 44, 50, 53, 54, 61, 63, 70] - 5094, [1, 4, 10, 11, 20, 29, 38, 43, 51, 59, 60, 65, 68, 70] - 5399, [1, 4, 10, 11, 20, 21, 31, 41, 46, 49, 55, 57, 70] - 5256, [1, 3, 12, 14, 25, 26, 28, 35, 36, 49, 55, 57, 70] - 4546, [1, 2, 4, 10, 20, 21, 23, 25, 33, 41, 46, 49, 58, 62, 70] - 5150, [1, 3, 13, 31, 41, 44, 55, 57, 70] - 4201, [1, 2, 4, 10, 20, 21, 23, 25, 33, 46, 47, 56, 57, 70] - 5428, [1, 2, 9, 11, 21, 22, 33, 34, 41, 47, 56, 60, 61, 65, 68, 70] - 6799, [1, 2, 4, 11, 21, 23, 33, 34, 46, 49, 55, 56, 63, 70] - 4914, [1, 2, 9, 11, 21, 22, 33, 39, 50, 53, 61, 68, 70] - 5086, [1, 4, 11, 20, 39, 42, 50, 53, 61, 63, 70] - 5038, [1, 3, 9, 13, 14, 22, 25, 26, 31, 40, 44, 56, 61, 68, 70] - 5405, [1, 3, 12, 13, 23, 33, 34, 46, 47, 55, 57, 70] - 4031, [1, 4, 10, 20, 21, 31, 33, 34, 41, 45, 57, 70] - 4993, [1, 4, 10, 11, 20, 30, 32, 39, 50, 53, 61, 68, 70] - 5047, [1, 4, 10, 11, 20, 31, 32, 40, 41, 45, 57, 70] - 4567, [1, 4, 11, 21, 22, 23, 31, 33, 39, 42, 43, 52, 60, 65, 68, 70] - 6475, [1, 4, 11, 20, 31, 40, 41, 46, 47, 55, 57, 70] - 5090, [1, 3, 12, 14, 26, 33, 49, 58, 62, 70] - 3796, [1, 4, 10, 20, 30, 32, 39, 53, 61, 63, 70] - 4452, [1, 4, 11, 21, 22, 23, 31, 33, 41, 47, 49, 55, 56, 63, 70] - 5359, [1, 2, 3, 13, 31, 41, 46, 49, 58, 62, 70] - 4493, [1, 2, 3, 5, 6, 7, 15, 16, 17, 24, 34, 35, 36, 49, 55, 56, 57, 70] - 5778, [1, 3, 9, 21, 23, 25, 33, 41, 46, 47, 56, 63, 70] - 4966, [1, 2, 4, 10, 11, 21, 31, 33, 41, 46, 47, 49, 55, 58, 62, 70] - 5098, [1, 4, 10, 20, 32, 37, 42, 51, 59, 60, 65, 67, 68, 70] - 6245, [1, 4, 11, 20, 39, 50, 53, 61, 63, 70] - 4576, [1, 2, 9, 13, 23, 31, 33, 41, 47, 55, 57, 70] - 4081, [1, 2, 3, 9, 13, 40, 41, 45, 47, 55, 57, 70] - 4163, [1, 2, 9, 13, 40, 44, 54, 61, 63, 70] - 3738, [1, 2, 4, 10, 11, 20, 37, 39, 50, 53, 60, 61, 68, 70] - 5319, [1, 2, 3, 13, 31, 33, 49, 58, 62, 70] - 3794, [1, 4, 11, 20, 37, 42, 52, 59, 64, 65, 66, 67, 68, 70] - 6740, [1, 3, 13, 14, 26, 34, 35, 36, 48, 58, 62, 70] - 4568, [1, 2, 9, 21, 22, 23, 31, 33, 41, 44, 53, 61, 68, 70] - 5217, [1, 4, 10, 20, 32, 40, 41, 44, 53, 60, 65, 68, 70] - 5518, [1, 2, 3, 5, 12, 14, 17, 24, 34, 46, 49, 58, 62, 70] - 4439, [1, 2, 9, 11, 21, 31, 40, 44, 55, 58, 62, 70] - 4046, [1, 3, 13, 21, 22, 23, 25, 33, 34, 35, 46, 49, 55, 58, 62, 70] - 5122, [1, 4, 10, 11, 20, 37, 39, 44, 54, 61, 63, 70] - 4432, [1, 2, 4, 10, 20, 37, 39, 50, 53, 61, 65, 67, 68, 70] - 5756, [1, 4, 11, 20, 21, 23, 33, 40, 41, 44, 55, 57, 70] - 5438, [1, 3, 9, 11, 21, 22, 24, 34, 35, 36, 48, 58, 62, 70] - 5169, [1, 4, 11, 20, 37, 39, 50, 53, 60, 61, 68, 70] - 5320, [1, 2, 9, 13, 22, 33, 47, 56, 61, 68, 70] - 4453, [1, 3, 23, 33, 46, 49, 58, 62, 70] - 3884, [1, 4, 11, 20, 30, 31, 40, 44, 45, 47, 55, 58, 62, 70] - 4891, [1, 3, 23, 31, 33, 47, 55, 57, 70] - 3710, [1, 4, 10, 20, 29, 38, 43, 52, 53, 60, 61, 65, 68, 70] - 6031, [1, 2, 3, 5, 12, 22, 33, 46, 49, 58, 62, 70] - 4097, [1, 3, 12, 13, 22, 33, 46, 47, 49, 58, 62, 70] - 4297, [1, 2, 3, 9, 11, 20, 21, 22, 23, 33, 46, 47, 49, 55, 58, 62, 70] - 5574, [1, 4, 11, 20, 31, 41, 47, 56, 63, 70] - 5047, [1, 2, 3, 9, 21, 31, 32, 39, 42, 50, 53, 60, 64, 66, 67, 68, 70] - 6210, [1, 4, 10, 11, 20, 39, 44, 54, 61, 63, 70] - 4473, [1, 4, 10, 20, 37, 39, 42, 50, 53, 60, 64, 66, 67, 69, 70] - 5802, [1, 3, 13, 22, 33, 47, 56, 57, 70] - 4212, [1, 2, 3, 9, 21, 22, 24, 34, 46, 47, 49, 55, 58, 62, 70] - 5244, [1, 4, 10, 11, 21, 23, 33, 41, 44, 54, 56, 57, 70] - 4392, [1, 4, 10, 20, 32, 40, 41, 47, 55, 57, 70] - 4253, [1, 2, 3, 23, 31, 32, 39, 40, 41, 47, 49, 58, 62, 70] - 4831, [1, 3, 23, 25, 33, 39, 42, 50, 53, 60, 61, 63, 70] - 5600, [1, 2, 4, 10, 20, 37, 39, 50, 53, 60, 64, 67, 68, 70] - 5469, [1, 2, 4, 10, 20, 39, 56, 57, 70] - 4419, [1, 4, 11, 21, 31, 33, 39, 53, 61, 65, 67, 69, 70] - 6206, [1, 2, 9, 11, 20, 39, 44, 50, 53, 61, 68, 70] - 5044, [1, 3, 23, 33, 49, 58, 62, 70] - 3457, [1, 3, 5, 12, 14, 22, 23, 33, 41, 44, 50, 53, 60, 61, 65, 68, 70] - 5659, [1, 4, 11, 20, 21, 23, 25, 33, 39, 44, 55, 58, 62, 70] - 5965, [1, 3, 13, 22, 24, 34, 46, 49, 55, 56, 60, 64, 66, 67, 69, 70] - 6814, [1, 4, 11, 21, 31, 40, 41, 46, 49, 55, 57, 70] - 4676, [1, 4, 11, 20, 39, 42, 50, 53, 60, 65, 68, 70] - 5694, [1, 3, 13, 14, 26, 31, 40, 44, 56, 61, 63, 70] - 4827, [1, 2, 9, 21, 31, 32, 37, 39, 44, 50, 53, 60, 65, 67, 69, 70] - 6064, [1, 2, 9, 13, 21, 31, 41, 47, 56, 60, 61, 65, 68, 70] - 6187, [1, 2, 4, 10, 11, 20, 31, 33, 41, 45, 57, 70] - 4555, [1, 3, 9, 13, 40, 44, 53, 61, 68, 70] - 4702, [1, 4, 11, 21, 23, 33, 46, 47, 49, 55, 56, 63, 70] - 5018, [1, 3, 13, 31, 40, 44, 53, 54, 56, 61, 63, 70] - 4456, [1, 4, 11, 21, 31, 40, 41, 47, 55, 56, 63, 70] - 4620, [1, 3, 5, 6, 12, 22, 25, 26, 33, 40, 41, 44, 56, 63, 70] - 4600, [1, 2, 9, 21, 23, 25, 26, 34, 46, 49, 58, 62, 70] - 3982, [1, 3, 13, 40, 44, 53, 54, 61, 68, 70] - 4596, [1, 4, 11, 20, 21, 23, 25, 33, 47, 49, 55, 58, 62, 70] - 5127, [1, 4, 11, 21, 23, 25, 33, 49, 55, 58, 62, 70] - 4175, [1, 4, 10, 20, 30, 32, 40, 41, 45, 47, 55, 56, 61, 63, 70] - 4985, [1, 3, 5, 12, 14, 26, 33, 34, 46, 49, 58, 62, 70] - 4328, [1, 4, 10, 20, 29, 38, 43, 52, 53, 61, 65, 68, 70] - 5586, [1, 4, 10, 11, 21, 22, 25, 26, 33, 41, 46, 47, 55, 56, 60, 61, 63, 70] - 6470, [1, 3, 13, 40, 44, 56, 61, 65, 66, 67, 69, 70] - 5506, [1, 2, 3, 13, 31, 33, 34, 35, 49, 55, 58, 62, 70] - 4707, [1, 4, 10, 11, 20, 21, 23, 25, 26, 28, 34, 35, 46, 49, 55, 56, 57, 70] - 6277, [1, 4, 11, 21, 31, 32, 40, 44, 55, 57, 70] - 4257, [1, 2, 3, 12, 13, 14, 22, 24, 26, 34, 41, 44, 45, 57, 70] - 5459, [1, 3, 12, 14, 22, 25, 26, 34, 41, 47, 55, 58, 62, 70] - 4535, [1, 3, 12, 14, 17, 24, 28, 34, 41, 45, 56, 61, 63, 70] - 4781, [1, 3, 12, 13, 40, 41, 45, 57, 70] - 3808, [1, 4, 11, 20, 31, 33, 47, 49, 58, 62, 70] - 4645, [1, 3, 12, 14, 17, 18, 24, 26, 34, 35, 49, 55, 58, 62, 70] - 5348, [1, 4, 11, 21, 22, 25, 33, 49, 58, 62, 70] - 3936, [1, 3, 23, 25, 26, 28, 34, 41, 44, 53, 60, 64, 65, 68, 70] - 6095, [1, 4, 11, 21, 22, 25, 26, 28, 34, 35, 49, 58, 62, 70] - 4666, [1, 2, 3, 23, 31, 40, 44, 55, 58, 62, 70] - 4301, [1, 4, 11, 21, 22, 25, 33, 39, 40, 44, 55, 58, 62, 70] - 5260, [1, 4, 11, 21, 31, 33, 41, 44, 50, 53, 54, 61, 68, 70] - 5034, [1, 2, 3, 5, 12, 14, 26, 34, 46, 49, 58, 62, 70] - 3988, [1, 3, 5, 12, 22, 25, 26, 31, 40, 44, 54, 56, 57, 70] - 4726, [1, 3, 23, 25, 26, 31, 40, 44, 56, 63, 70] - 4487, [1, 4, 11, 21, 23, 25, 26, 31, 41, 44, 53, 54, 56, 57, 70] - 5815, [1, 4, 10, 20, 21, 31, 40, 41, 46, 47, 55, 58, 62, 70] - 5076, [1, 4, 11, 21, 31, 40, 44, 45, 57, 70] - 4042, [1, 4, 10, 11, 21, 31, 33, 40, 41, 45, 47, 56, 61, 68, 70] - 5404, [1, 4, 10, 11, 21, 22, 24, 34, 46, 49, 55, 58, 62, 70] - 4877, [1, 3, 9, 21, 23, 31, 32, 39, 53, 54, 61, 68, 70] - 4821]
melhor indiv??duo da gera????o:[1, 3, 23, 33, 47, 55, 57, 70] - 3429
melhor valor ?? da gera????o 3!!!!
______________________________________________________________________________________________________________________________
