gera????o: 1: 
[[1, 2, 3, 12, 22, 23, 25, 33, 41, 45, 57, 70] - 3986, [1, 3, 9, 13, 23, 25, 26, 34, 46, 49, 58, 62, 70] - 4087, [1, 2, 9, 13, 21, 22, 23, 31, 40, 44, 54, 56, 61, 63, 70] - 4403, [1, 4, 10, 11, 21, 23, 31, 40, 41, 44, 54, 61, 63, 70] - 4431, [1, 2, 9, 21, 22, 25, 33, 41, 46, 49, 55, 58, 62, 70] - 4657, [1, 2, 4, 10, 20, 21, 31, 41, 44, 54, 56, 63, 70] - 4696, [1, 3, 12, 13, 31, 41, 44, 50, 53, 61, 68, 70] - 4807, [1, 4, 10, 11, 20, 32, 39, 40, 44, 55, 58, 62, 70] - 4887, [1, 4, 11, 21, 23, 25, 33, 41, 46, 49, 55, 58, 62, 70] - 4929, [1, 3, 23, 25, 33, 40, 44, 53, 54, 61, 68, 70] - 4945, [1, 2, 4, 10, 11, 20, 32, 40, 41, 47, 49, 55, 57, 70] - 4946, [1, 4, 10, 11, 20, 32, 39, 44, 54, 61, 68, 70] - 4952, [1, 3, 12, 14, 22, 24, 34, 35, 36, 48, 58, 62, 70] - 5013, [1, 2, 9, 13, 31, 41, 47, 56, 61, 65, 68, 70] - 5112, [1, 2, 4, 10, 20, 32, 37, 39, 42, 43, 52, 53, 61, 63, 70] - 5617, [1, 4, 10, 11, 21, 22, 24, 26, 34, 41, 47, 49, 55, 58, 62, 70] - 5624, [1, 2, 3, 12, 22, 23, 33, 39, 53, 60, 64, 66, 67, 68, 70] - 6025, [1, 4, 11, 20, 21, 31, 32, 37, 42, 50, 53, 60, 64, 65, 68, 70] - 6399, [1, 4, 10, 11, 21, 31, 41, 47, 56, 60, 65, 67, 68, 70] - 6637, [1, 4, 11, 20, 32, 37, 38, 43, 52, 53, 61, 65, 67, 68, 70] - 7004]
melhor indiv??duo da gera????o:[1, 2, 3, 12, 22, 23, 25, 33, 41, 45, 57, 70] - 3986
gera????o: 2: 
[[1, 3, 5, 12, 22, 33, 41, 45, 57, 70] - 3708, [1, 2, 3, 12, 22, 23, 25, 33, 41, 45, 57, 70] - 3986, [1, 2, 9, 13, 21, 22, 23, 31, 40, 44, 54, 56, 61, 63, 70] - 4403, [1, 4, 10, 11, 21, 23, 31, 40, 41, 44, 54, 61, 63, 70] - 4431, [1, 2, 9, 21, 22, 25, 33, 41, 46, 49, 55, 58, 62, 70] - 4657, [1, 2, 4, 10, 20, 21, 31, 41, 44, 54, 56, 63, 70] - 4696, [1, 4, 11, 21, 22, 23, 25, 26, 28, 36, 49, 58, 62, 70] - 4823, [1, 4, 10, 11, 20, 32, 39, 40, 44, 55, 58, 62, 70] - 4887, [1, 3, 23, 25, 33, 40, 44, 53, 54, 61, 68, 70] - 4945, [1, 4, 10, 11, 20, 32, 39, 44, 54, 61, 68, 70] - 4952, [1, 3, 12, 14, 22, 24, 34, 35, 36, 48, 58, 62, 70] - 5013, [1, 2, 9, 13, 31, 41, 47, 56, 61, 65, 68, 70] - 5112, [1, 2, 4, 10, 20, 32, 37, 39, 42, 43, 52, 53, 61, 63, 70] - 5617, [1, 2, 3, 5, 12, 22, 33, 40, 41, 47, 55, 56, 61, 65, 68, 70] - 5677, [1, 3, 13, 21, 31, 32, 37, 38, 43, 51, 59, 66, 67, 69, 70] - 5786, [1, 2, 3, 12, 22, 23, 33, 39, 53, 60, 64, 66, 67, 68, 70] - 6025, [1, 3, 13, 23, 33, 39, 42, 52, 59, 64, 67, 69, 70] - 6147, [1, 2, 4, 10, 20, 37, 42, 43, 52, 53, 61, 65, 67, 68, 70] - 6325, [1, 3, 23, 31, 41, 44, 53, 54, 56, 60, 64, 67, 68, 70] - 6475, [1, 4, 11, 20, 32, 37, 38, 43, 52, 53, 61, 65, 67, 68, 70] - 7004]
melhor indiv??duo da gera????o:[1, 3, 5, 12, 22, 33, 41, 45, 57, 70] - 3708
gera????o: 3: 
[[1, 3, 13, 23, 25, 33, 49, 58, 62, 70] - 3712, [1, 2, 3, 12, 22, 23, 25, 33, 41, 45, 57, 70] - 3986, [1, 2, 9, 13, 21, 22, 23, 31, 40, 44, 54, 56, 61, 63, 70] - 4403, [1, 4, 11, 21, 31, 41, 44, 54, 61, 68, 70] - 4606, [1, 2, 9, 21, 22, 25, 33, 41, 46, 49, 55, 58, 62, 70] - 4657, [1, 2, 4, 10, 20, 21, 31, 41, 44, 54, 56, 63, 70] - 4696, [1, 4, 10, 11, 20, 32, 39, 40, 44, 55, 58, 62, 70] - 4887, [1, 3, 23, 25, 33, 40, 44, 53, 54, 61, 68, 70] - 4945, [1, 2, 3, 9, 13, 31, 40, 41, 44, 54, 61, 65, 68, 70] - 4968, [1, 3, 12, 14, 22, 24, 34, 35, 36, 48, 58, 62, 70] - 5013, [1, 2, 9, 13, 31, 41, 47, 56, 61, 65, 68, 70] - 5112, [1, 3, 12, 13, 23, 25, 26, 34, 41, 46, 47, 49, 55, 58, 62, 70] - 5334, [1, 2, 3, 5, 6, 14, 17, 26, 31, 33, 46, 47, 55, 58, 62, 70] - 5346, [1, 2, 4, 10, 20, 32, 37, 39, 42, 43, 52, 53, 61, 63, 70] - 5617, [1, 2, 3, 5, 12, 22, 33, 40, 41, 47, 55, 56, 61, 65, 68, 70] - 5677, [1, 4, 10, 11, 20, 32, 37, 38, 43, 52, 53, 54, 56, 61, 68, 70] - 5971, [1, 3, 13, 23, 33, 39, 42, 52, 59, 64, 67, 69, 70] - 6147, [1, 3, 23, 31, 41, 44, 53, 54, 56, 60, 64, 67, 68, 70] - 6475, [1, 4, 11, 21, 31, 32, 37, 38, 43, 52, 59, 60, 65, 67, 68, 70] - 6754, [1, 2, 9, 13, 22, 25, 26, 31, 40, 44, 56, 60, 65, 66, 67, 68, 70] - 6898]
melhor indiv??duo da gera????o:[1, 3, 13, 23, 25, 33, 49, 58, 62, 70] - 3712
gera????o: 4: 
[[1, 3, 13, 23, 25, 33, 49, 58, 62, 70] - 3712, [1, 3, 5, 12, 13, 23, 25, 26, 33, 47, 49, 58, 62, 70] - 4260, [1, 3, 13, 40, 41, 46, 49, 58, 62, 70] - 4388, [1, 2, 3, 5, 12, 22, 23, 33, 34, 35, 49, 55, 57, 70] - 4450, [1, 4, 11, 21, 31, 33, 46, 49, 55, 58, 62, 70] - 4512, [1, 2, 9, 21, 22, 25, 33, 41, 46, 49, 55, 58, 62, 70] - 4657, [1, 2, 4, 10, 11, 21, 22, 25, 26, 33, 46, 49, 55, 57, 70] - 4705, [1, 3, 5, 6, 22, 33, 39, 40, 44, 55, 57, 70] - 4751, [1, 4, 10, 11, 20, 21, 22, 25, 33, 49, 55, 58, 62, 70] - 4776, [1, 3, 23, 25, 26, 28, 35, 36, 48, 49, 55, 58, 62, 70] - 4800, [1, 4, 10, 11, 20, 32, 39, 40, 44, 55, 58, 62, 70] - 4887, [1, 2, 3, 9, 13, 31, 40, 41, 44, 54, 61, 65, 68, 70] - 4968, [1, 2, 9, 13, 31, 41, 47, 56, 61, 65, 68, 70] - 5112, [1, 3, 12, 13, 23, 25, 26, 34, 41, 46, 47, 49, 55, 58, 62, 70] - 5334, [1, 2, 4, 11, 20, 31, 33, 46, 47, 56, 61, 63, 70] - 5467, [1, 2, 3, 5, 12, 22, 33, 40, 41, 47, 55, 56, 61, 65, 68, 70] - 5677, [1, 3, 9, 13, 31, 41, 44, 56, 60, 64, 66, 67, 69, 70] - 5921, [1, 3, 13, 23, 33, 39, 42, 52, 59, 64, 67, 69, 70] - 6147, [1, 3, 5, 6, 14, 22, 25, 26, 31, 32, 39, 44, 54, 56, 61, 65, 67, 68, 70] - 6620, [1, 4, 11, 21, 31, 32, 37, 38, 43, 52, 59, 60, 65, 67, 68, 70] - 6754]
melhor indiv??duo da gera????o:[1, 3, 13, 23, 25, 33, 49, 58, 62, 70] - 3712
gera????o: 5: 
[[1, 3, 5, 12, 13, 40, 44, 56, 63, 70] - 3760, [1, 3, 23, 31, 40, 44, 45, 57, 70] - 3921, [1, 2, 9, 11, 21, 23, 33, 46, 49, 55, 57, 70] - 4055, [1, 4, 10, 11, 21, 31, 40, 41, 45, 47, 49, 58, 62, 70] - 4361, [1, 3, 12, 13, 21, 22, 25, 26, 28, 34, 46, 47, 55, 57, 70] - 4381, [1, 3, 5, 12, 14, 22, 23, 31, 33, 46, 49, 58, 62, 70] - 4414, [1, 4, 11, 21, 23, 31, 40, 44, 55, 58, 62, 70] - 4498, [1, 4, 10, 11, 20, 32, 39, 53, 61, 63, 70] - 4626, [1, 2, 4, 10, 11, 21, 22, 25, 26, 33, 46, 49, 55, 57, 70] - 4705, [1, 4, 10, 11, 20, 21, 22, 25, 33, 49, 55, 58, 62, 70] - 4776, [1, 4, 11, 21, 23, 25, 33, 34, 35, 49, 55, 58, 62, 70] - 4862, [1, 4, 10, 11, 20, 39, 44, 53, 61, 63, 70] - 4942, [1, 2, 3, 9, 13, 31, 40, 41, 44, 54, 61, 65, 68, 70] - 4968, [1, 2, 9, 13, 31, 41, 47, 56, 61, 65, 68, 70] - 5112, [1, 3, 12, 13, 23, 25, 26, 34, 41, 46, 47, 49, 55, 58, 62, 70] - 5334, [1, 2, 4, 11, 20, 31, 33, 46, 47, 56, 61, 63, 70] - 5467, [1, 2, 3, 5, 12, 22, 33, 40, 41, 47, 55, 56, 61, 65, 68, 70] - 5677, [1, 3, 13, 21, 22, 33, 47, 56, 61, 65, 67, 68, 70] - 5880, [1, 3, 13, 23, 33, 39, 42, 52, 59, 64, 67, 69, 70] - 6147, [1, 3, 5, 6, 14, 22, 25, 26, 31, 32, 39, 44, 54, 56, 61, 65, 67, 68, 70] - 6620]
melhor indiv??duo da gera????o:[1, 3, 5, 12, 13, 40, 44, 56, 63, 70] - 3760
gera????o: 6: 
[[1, 3, 23, 31, 40, 44, 45, 57, 70] - 3921, [1, 2, 9, 11, 21, 23, 33, 46, 49, 55, 57, 70] - 4055, [1, 3, 23, 31, 33, 47, 56, 57, 70] - 4343, [1, 3, 12, 13, 21, 22, 25, 26, 28, 34, 46, 47, 55, 57, 70] - 4381, [1, 3, 9, 21, 31, 33, 46, 47, 49, 58, 62, 70] - 4442, [1, 4, 10, 11, 21, 31, 41, 47, 49, 55, 58, 62, 70] - 4562, [1, 4, 10, 11, 21, 31, 40, 44, 54, 61, 65, 68, 70] - 4586, [1, 2, 4, 10, 11, 21, 22, 25, 26, 33, 46, 49, 55, 57, 70] - 4705, [1, 3, 5, 12, 14, 17, 26, 34, 35, 36, 48, 58, 62, 70] - 4776, [1, 2, 3, 23, 25, 26, 34, 46, 47, 49, 55, 56, 63, 70] - 4848, [1, 4, 10, 11, 20, 39, 44, 53, 61, 63, 70] - 4942, [1, 2, 3, 5, 12, 13, 14, 24, 28, 36, 49, 55, 58, 62, 70] - 5060, [1, 2, 9, 13, 31, 41, 47, 56, 61, 65, 68, 70] - 5112, [1, 3, 5, 6, 7, 17, 18, 24, 27, 35, 36, 49, 58, 62, 70] - 5171, [1, 2, 4, 11, 20, 31, 33, 46, 47, 56, 61, 63, 70] - 5467, [1, 4, 11, 20, 32, 37, 42, 50, 53, 60, 61, 63, 70] - 5548, [1, 2, 3, 5, 12, 22, 33, 40, 41, 47, 55, 56, 61, 65, 68, 70] - 5677, [1, 4, 10, 20, 32, 37, 42, 52, 59, 66, 67, 69, 70] - 5886, [1, 3, 9, 11, 21, 23, 33, 34, 41, 44, 50, 53, 60, 64, 67, 69, 70] - 6147, [1, 3, 5, 6, 14, 22, 25, 26, 31, 32, 39, 44, 54, 56, 61, 65, 67, 68, 70] - 6620]
melhor indiv??duo da gera????o:[1, 3, 23, 31, 40, 44, 45, 57, 70] - 3921
gera????o: 7: 
[[1, 3, 23, 31, 40, 44, 45, 57, 70] - 3921, [1, 3, 9, 21, 31, 32, 39, 44, 56, 63, 70] - 4202, [1, 4, 11, 21, 31, 41, 45, 56, 57, 70] - 4288, [1, 3, 23, 31, 33, 47, 56, 57, 70] - 4343, [1, 2, 4, 10, 20, 37, 42, 50, 53, 54, 56, 63, 70] - 4386, [1, 4, 11, 21, 22, 23, 25, 26, 34, 46, 47, 55, 58, 62, 70] - 4492, [1, 4, 10, 11, 21, 31, 40, 44, 54, 61, 65, 68, 70] - 4586, [1, 2, 4, 10, 11, 21, 22, 25, 26, 33, 46, 49, 55, 57, 70] - 4705, [1, 2, 9, 13, 23, 25, 26, 31, 40, 41, 45, 47, 55, 57, 70] - 4724, [1, 2, 3, 23, 25, 26, 34, 46, 47, 49, 55, 56, 63, 70] - 4848, [1, 4, 10, 11, 20, 39, 44, 53, 61, 63, 70] - 4942, [1, 2, 3, 5, 12, 13, 14, 24, 28, 36, 49, 55, 58, 62, 70] - 5060, [1, 2, 4, 10, 20, 32, 40, 41, 45, 47, 49, 55, 56, 63, 70] - 5153, [1, 2, 4, 11, 20, 31, 33, 46, 47, 56, 61, 63, 70] - 5467, [1, 3, 9, 13, 22, 25, 33, 49, 55, 56, 60, 65, 68, 70] - 5633, [1, 2, 4, 10, 20, 29, 37, 42, 51, 59, 66, 67, 68, 70] - 5880, [1, 4, 11, 21, 22, 24, 26, 33, 39, 44, 56, 61, 63, 70] - 5927, [1, 4, 11, 20, 30, 32, 37, 38, 43, 52, 60, 61, 68, 70] - 6038, [1, 4, 11, 20, 30, 31, 33, 34, 41, 46, 47, 55, 56, 63, 70] - 6203, [1, 3, 5, 6, 14, 22, 25, 26, 31, 32, 39, 44, 54, 56, 61, 65, 67, 68, 70] - 6620]
melhor indiv??duo da gera????o:[1, 3, 23, 31, 40, 44, 45, 57, 70] - 3921
gera????o: 8: 
[[1, 3, 23, 31, 40, 44, 45, 57, 70] - 3921, [1, 2, 9, 13, 23, 25, 33, 47, 49, 55, 58, 62, 70] - 4126, [1, 4, 11, 21, 31, 41, 45, 56, 57, 70] - 4288, [1, 3, 13, 22, 23, 31, 32, 40, 44, 45, 47, 55, 57, 70] - 4332, [1, 3, 9, 13, 14, 25, 33, 46, 49, 58, 62, 70] - 4359, [1, 2, 4, 10, 20, 37, 42, 50, 53, 54, 56, 63, 70] - 4386, [1, 4, 10, 11, 21, 31, 40, 44, 54, 61, 65, 68, 70] - 4586, [1, 2, 9, 13, 23, 25, 26, 31, 40, 41, 45, 47, 55, 57, 70] - 4724, [1, 2, 3, 23, 25, 26, 34, 46, 47, 49, 55, 56, 63, 70] - 4848, [1, 4, 10, 11, 20, 39, 44, 53, 61, 63, 70] - 4942, [1, 2, 3, 5, 12, 13, 14, 24, 28, 36, 49, 55, 58, 62, 70] - 5060, [1, 3, 13, 22, 25, 26, 28, 36, 49, 55, 56, 61, 63, 70] - 5120, [1, 4, 11, 21, 23, 33, 39, 53, 61, 68, 70] - 5190, [1, 2, 4, 11, 20, 31, 33, 46, 47, 56, 61, 63, 70] - 5467, [1, 3, 9, 13, 22, 25, 33, 49, 55, 56, 60, 65, 68, 70] - 5633, [1, 4, 10, 11, 20, 21, 22, 24, 27, 35, 49, 55, 58, 62, 70] - 5846, [1, 4, 11, 21, 22, 24, 26, 33, 39, 44, 56, 61, 63, 70] - 5927, [1, 2, 9, 13, 23, 31, 33, 46, 47, 56, 60, 64, 65, 68, 70] - 6184, [1, 3, 5, 6, 14, 22, 25, 26, 31, 32, 39, 44, 54, 56, 61, 65, 67, 68, 70] - 6620, [1, 4, 10, 20, 21, 22, 33, 39, 42, 50, 53, 60, 61, 65, 67, 69, 70] - 7550]
melhor indiv??duo da gera????o:[1, 3, 23, 31, 40, 44, 45, 57, 70] - 3921
gera????o: 9: 
[[1, 3, 23, 25, 33, 47, 49, 58, 62, 70] - 3879, [1, 2, 9, 11, 21, 23, 31, 40, 41, 45, 57, 70] - 3975, [1, 3, 13, 31, 41, 44, 55, 57, 70] - 4201, [1, 3, 13, 22, 23, 31, 32, 40, 44, 45, 47, 55, 57, 70] - 4332, [1, 2, 4, 10, 20, 37, 42, 50, 53, 54, 56, 63, 70] - 4386, [1, 4, 10, 20, 29, 37, 39, 56, 57, 70] - 4512, [1, 3, 12, 22, 25, 33, 46, 47, 56, 57, 70] - 4564, [1, 4, 11, 21, 22, 25, 26, 34, 35, 49, 55, 58, 62, 70] - 4635, [1, 2, 9, 13, 23, 25, 26, 31, 40, 41, 45, 47, 55, 57, 70] - 4724, [1, 4, 10, 20, 31, 41, 45, 47, 56, 61, 63, 70] - 4927, [1, 4, 10, 20, 31, 40, 41, 46, 49, 55, 58, 62, 70] - 5022, [1, 4, 10, 11, 20, 32, 39, 50, 53, 60, 61, 63, 70] - 5082, [1, 3, 9, 11, 21, 22, 24, 34, 35, 36, 48, 58, 62, 70] - 5169, [1, 3, 9, 13, 21, 23, 25, 26, 31, 32, 39, 40, 44, 54, 61, 63, 70] - 5271, [1, 4, 11, 20, 31, 41, 46, 47, 55, 56, 63, 70] - 5516, [1, 4, 10, 11, 20, 21, 22, 24, 27, 35, 49, 55, 58, 62, 70] - 5846, [1, 3, 9, 11, 20, 29, 38, 43, 51, 59, 60, 64, 67, 68, 70] - 5912, [1, 2, 9, 13, 23, 31, 33, 46, 47, 56, 60, 64, 65, 68, 70] - 6184, [1, 4, 11, 20, 37, 38, 43, 51, 59, 64, 65, 66, 67, 69, 70] - 6520, [1, 3, 9, 13, 21, 31, 41, 46, 47, 56, 60, 64, 65, 66, 67, 69, 70] - 7474]
melhor indiv??duo da gera????o:[1, 3, 23, 25, 33, 47, 49, 58, 62, 70] - 3879
gera????o: 10: 
[[1, 3, 23, 25, 33, 47, 49, 58, 62, 70] - 3879, [1, 3, 5, 6, 12, 22, 33, 46, 49, 58, 62, 70] - 4000, [1, 3, 13, 23, 33, 46, 49, 55, 58, 62, 70] - 4203, [1, 3, 13, 22, 23, 31, 32, 40, 44, 45, 47, 55, 57, 70] - 4332, [1, 4, 10, 20, 29, 37, 39, 56, 57, 70] - 4512, [1, 3, 23, 25, 33, 47, 56, 61, 68, 70] - 4537, [1, 4, 11, 21, 22, 25, 26, 34, 35, 49, 55, 58, 62, 70] - 4635, [1, 4, 10, 11, 21, 31, 32, 40, 41, 45, 56, 61, 68, 70] - 4667, [1, 4, 10, 20, 31, 41, 45, 47, 56, 61, 63, 70] - 4927, [1, 3, 13, 21, 23, 31, 33, 34, 35, 46, 49, 55, 57, 70] - 4962, [1, 4, 11, 20, 21, 22, 25, 33, 46, 47, 55, 57, 70] - 5027, [1, 4, 10, 11, 21, 31, 32, 40, 41, 44, 53, 54, 61, 68, 70] - 5118, [1, 3, 9, 11, 21, 22, 24, 34, 35, 36, 48, 58, 62, 70] - 5169, [1, 4, 11, 20, 32, 37, 38, 43, 52, 53, 54, 61, 63, 70] - 5515, [1, 2, 9, 13, 40, 44, 53, 60, 65, 67, 68, 70] - 5679, [1, 3, 9, 11, 20, 31, 41, 44, 53, 60, 65, 68, 70] - 5829, [1, 3, 9, 11, 20, 29, 38, 43, 51, 59, 60, 64, 67, 68, 70] - 5912, [1, 3, 13, 40, 44, 53, 60, 61, 65, 67, 69, 70] - 6008, [1, 4, 11, 21, 31, 33, 40, 44, 56, 61, 65, 66, 67, 68, 70] - 6277, [1, 4, 11, 21, 31, 32, 37, 42, 43, 52, 59, 60, 61, 65, 66, 67, 69, 70] - 7289]
melhor indiv??duo da gera????o:[1, 3, 23, 25, 33, 47, 49, 58, 62, 70] - 3879
melhor valor ?? da gera????o 4!!!!
______________________________________________________________________________________________________________________________
