gera????o: 1: 
[[1, 2, 4, 10, 11, 20, 21, 22, 33, 46, 49, 58, 62, 70] - 5033, [1, 2, 4, 11, 20, 30, 32, 37, 39, 40, 41, 44, 56, 57, 70] - 5534, [1, 3, 5, 12, 13, 22, 33, 46, 47, 55, 57, 70] - 4035, [1, 2, 3, 12, 14, 24, 34, 41, 47, 56, 60, 61, 65, 68, 70] - 7070, [1, 4, 10, 20, 21, 23, 33, 39, 56, 57, 70] - 5319, [1, 4, 11, 20, 29, 38, 43, 52, 59, 60, 61, 68, 70] - 6092, [1, 2, 9, 21, 23, 31, 32, 37, 39, 42, 51, 59, 64, 66, 67, 69, 70] - 6221, [1, 4, 11, 20, 37, 38, 43, 52, 59, 64, 66, 67, 69, 70] - 6310, [1, 3, 13, 23, 31, 33, 40, 44, 54, 61, 65, 68, 70] - 5021, [1, 4, 10, 20, 39, 44, 45, 47, 56, 63, 70] - 4794, [1, 2, 4, 11, 21, 22, 25, 33, 34, 35, 49, 58, 62, 70] - 4700, [1, 4, 10, 11, 21, 31, 40, 44, 54, 61, 63, 70] - 3936, [1, 2, 3, 13, 40, 41, 44, 53, 61, 65, 68, 70] - 5348, [1, 3, 13, 31, 41, 45, 57, 70] - 3777, [1, 3, 13, 21, 23, 25, 26, 34, 41, 44, 50, 53, 60, 65, 66, 67, 69, 70] - 6677, [1, 2, 9, 21, 23, 31, 32, 37, 38, 43, 51, 59, 66, 67, 69, 70] - 5815, [1, 4, 10, 20, 39, 44, 54, 61, 63, 70] - 4229, [1, 3, 23, 25, 26, 33, 40, 44, 56, 61, 63, 70] - 4550, [1, 4, 10, 11, 21, 22, 33, 40, 41, 46, 49, 58, 62, 70] - 4955, [1, 2, 3, 9, 11, 21, 31, 40, 44, 54, 61, 63, 70] - 4059]
melhor indiv??duo da gera????o:[1, 3, 13, 31, 41, 45, 57, 70] - 3777
gera????o: 2: 
[[1, 2, 4, 11, 20, 30, 32, 37, 39, 40, 41, 44, 56, 57, 70] - 5534, [1, 2, 3, 12, 14, 24, 34, 41, 47, 56, 60, 61, 65, 68, 70] - 7070, [1, 4, 11, 20, 29, 38, 43, 52, 59, 60, 61, 68, 70] - 6092, [1, 4, 11, 20, 37, 38, 43, 52, 59, 64, 66, 67, 69, 70] - 6310, [1, 4, 10, 20, 39, 44, 45, 47, 56, 63, 70] - 4794, [1, 4, 10, 11, 21, 31, 40, 44, 54, 61, 63, 70] - 3936, [1, 3, 13, 31, 41, 45, 57, 70] - 3777, [1, 2, 9, 21, 23, 31, 32, 37, 38, 43, 51, 59, 66, 67, 69, 70] - 5815, [1, 3, 23, 25, 26, 33, 40, 44, 56, 61, 63, 70] - 4550, [1, 2, 3, 9, 11, 21, 31, 40, 44, 54, 61, 63, 70] - 4059, [1, 3, 9, 13, 21, 22, 33, 40, 41, 47, 55, 58, 62, 70] - 4747, [1, 3, 12, 14, 26, 33, 49, 58, 62, 70] - 3796, [1, 2, 9, 13, 22, 23, 25, 33, 46, 49, 55, 57, 70] - 4217, [1, 2, 4, 11, 21, 23, 25, 33, 40, 44, 54, 56, 61, 63, 70] - 4760, [1, 4, 10, 20, 37, 42, 43, 52, 60, 64, 66, 67, 69, 70] - 5554, [1, 2, 3, 12, 22, 23, 31, 32, 39, 53, 61, 65, 66, 67, 68, 70] - 6220, [1, 3, 12, 14, 24, 36, 49, 58, 62, 70] - 4492, [1, 3, 23, 25, 26, 31, 41, 46, 47, 56, 63, 70] - 5477]
melhor indiv??duo da gera????o:[1, 3, 13, 31, 41, 45, 57, 70] - 3777
gera????o: 3: 
[[1, 2, 3, 12, 14, 24, 34, 41, 47, 56, 60, 61, 65, 68, 70] - 7070, [1, 4, 11, 20, 37, 38, 43, 52, 59, 64, 66, 67, 69, 70] - 6310, [1, 4, 10, 11, 21, 31, 40, 44, 54, 61, 63, 70] - 3936, [1, 2, 9, 21, 23, 31, 32, 37, 38, 43, 51, 59, 66, 67, 69, 70] - 5815, [1, 2, 3, 9, 11, 21, 31, 40, 44, 54, 61, 63, 70] - 4059, [1, 3, 12, 14, 26, 33, 49, 58, 62, 70] - 3796, [1, 2, 4, 11, 21, 23, 25, 33, 40, 44, 54, 56, 61, 63, 70] - 4760, [1, 2, 3, 12, 22, 23, 31, 32, 39, 53, 61, 65, 66, 67, 68, 70] - 6220, [1, 3, 23, 25, 26, 31, 41, 46, 47, 56, 63, 70] - 5477, [1, 4, 11, 21, 22, 25, 26, 31, 32, 40, 41, 46, 49, 55, 58, 62, 70] - 5797, [1, 4, 10, 11, 20, 31, 41, 46, 47, 56, 63, 70] - 5373, [1, 2, 9, 11, 21, 22, 33, 47, 55, 56, 63, 70] - 4104, [1, 2, 4, 11, 21, 31, 32, 37, 42, 43, 51, 59, 66, 67, 69, 70] - 5940, [1, 4, 11, 21, 23, 31, 32, 40, 41, 46, 47, 56, 61, 65, 67, 69, 70] - 6773, [1, 3, 9, 13, 23, 33, 40, 41, 47, 55, 57, 70] - 4319, [1, 4, 11, 20, 21, 31, 40, 41, 44, 50, 53, 54, 56, 61, 63, 70] - 5559]
melhor indiv??duo da gera????o:[1, 3, 12, 14, 26, 33, 49, 58, 62, 70] - 3796
gera????o: 4: 
[[1, 4, 11, 20, 37, 38, 43, 52, 59, 64, 66, 67, 69, 70] - 6310, [1, 2, 9, 21, 23, 31, 32, 37, 38, 43, 51, 59, 66, 67, 69, 70] - 5815, [1, 3, 12, 14, 26, 33, 49, 58, 62, 70] - 3796, [1, 2, 3, 12, 22, 23, 31, 32, 39, 53, 61, 65, 66, 67, 68, 70] - 6220, [1, 4, 11, 21, 22, 25, 26, 31, 32, 40, 41, 46, 49, 55, 58, 62, 70] - 5797, [1, 2, 9, 11, 21, 22, 33, 47, 55, 56, 63, 70] - 4104, [1, 4, 11, 21, 23, 31, 32, 40, 41, 46, 47, 56, 61, 65, 67, 69, 70] - 6773, [1, 4, 11, 20, 21, 31, 40, 41, 44, 50, 53, 54, 56, 61, 63, 70] - 5559, [1, 2, 3, 23, 31, 41, 47, 49, 55, 56, 57, 70] - 5208, [1, 2, 4, 11, 20, 37, 39, 40, 41, 44, 56, 61, 65, 67, 69, 70] - 6289, [1, 3, 12, 22, 24, 34, 46, 47, 55, 56, 61, 68, 70] - 5308, [1, 4, 10, 20, 39, 53, 54, 56, 60, 61, 68, 70] - 5710, [1, 3, 5, 12, 14, 17, 18, 19, 24, 26, 31, 32, 40, 41, 45, 57, 70] - 5735, [1, 4, 11, 21, 22, 23, 31, 41, 45, 57, 70] - 4321]
melhor indiv??duo da gera????o:[1, 3, 12, 14, 26, 33, 49, 58, 62, 70] - 3796
gera????o: 5: 
[[1, 2, 9, 21, 23, 31, 32, 37, 38, 43, 51, 59, 66, 67, 69, 70] - 5815, [1, 2, 3, 12, 22, 23, 31, 32, 39, 53, 61, 65, 66, 67, 68, 70] - 6220, [1, 2, 9, 11, 21, 22, 33, 47, 55, 56, 63, 70] - 4104, [1, 4, 11, 20, 21, 31, 40, 41, 44, 50, 53, 54, 56, 61, 63, 70] - 5559, [1, 2, 4, 11, 20, 37, 39, 40, 41, 44, 56, 61, 65, 67, 69, 70] - 6289, [1, 4, 10, 20, 39, 53, 54, 56, 60, 61, 68, 70] - 5710, [1, 4, 11, 21, 22, 23, 31, 41, 45, 57, 70] - 4321, [1, 4, 11, 20, 21, 31, 32, 40, 44, 45, 56, 63, 70] - 4919, [1, 2, 4, 10, 20, 30, 31, 32, 40, 44, 54, 61, 63, 70] - 4444, [1, 2, 9, 13, 23, 25, 26, 31, 32, 37, 39, 53, 61, 63, 70] - 5224, [1, 3, 23, 31, 33, 46, 47, 55, 57, 70] - 4137, [1, 2, 3, 9, 21, 23, 25, 33, 40, 44, 45, 47, 55, 57, 70] - 4688]
melhor indiv??duo da gera????o:[1, 2, 9, 11, 21, 22, 33, 47, 55, 56, 63, 70] - 4104
gera????o: 6: 
[[1, 2, 3, 12, 22, 23, 31, 32, 39, 53, 61, 65, 66, 67, 68, 70] - 6220, [1, 4, 11, 20, 21, 31, 40, 41, 44, 50, 53, 54, 56, 61, 63, 70] - 5559, [1, 4, 10, 20, 39, 53, 54, 56, 60, 61, 68, 70] - 5710, [1, 4, 11, 20, 21, 31, 32, 40, 44, 45, 56, 63, 70] - 4919, [1, 2, 9, 13, 23, 25, 26, 31, 32, 37, 39, 53, 61, 63, 70] - 5224, [1, 2, 3, 9, 21, 23, 25, 33, 40, 44, 45, 47, 55, 57, 70] - 4688, [1, 4, 10, 20, 39, 44, 55, 58, 62, 70] - 4504, [1, 2, 3, 9, 21, 31, 40, 44, 45, 47, 56, 60, 64, 65, 67, 69, 70] - 6873, [1, 2, 4, 11, 21, 31, 40, 41, 46, 47, 55, 57, 70] - 4641, [1, 2, 3, 5, 6, 12, 22, 25, 26, 28, 34, 41, 46, 49, 55, 57, 70] - 5201]
melhor indiv??duo da gera????o:[1, 4, 10, 20, 39, 44, 55, 58, 62, 70] - 4504
gera????o: 7: 
[[1, 4, 11, 20, 21, 31, 40, 41, 44, 50, 53, 54, 56, 61, 63, 70] - 5559, [1, 4, 11, 20, 21, 31, 32, 40, 44, 45, 56, 63, 70] - 4919, [1, 2, 3, 9, 21, 23, 25, 33, 40, 44, 45, 47, 55, 57, 70] - 4688, [1, 2, 3, 9, 21, 31, 40, 44, 45, 47, 56, 60, 64, 65, 67, 69, 70] - 6873, [1, 2, 3, 5, 6, 12, 22, 25, 26, 28, 34, 41, 46, 49, 55, 57, 70] - 5201, [1, 2, 4, 11, 21, 22, 24, 26, 28, 35, 49, 55, 57, 70] - 5161, [1, 2, 3, 13, 31, 40, 44, 54, 56, 57, 70] - 4170, [1, 4, 10, 20, 32, 40, 41, 44, 56, 60, 61, 63, 70] - 5481, [1, 3, 12, 22, 23, 33, 34, 46, 49, 55, 58, 62, 70] - 4252]
melhor indiv??duo da gera????o:[1, 2, 3, 13, 31, 40, 44, 54, 56, 57, 70] - 4170
gera????o: 8: 
[[1, 4, 11, 20, 21, 31, 32, 40, 44, 45, 56, 63, 70] - 4919, [1, 2, 3, 9, 21, 31, 40, 44, 45, 47, 56, 60, 64, 65, 67, 69, 70] - 6873, [1, 2, 4, 11, 21, 22, 24, 26, 28, 35, 49, 55, 57, 70] - 5161, [1, 4, 10, 20, 32, 40, 41, 44, 56, 60, 61, 63, 70] - 5481, [1, 2, 3, 13, 40, 41, 44, 53, 61, 68, 70] - 5038, [1, 4, 10, 11, 21, 31, 32, 39, 40, 41, 44, 45, 56, 63, 70] - 4696, [1, 2, 4, 11, 20, 39, 42, 52, 53, 54, 61, 68, 70] - 5419, [1, 2, 9, 13, 21, 31, 32, 40, 41, 47, 55, 57, 70] - 4119]
melhor indiv??duo da gera????o:[1, 2, 9, 13, 21, 31, 32, 40, 41, 47, 55, 57, 70] - 4119
gera????o: 9: 
[[1, 2, 3, 9, 21, 31, 40, 44, 45, 47, 56, 60, 64, 65, 67, 69, 70] - 6873, [1, 4, 10, 20, 32, 40, 41, 44, 56, 60, 61, 63, 70] - 5481, [1, 4, 10, 11, 21, 31, 32, 39, 40, 41, 44, 45, 56, 63, 70] - 4696, [1, 2, 9, 13, 21, 31, 32, 40, 41, 47, 55, 57, 70] - 4119, [1, 4, 10, 20, 31, 32, 39, 40, 41, 46, 49, 55, 57, 70] - 5251, [1, 4, 11, 20, 39, 44, 53, 54, 56, 57, 70] - 5218]
melhor indiv??duo da gera????o:[1, 2, 9, 13, 21, 31, 32, 40, 41, 47, 55, 57, 70] - 4119
______________________________________________________________________________________________________________________________
