gera????o: 1: 
[[1, 4, 10, 20, 30, 31, 33, 39, 44, 53, 61, 68, 70] - 5960, [1, 3, 9, 21, 22, 23, 33, 34, 41, 46, 49, 58, 62, 70] - 5167, [1, 4, 11, 20, 39, 40, 44, 54, 61, 63, 70] - 4551, [1, 2, 9, 11, 20, 37, 38, 43, 52, 60, 65, 68, 70] - 5164, [1, 4, 11, 20, 31, 33, 49, 55, 58, 62, 70] - 4611, [1, 3, 5, 6, 7, 18, 24, 36, 49, 55, 58, 62, 70] - 4908, [1, 3, 9, 13, 22, 25, 26, 33, 40, 41, 44, 55, 58, 62, 70] - 5071, [1, 4, 10, 20, 21, 31, 40, 41, 45, 56, 57, 70] - 4692, [1, 3, 9, 11, 20, 30, 32, 39, 42, 50, 53, 54, 61, 65, 66, 67, 68, 70] - 6882, [1, 3, 12, 13, 21, 22, 23, 31, 40, 41, 47, 55, 57, 70] - 4430, [1, 2, 3, 23, 25, 26, 34, 41, 47, 49, 58, 62, 70] - 4741, [1, 2, 4, 11, 20, 37, 38, 43, 52, 59, 60, 61, 63, 70] - 5677, [1, 4, 10, 20, 31, 33, 46, 49, 55, 57, 70] - 4574, [1, 2, 9, 21, 31, 32, 40, 41, 44, 55, 56, 61, 63, 70] - 4955, [1, 2, 4, 10, 11, 20, 31, 41, 44, 45, 56, 61, 68, 70] - 5445, [1, 4, 11, 20, 30, 32, 40, 41, 45, 57, 70] - 4494, [1, 3, 9, 13, 23, 31, 33, 40, 44, 56, 57, 70] - 4613, [1, 2, 9, 11, 20, 29, 38, 43, 52, 60, 61, 68, 70] - 5445, [1, 2, 9, 21, 23, 31, 32, 39, 42, 51, 59, 60, 61, 68, 70] - 5599, [1, 4, 10, 11, 20, 37, 42, 43, 51, 59, 64, 66, 67, 68, 70] - 5926]
melhor indiv??duo da gera????o:[1, 3, 12, 13, 21, 22, 23, 31, 40, 41, 47, 55, 57, 70] - 4430
gera????o: 2: 
[[1, 3, 9, 21, 22, 23, 33, 34, 41, 46, 49, 58, 62, 70] - 5167, [1, 2, 9, 11, 20, 37, 38, 43, 52, 60, 65, 68, 70] - 5164, [1, 3, 5, 6, 7, 18, 24, 36, 49, 55, 58, 62, 70] - 4908, [1, 4, 10, 20, 21, 31, 40, 41, 45, 56, 57, 70] - 4692, [1, 3, 12, 13, 21, 22, 23, 31, 40, 41, 47, 55, 57, 70] - 4430, [1, 2, 4, 11, 20, 37, 38, 43, 52, 59, 60, 61, 63, 70] - 5677, [1, 2, 9, 21, 31, 32, 40, 41, 44, 55, 56, 61, 63, 70] - 4955, [1, 4, 11, 20, 30, 32, 40, 41, 45, 57, 70] - 4494, [1, 2, 9, 11, 20, 29, 38, 43, 52, 60, 61, 68, 70] - 5445, [1, 4, 10, 11, 20, 37, 42, 43, 51, 59, 64, 66, 67, 68, 70] - 5926, [1, 2, 3, 23, 25, 26, 34, 41, 47, 49, 58, 62, 70] - 4741, [1, 3, 5, 6, 7, 18, 24, 36, 49, 55, 58, 62, 70] - 4908, [1, 4, 11, 20, 39, 40, 44, 54, 61, 63, 70] - 4551, [1, 4, 10, 20, 30, 31, 33, 39, 44, 53, 61, 68, 70] - 5960, [1, 4, 10, 20, 31, 33, 46, 49, 55, 57, 70] - 4574, [1, 4, 11, 20, 30, 32, 40, 41, 45, 57, 70] - 4494, [1, 3, 5, 6, 7, 18, 24, 36, 49, 55, 58, 62, 70] - 4908, [1, 4, 10, 20, 21, 31, 40, 41, 45, 56, 57, 70] - 4692]
melhor indiv??duo da gera????o:[1, 3, 12, 13, 21, 22, 23, 31, 40, 41, 47, 55, 57, 70] - 4430
gera????o: 3: 
[[1, 2, 9, 11, 20, 37, 38, 43, 52, 60, 65, 68, 70] - 5164, [1, 4, 10, 20, 21, 31, 40, 41, 45, 56, 57, 70] - 4692, [1, 2, 4, 11, 20, 37, 38, 43, 52, 59, 60, 61, 63, 70] - 5677, [1, 4, 11, 20, 30, 32, 40, 41, 45, 57, 70] - 4494, [1, 4, 10, 11, 20, 37, 42, 43, 51, 59, 64, 66, 67, 68, 70] - 5926, [1, 3, 5, 6, 7, 18, 24, 36, 49, 55, 58, 62, 70] - 4908, [1, 4, 10, 20, 30, 31, 33, 39, 44, 53, 61, 68, 70] - 5960, [1, 4, 11, 20, 30, 32, 40, 41, 45, 57, 70] - 4494, [1, 4, 10, 20, 21, 31, 40, 41, 45, 56, 57, 70] - 4692, [1, 4, 11, 20, 39, 40, 44, 54, 61, 63, 70] - 4551, [1, 4, 10, 20, 31, 33, 46, 49, 55, 57, 70] - 4574, [1, 3, 9, 21, 22, 23, 33, 34, 41, 46, 49, 58, 62, 70] - 5167, [1, 2, 9, 11, 20, 29, 38, 43, 52, 60, 61, 68, 70] - 5445, [1, 4, 10, 20, 31, 33, 46, 49, 55, 57, 70] - 4574, [1, 4, 11, 20, 30, 32, 40, 41, 45, 57, 70] - 4494, [1, 3, 12, 13, 21, 22, 23, 31, 40, 41, 47, 55, 57, 70] - 4430]
melhor indiv??duo da gera????o:[1, 3, 12, 13, 21, 22, 23, 31, 40, 41, 47, 55, 57, 70] - 4430
gera????o: 4: 
[[1, 4, 10, 20, 21, 31, 40, 41, 45, 56, 57, 70] - 4692, [1, 4, 11, 20, 30, 32, 40, 41, 45, 57, 70] - 4494, [1, 3, 5, 6, 7, 18, 24, 36, 49, 55, 58, 62, 70] - 4908, [1, 4, 11, 20, 30, 32, 40, 41, 45, 57, 70] - 4494, [1, 4, 11, 20, 39, 40, 44, 54, 61, 63, 70] - 4551, [1, 3, 9, 21, 22, 23, 33, 34, 41, 46, 49, 58, 62, 70] - 5167, [1, 4, 10, 20, 31, 33, 46, 49, 55, 57, 70] - 4574, [1, 3, 12, 13, 21, 22, 23, 31, 40, 41, 47, 55, 57, 70] - 4430, [1, 4, 11, 20, 30, 32, 40, 41, 45, 57, 70] - 4494, [1, 4, 11, 20, 30, 32, 40, 41, 45, 57, 70] - 4494, [1, 3, 5, 6, 7, 18, 24, 36, 49, 55, 58, 62, 70] - 4908, [1, 4, 10, 11, 20, 37, 42, 43, 51, 59, 64, 66, 67, 68, 70] - 5926, [1, 4, 11, 20, 30, 32, 40, 41, 45, 57, 70] - 4494, [1, 3, 9, 21, 22, 23, 33, 34, 41, 46, 49, 58, 62, 70] - 5167]
melhor indiv??duo da gera????o:[1, 3, 12, 13, 21, 22, 23, 31, 40, 41, 47, 55, 57, 70] - 4430
gera????o: 5: 
[[1, 4, 11, 20, 30, 32, 40, 41, 45, 57, 70] - 4494, [1, 4, 11, 20, 30, 32, 40, 41, 45, 57, 70] - 4494, [1, 3, 9, 21, 22, 23, 33, 34, 41, 46, 49, 58, 62, 70] - 5167, [1, 3, 12, 13, 21, 22, 23, 31, 40, 41, 47, 55, 57, 70] - 4430, [1, 4, 11, 20, 30, 32, 40, 41, 45, 57, 70] - 4494, [1, 4, 10, 11, 20, 37, 42, 43, 51, 59, 64, 66, 67, 68, 70] - 5926, [1, 3, 9, 21, 22, 23, 33, 34, 41, 46, 49, 58, 62, 70] - 5167, [1, 3, 5, 6, 7, 18, 24, 36, 49, 55, 58, 62, 70] - 4908, [1, 3, 12, 13, 21, 22, 23, 31, 40, 41, 47, 55, 57, 70] - 4430, [1, 4, 11, 20, 30, 32, 40, 41, 45, 57, 70] - 4494, [1, 3, 9, 21, 22, 23, 33, 34, 41, 46, 49, 58, 62, 70] - 5167, [1, 4, 11, 20, 30, 32, 40, 41, 45, 57, 70] - 4494]
melhor indiv??duo da gera????o:[1, 3, 12, 13, 21, 22, 23, 31, 40, 41, 47, 55, 57, 70] - 4430
gera????o: 6: 
[[1, 4, 11, 20, 30, 32, 40, 41, 45, 57, 70] - 4494, [1, 3, 12, 13, 21, 22, 23, 31, 40, 41, 47, 55, 57, 70] - 4430, [1, 4, 10, 11, 20, 37, 42, 43, 51, 59, 64, 66, 67, 68, 70] - 5926, [1, 3, 5, 6, 7, 18, 24, 36, 49, 55, 58, 62, 70] - 4908, [1, 4, 11, 20, 30, 32, 40, 41, 45, 57, 70] - 4494, [1, 4, 11, 20, 30, 32, 40, 41, 45, 57, 70] - 4494, [1, 4, 11, 20, 30, 32, 40, 41, 45, 57, 70] - 4494, [1, 4, 11, 20, 30, 32, 40, 41, 45, 57, 70] - 4494, [1, 3, 5, 6, 7, 18, 24, 36, 49, 55, 58, 62, 70] - 4908, [1, 3, 12, 13, 21, 22, 23, 31, 40, 41, 47, 55, 57, 70] - 4430]
melhor indiv??duo da gera????o:[1, 3, 12, 13, 21, 22, 23, 31, 40, 41, 47, 55, 57, 70] - 4430
gera????o: 7: 
[[1, 3, 12, 13, 21, 22, 23, 31, 40, 41, 47, 55, 57, 70] - 4430, [1, 3, 5, 6, 7, 18, 24, 36, 49, 55, 58, 62, 70] - 4908, [1, 4, 11, 20, 30, 32, 40, 41, 45, 57, 70] - 4494, [1, 4, 11, 20, 30, 32, 40, 41, 45, 57, 70] - 4494, [1, 3, 12, 13, 21, 22, 23, 31, 40, 41, 47, 55, 57, 70] - 4430, [1, 3, 5, 6, 7, 18, 24, 36, 49, 55, 58, 62, 70] - 4908, [1, 3, 12, 13, 21, 22, 23, 31, 40, 41, 47, 55, 57, 70] - 4430, [1, 3, 12, 13, 21, 22, 23, 31, 40, 41, 47, 55, 57, 70] - 4430, [1, 3, 12, 13, 21, 22, 23, 31, 40, 41, 47, 55, 57, 70] - 4430]
melhor indiv??duo da gera????o:[1, 3, 12, 13, 21, 22, 23, 31, 40, 41, 47, 55, 57, 70] - 4430
gera????o: 8: 
[[1, 3, 5, 6, 7, 18, 24, 36, 49, 55, 58, 62, 70] - 4908, [1, 4, 11, 20, 30, 32, 40, 41, 45, 57, 70] - 4494, [1, 3, 5, 6, 7, 18, 24, 36, 49, 55, 58, 62, 70] - 4908, [1, 3, 12, 13, 21, 22, 23, 31, 40, 41, 47, 55, 57, 70] - 4430, [1, 3, 12, 13, 21, 22, 23, 31, 40, 41, 47, 55, 57, 70] - 4430, [1, 3, 12, 13, 21, 22, 23, 31, 40, 41, 47, 55, 57, 70] - 4430, [1, 3, 5, 6, 7, 18, 24, 36, 49, 55, 58, 62, 70] - 4908, [1, 3, 12, 13, 21, 22, 23, 31, 40, 41, 47, 55, 57, 70] - 4430]
melhor indiv??duo da gera????o:[1, 3, 12, 13, 21, 22, 23, 31, 40, 41, 47, 55, 57, 70] - 4430
gera????o: 9: 
[[1, 4, 11, 20, 30, 32, 40, 41, 45, 57, 70] - 4494, [1, 3, 12, 13, 21, 22, 23, 31, 40, 41, 47, 55, 57, 70] - 4430, [1, 3, 12, 13, 21, 22, 23, 31, 40, 41, 47, 55, 57, 70] - 4430, [1, 3, 12, 13, 21, 22, 23, 31, 40, 41, 47, 55, 57, 70] - 4430, [1, 3, 12, 13, 21, 22, 23, 31, 40, 41, 47, 55, 57, 70] - 4430, [1, 3, 12, 13, 21, 22, 23, 31, 40, 41, 47, 55, 57, 70] - 4430]
melhor indiv??duo da gera????o:[1, 3, 12, 13, 21, 22, 23, 31, 40, 41, 47, 55, 57, 70] - 4430
gera????o: 10: 
[[1, 3, 12, 13, 21, 22, 23, 31, 40, 41, 47, 55, 57, 70] - 4430, [1, 3, 12, 13, 21, 22, 23, 31, 40, 41, 47, 55, 57, 70] - 4430, [1, 3, 12, 13, 21, 22, 23, 31, 40, 41, 47, 55, 57, 70] - 4430, [1, 3, 12, 13, 21, 22, 23, 31, 40, 41, 47, 55, 57, 70] - 4430, [1, 3, 12, 13, 21, 22, 23, 31, 40, 41, 47, 55, 57, 70] - 4430]
melhor indiv??duo da gera????o:[1, 3, 12, 13, 21, 22, 23, 31, 40, 41, 47, 55, 57, 70] - 4430
gera????o: 11: 
[[1, 3, 12, 13, 21, 22, 23, 31, 40, 41, 47, 55, 57, 70] - 4430, [1, 3, 12, 13, 21, 22, 23, 31, 40, 41, 47, 55, 57, 70] - 4430, [1, 3, 12, 13, 21, 22, 23, 31, 40, 41, 47, 55, 57, 70] - 4430, [1, 3, 12, 13, 21, 22, 23, 31, 40, 41, 47, 55, 57, 70] - 4430]
m