geração: 1: 
[[1, 2, 5, 12, 13, 19, 20] - 30, [1, 3, 5, 8, 9, 16, 12, 19, 20] - 43, [1, 2, 4, 11, 10, 13, 14, 15, 20] - 52, [1, 3, 5, 12, 19, 20] - 32, [1, 3, 5, 8, 9, 16, 17, 19, 20] - 47, [1, 2, 3, 8, 10, 13, 15, 20] - 41, [1, 3, 6, 7, 9, 13, 15, 20] - 44, [1, 3, 5, 10, 14, 15, 20] - 29, [1, 3, 6, 8, 9, 10, 12, 13, 19, 20] - 49, [1, 6, 8, 10, 12, 13, 9, 16, 17, 18, 19, 20] - 88, [1, 6, 7, 8, 9, 13, 15, 20] - 42, [1, 6, 8, 9, 13, 15, 20] - 36, [1, 2, 3, 6, 8, 10, 13, 9, 16, 17, 18, 19, 20] - 91, [1, 6, 7, 8, 9, 13, 19, 20] - 42, [1, 2, 5, 10, 12, 19, 20] - 40, [1, 6, 7, 9, 13, 14, 10, 12, 5, 2, 3, 8] - 80, [1, 3, 6, 8, 10, 12, 13, 14, 15, 20] - 57, [1, 6, 8, 3, 5, 2, 4, 11, 14, 10, 12, 19, 20] - 68, [1, 2, 5, 12, 19, 20] - 32, [1, 6, 7, 8, 9, 12, 16, 10, 13, 15, 20] - 57]
melhor indivíduo da geração:[1, 3, 5, 10, 14, 15, 20] - 29
geração: 2: 
[[1, 2, 5, 12, 13, 19, 20] - 30, [1, 3, 5, 8, 9, 16, 12, 19, 20] - 43, [1, 3, 5, 12, 19, 20] - 32, [1, 3, 5, 8, 9, 16, 17, 19, 20] - 47, [1, 2, 3, 8, 10, 13, 15, 20] - 41, [1, 3, 6, 7, 9, 13, 15, 20] - 44, [1, 3, 5, 10, 14, 15, 20] - 29, [1, 3, 6, 8, 9, 10, 12, 13, 19, 20] - 49, [1, 6, 7, 8, 9, 13, 15, 20] - 42, [1, 6, 8, 9, 13, 15, 20] - 36, [1, 6, 7, 8, 9, 13, 19, 20] - 42, [1, 2, 5, 10, 12, 19, 20] - 40, [1, 2, 5, 12, 19, 20] - 32, [1, 2, 5, 8, 10, 12, 19, 20] - 49, [1, 2, 3, 5, 12, 13, 14, 10] - 42, [1, 2, 4, 11, 13, 14, 15, 20] - 44, [1, 2, 3, 6, 8, 9, 12, 19, 20] - 43, [1, 6, 7, 9, 12, 19, 20] - 40, [1, 2, 4, 10, 12, 13, 15, 20] - 40, [1, 6, 7, 8, 3, 5, 12, 19, 20] - 47]
melhor indivíduo da geração:[1, 3, 5, 10, 14, 15, 20] - 29
geração: 3: 
[[1, 2, 5, 12, 13, 19, 20] - 30, [1, 3, 5, 8, 9, 16, 12, 19, 20] - 43, [1, 3, 5, 12, 19, 20] - 32, [1, 2, 3, 8, 10, 13, 15, 20] - 41, [1, 3, 6, 7, 9, 13, 15, 20] - 44, [1, 3, 5, 10, 14, 15, 20] - 29, [1, 6, 7, 8, 9, 13, 15, 20] - 42, [1, 6, 8, 9, 13, 15, 20] - 36, [1, 6, 7, 8, 9, 13, 19, 20] - 42, [1, 2, 5, 10, 12, 19, 20] - 40, [1, 2, 5, 12, 19, 20] - 32, [1, 2, 3, 5, 12, 13, 14, 10] - 42, [1, 2, 4, 11, 13, 14, 15, 20] - 44, [1, 2, 3, 6, 8, 9, 12, 19, 20] - 43, [1, 6, 7, 9, 12, 19, 20] - 40, [1, 2, 4, 10, 12, 13, 15, 20] - 40, [1, 3, 6, 8, 9, 13, 15, 20] - 39, [1, 2, 5, 10, 14, 13, 19, 20] - 35, [1, 3, 8, 9, 16, 12, 13, 19, 20] - 35, [1, 3, 5, 8, 10, 13, 15, 20] - 42, [1, 3, 5, 8, 10, 14, 15, 20] - 38]
melhor indivíduo da geração:[1, 3, 5, 10, 14, 15, 20] - 29
______________________________________________________________________________________________________________________________
