gera????o: 1: 
[[1, 3, 9, 13, 31, 33, 39, 44, 53, 54, 61, 68, 70] - 5579, [1, 3, 9, 13, 40, 41, 45, 57, 70] - 3888, [1, 2, 9, 11, 20, 31, 41, 46, 47, 55, 57, 70] - 4813, [1, 2, 3, 13, 14, 26, 34, 46, 47, 56, 60, 64, 65, 67, 69, 70] - 6805, [1, 4, 10, 20, 30, 32, 40, 44, 53, 61, 63, 70] - 4646, [1, 4, 10, 20, 29, 38, 43, 52, 53, 61, 68, 70] - 5276, [1, 2, 4, 11, 20, 31, 40, 44, 55, 56, 61, 65, 67, 69, 70] - 6705, [1, 3, 5, 12, 14, 25, 33, 47, 56, 60, 61, 63, 70] - 5198, [1, 4, 11, 21, 31, 41, 47, 55, 58, 62, 70] - 4268, [1, 3, 13, 21, 23, 25, 33, 49, 55, 57, 70] - 3954, [1, 2, 4, 11, 20, 39, 40, 44, 54, 61, 68, 70] - 4968, [1, 3, 13, 21, 23, 31, 40, 41, 44, 53, 61, 65, 67, 69, 70] - 6183, [1, 2, 9, 13, 21, 22, 24, 26, 33, 41, 45, 47, 56, 60, 65, 68, 70] - 6681, [1, 4, 11, 21, 23, 33, 39, 42, 52, 59, 64, 65, 66, 67, 68, 70] - 7392, [1, 3, 9, 13, 23, 33, 34, 41, 45, 57, 70] - 4397, [1, 3, 23, 25, 26, 28, 34, 35, 49, 55, 58, 62, 70] - 4575, [1, 4, 11, 21, 23, 31, 33, 47, 49, 58, 62, 70] - 4328, [1, 4, 10, 11, 21, 31, 33, 39, 56, 60, 61, 68, 70] - 6212, [1, 3, 9, 13, 14, 17, 18, 24, 27, 28, 34, 41, 46, 47, 49, 55, 57, 70] - 6834, [1, 4, 10, 20, 32, 40, 41, 44, 56, 60, 64, 65, 66, 67, 69, 70] - 6859]
melhor indiv??duo da gera????o:[1, 3, 9, 13, 40, 41, 45, 57, 70] - 3888
gera????o: 2: 
[[1, 3, 9, 13, 40, 41, 45, 57, 70] - 3888, [1, 2, 3, 13, 14, 26, 34, 46, 47, 56, 60, 64, 65, 67, 69, 70] - 6805, [1, 4, 10, 20, 29, 38, 43, 52, 53, 61, 68, 70] - 5276, [1, 3, 5, 12, 14, 25, 33, 47, 56, 60, 61, 63, 70] - 5198, [1, 3, 13, 21, 23, 25, 33, 49, 55, 57, 70] - 3954, [1, 3, 13, 21, 23, 31, 40, 41, 44, 53, 61, 65, 67, 69, 70] - 6183, [1, 4, 11, 21, 23, 33, 39, 42, 52, 59, 64, 65, 66, 67, 68, 70] - 7392, [1, 3, 23, 25, 26, 28, 34, 35, 49, 55, 58, 62, 70] - 4575, [1, 4, 10, 11, 21, 31, 33, 39, 56, 60, 61, 68, 70] - 6212, [1, 4, 10, 20, 32, 40, 41, 44, 56, 60, 64, 65, 66, 67, 69, 70] - 6859, [1, 3, 9, 13, 40, 41, 45, 57, 70] - 3888, [1, 3, 9, 13, 31, 33, 39, 44, 53, 54, 61, 68, 70] - 5579, [1, 3, 5, 12, 14, 25, 33, 47, 56, 60, 61, 63, 70] - 5198, [1, 3, 9, 13, 23, 33, 34, 41, 45, 57, 70] - 4397, [1, 4, 10, 20, 29, 38, 43, 52, 53, 61, 68, 70] - 5276, [1, 3, 13, 21, 23, 31, 40, 41, 44, 53, 61, 65, 67, 69, 70] - 6183, [1, 4, 11, 21, 23, 31, 33, 47, 49, 58, 62, 70] - 4328, [1, 3, 9, 13, 40, 41, 45, 57, 70] - 3888]
melhor indiv??duo da gera????o:[1, 3, 9, 13, 40, 41, 45, 57, 70] - 3888
gera????o: 3: 
[[1, 2, 3, 13, 14, 26, 34, 46, 47, 56, 60, 64, 65, 67, 69, 70] - 6805, [1, 3, 5, 12, 14, 25, 33, 47, 56, 60, 61, 63, 70] - 5198, [1, 3, 13, 21, 23, 31, 40, 41, 44, 53, 61, 65, 67, 69, 70] - 6183, [1, 3, 23, 25, 26, 28, 34, 35, 49, 55, 58, 62, 70] - 4575, [1, 4, 10, 20, 32, 40, 41, 44, 56, 60, 64, 65, 66, 67, 69, 70] - 6859, [1, 3, 9, 13, 31, 33, 39, 44, 53, 54, 61, 68, 70] - 5579, [1, 3, 9, 13, 23, 33, 34, 41, 45, 57, 70] - 4397, [1, 3, 13, 21, 23, 31, 40, 41, 44, 53, 61, 65, 67, 69, 70] - 6183, [1, 3, 9, 13, 40, 41, 45, 57, 70] - 3888, [1, 4, 10, 20, 29, 38, 43, 52, 53, 61, 68, 70] - 5276, [1, 3, 23, 25, 26, 28, 34, 35, 49, 55, 58, 62, 70] - 4575, [1, 3, 9, 13, 40, 41, 45, 57, 70] - 3888, [1, 4, 10, 20, 29, 38, 43, 52, 53, 61, 68, 70] - 5276, [1, 3, 23, 25, 26, 28, 34, 35, 49, 55, 58, 62, 70] - 4575, [1, 3, 13, 21, 23, 25, 33, 49, 55, 57, 70] - 3954, [1, 4, 11, 21, 23, 31, 33, 47, 49, 58, 62, 70] - 4328]
melhor indiv??duo da gera????o:[1, 3, 9, 13, 40, 41, 45, 57, 70] - 3888
gera????o: 4: 
[[1, 3, 5, 12, 14, 25, 33, 47, 56, 60, 61, 63, 70] - 5198, [1, 3, 23, 25, 26, 28, 34, 35, 49, 55, 58, 62, 70] - 4575, [1, 3, 9, 13, 31, 33, 39, 44, 53, 54, 61, 68, 70] - 5579, [1, 3, 13, 21, 23, 31, 40, 41, 44, 53, 61, 65, 67, 69, 70] - 6183, [1, 4, 10, 20, 29, 38, 43, 52, 53, 61, 68, 70] - 5276, [1, 3, 9, 13, 40, 41, 45, 57, 70] - 3888, [1, 3, 23, 25, 26, 28, 34, 35, 49, 55, 58, 62, 70] - 4575, [1, 4, 11, 21, 23, 31, 33, 47, 49, 58, 62, 70] - 4328, [1, 3, 13, 21, 23, 31, 40, 41, 44, 53, 61, 65, 67, 69, 70] - 6183, [1, 3, 13, 21, 23, 25, 33, 49, 55, 57, 70] - 3954, [1, 3, 13, 21, 23, 25, 33, 49, 55, 57, 70] - 3954, [1, 3, 9, 13, 23, 33, 34, 41, 45, 57, 70] - 4397, [1, 3, 23, 25, 26, 28, 34, 35, 49, 55, 58, 62, 70] - 4575, [1, 3, 13, 21, 23, 25, 33, 49, 55, 57, 70] - 3954]
melhor indiv??duo da gera????o:[1, 3, 9, 13, 40, 41, 45, 57, 70] - 3888
gera????o: 5: 
[[1, 3, 23, 25, 26, 28, 34, 35, 49, 55, 58, 62, 70] - 4575, [1, 3, 13, 21, 23, 31, 40, 41, 44, 53, 61, 65, 67, 69, 70] - 6183, [1, 3, 9, 13, 40, 41, 45, 57, 70] - 3888, [1, 4, 11, 21, 23, 31, 33, 47, 49, 58, 62, 70] - 4328, [1, 3, 13, 21, 23, 25, 33, 49, 55, 57, 70] - 3954, [1, 3, 9, 13, 23, 33, 34, 41, 45, 57, 70] - 4397, [1, 3, 13, 21, 23, 25, 33, 49, 55, 57, 70] - 3954, [1, 3, 23, 25, 26, 28, 34, 35, 49, 55, 58, 62, 70] - 4575, [1, 4, 11, 21, 23, 31, 33, 47, 49, 58, 62, 70] - 4328, [1, 4, 11, 21, 23, 31, 33, 47, 49, 58, 62, 70] - 4328, [1, 3, 9, 13, 23, 33, 34, 41, 45, 57, 70] - 4397, [1, 4, 11, 21, 23, 31, 33, 47, 49, 58, 62, 70] - 4328]
melhor indiv??duo da gera????o:[1, 3, 9, 13, 40, 41, 45, 57, 70] - 3888
gera????o: 6: 
[[1, 3, 13, 21, 23, 31, 40, 41, 44, 53, 61, 65, 67, 69, 70] - 6183, [1, 4, 11, 21, 23, 31, 33, 47, 49, 58, 62, 70] - 4328, [1, 3, 9, 13, 23, 33, 34, 41, 45, 57, 70] - 4397, [1, 3, 23, 25, 26, 28, 34, 35, 49, 55, 58, 62, 70] - 4575, [1, 4, 11, 21, 23, 31, 33, 47, 49, 58, 62, 70] - 4328, [1, 4, 11, 21, 23, 31, 33, 47, 49, 58, 62, 70] - 4328, [1, 3, 13, 21, 23, 25, 33, 49, 55, 57, 70] - 3954, [1, 3, 9, 13, 40, 41, 45, 57, 70] - 3888, [1, 4, 11, 21, 23, 31, 33, 47, 49, 58, 62, 70] - 4328, [1, 4, 11, 21, 23, 31, 33, 47, 49, 58, 62, 70] - 4328]
melhor indiv??duo da gera????o:[1, 3, 9, 13, 40, 41, 45, 57, 70] - 3888
gera????o: 7: 
[[1, 4, 11, 21, 23, 31, 33, 47, 49, 58, 62, 70] - 4328, [1, 3, 23, 25, 26, 28, 34, 35, 49, 55, 58, 62, 70] - 4575, [1, 4, 11, 21, 23, 31, 33, 47, 49, 58, 62, 70] - 4328, [1, 3, 9, 13, 40, 41, 45, 57, 70] - 3888, [1, 4, 11, 21, 23, 31, 33, 47, 49, 58, 62, 70] - 4328, [1, 4, 11, 21, 23, 31, 33, 47, 49, 58, 62, 70] - 4328, [1, 3, 9, 13, 23, 33, 34, 41, 45, 57, 70] - 4397, [1, 3, 23, 25, 26, 28, 34, 35, 49, 55, 58, 62, 70] - 4575, [1, 4, 11, 21, 23, 31, 33, 47, 49, 58, 62, 70] - 4328]
melhor indiv??duo da gera????o:[1, 3, 9, 13, 40, 41, 45, 57, 70] - 3888
gera????o: 8: 
[[1, 3, 23, 25, 26, 28, 34, 35, 49, 55, 58, 62, 70] - 4575, [1, 3, 9, 13, 40, 41, 45, 57, 70] - 3888, [1, 4, 11, 21, 23, 31, 33, 47, 49, 58, 62, 70] - 4328, [1, 3, 23, 25, 26, 28, 34, 35, 49, 55, 58, 62, 70] - 4575, [1, 4, 11, 21, 23, 31, 33, 47, 49, 58, 62, 70] - 4328, [1, 3, 23, 25, 26, 28, 34, 35, 49, 55, 58, 62, 70] - 4575, [1, 4, 11, 21, 23, 31, 33, 47, 49, 58, 62, 70] - 4328, [1, 4, 11, 21, 23, 31, 33, 47, 49, 58, 62, 70] - 4328]
melhor indiv??duo da gera????o:[1, 3, 9, 13, 40, 41, 45, 57, 70] - 3888
gera????o: 9: 
[[1, 3, 9, 13, 40, 41, 45, 57, 70] - 3888, [1, 3, 23, 25, 26, 28, 34, 35, 49, 55, 58, 62, 70] - 4575, [1, 3, 23, 25, 26, 28, 34, 35, 49, 55, 58, 62, 70] - 4575, [1, 4, 11, 21, 23, 31, 33, 47, 49, 58, 62, 70] - 4328, [1, 3, 9, 13, 40, 41, 45, 57, 70] - 3888, [1, 3, 9, 13, 40, 41, 45, 57, 70] - 3888]
melhor indiv??duo da gera????o:[1, 3, 9, 13, 40, 41, 45, 57, 70] - 3888
______________________________________________________________________________________________________________________________
