geração: 1: 
[[1, 2, 5, 8, 10, 12, 13, 19, 20] - 47, [1, 3, 8, 9, 16, 10, 12, 19, 20] - 50, [1, 3, 8, 9, 16, 10, 14, 15, 20] - 39, [1, 3, 6, 7, 8, 9, 12, 16, 10, 13, 14, 15, 20] - 70, [1, 6, 8, 10, 14, 13, 19, 20] - 41, [1, 3, 8, 9, 16, 12, 5, 10, 14, 15, 20] - 54, [1, 2, 4, 10, 12, 13, 15, 20] - 40, [1, 2, 3, 5, 8, 9, 16, 17, 18, 19, 20] - 58, [1, 6, 8, 9, 12, 16, 10, 14, 15, 20] - 47, [1, 3, 6, 7, 8, 9, 12, 5, 2, 4, 10, 14, 15, 20] - 69, [1, 2, 3, 6, 7, 8, 10, 14, 15, 20] - 49, [1, 6, 7, 8, 9, 13, 19, 20] - 42, [1, 2, 3, 5, 10, 14, 13, 15, 20] - 40, [1, 2, 4, 5, 12, 16, 10, 14, 13, 9] - 71, [1, 3, 5, 8, 10, 12, 19, 20] - 49, [1, 3, 6, 8, 10, 12, 13, 9, 16, 17, 18, 19, 20] - 91, [1, 6, 8, 9, 13, 15, 20] - 36, [1, 3, 8, 10, 13, 19, 20] - 36, [1, 2, 4, 5, 12, 19, 20] - 43, [1, 2, 4, 10, 13, 19, 20] - 35]
melhor indivíduo da geração:[1, 2, 4, 10, 13, 19, 20] - 35
geração: 2: 
[[1, 2, 5, 8, 10, 12, 13, 19, 20] - 47, [1, 3, 8, 9, 16, 10, 14, 15, 20] - 39, [1, 6, 8, 10, 14, 13, 19, 20] - 41, [1, 2, 4, 10, 12, 13, 15, 20] - 40, [1, 6, 8, 9, 12, 16, 10, 14, 15, 20] - 47, [1, 2, 3, 6, 7, 8, 10, 14, 15, 20] - 49, [1, 6, 7, 8, 9, 13, 19, 20] - 42, [1, 2, 3, 5, 10, 14, 13, 15, 20] - 40, [1, 3, 5, 8, 10, 12, 19, 20] - 49, [1, 6, 8, 9, 13, 15, 20] - 36, [1, 3, 8, 10, 13, 19, 20] - 36, [1, 2, 4, 5, 12, 19, 20] - 43, [1, 2, 4, 10, 13, 19, 20] - 35, [1, 6, 8, 9, 16, 10, 14, 15, 20] - 42, [1, 2, 4, 5, 8, 9, 12, 13, 15, 20] - 47, [1, 2, 5, 8, 9, 10, 14, 13, 15, 20] - 46, [1, 2, 3, 5, 12, 13, 14, 10] - 42, [1, 3, 8, 9, 12, 19, 20] - 32, [1, 2, 4, 10, 14, 15, 20] - 31, [1, 2, 3, 5, 12, 13, 14, 15, 20] - 45, [1, 2, 4, 11, 13, 14, 15, 20] - 44]
melhor indivíduo da geração:[1, 2, 4, 10, 14, 15, 20] - 31
geração: 3: 
[[1, 3, 8, 9, 16, 10, 14, 15, 20] - 39, [1, 6, 8, 10, 14, 13, 19, 20] - 41, [1, 2, 4, 10, 12, 13, 15, 20] - 40, [1, 6, 7, 8, 9, 13, 19, 20] - 42, [1, 2, 3, 5, 10, 14, 13, 15, 20] - 40, [1, 6, 8, 9, 13, 15, 20] - 36, [1, 3, 8, 10, 13, 19, 20] - 36, [1, 2, 4, 10, 13, 19, 20] - 35, [1, 6, 8, 9, 16, 10, 14, 15, 20] - 42, [1, 2, 3, 5, 12, 13, 14, 10] - 42, [1, 3, 8, 9, 12, 19, 20] - 32, [1, 2, 4, 10, 14, 15, 20] - 31]
melhor indivíduo da geração:[1, 2, 4, 10, 14, 15, 20] - 31
geração: 4: 
[[1, 3, 8, 9, 16, 10, 14, 15, 20] - 39, [1, 6, 8, 10, 14, 13, 19, 20] - 41, [1, 2, 4, 10, 12, 13, 15, 20] - 40, [1, 2, 3, 5, 10, 14, 13, 15, 20] - 40, [1, 6, 8, 9, 13, 15, 20] - 36, [1, 3, 8, 10, 13, 19, 20] - 36, [1, 2, 4, 10, 13, 19, 20] - 35, [1, 3, 8, 9, 12, 19, 20] - 32, [1, 2, 4, 10, 14, 15, 20] - 31, [1, 2, 5, 10, 13, 15, 20] - 33, [1, 2, 3, 5, 12, 13, 19, 20] - 35, [1, 6, 8, 10, 13, 15, 20] - 39]
melhor indivíduo da geração:[1, 2, 4, 10, 14, 15, 20] - 31
geração: 5: 
[[1, 3, 8, 9, 16, 10, 14, 15, 20] - 39, [1, 2, 4, 10, 12, 13, 15, 20] - 40, [1, 2, 3, 5, 10, 14, 13, 15, 20] - 40, [1, 6, 8, 9, 13, 15, 20] - 36, [1, 3, 8, 10, 13, 19, 20] - 36, [1, 2, 4, 10, 13, 19, 20] - 35, [1, 3, 8, 9, 12, 19, 20] - 32, [1, 2, 4, 10, 14, 15, 20] - 31, [1, 2, 5, 10, 13, 15, 20] - 33, [1, 2, 3, 5, 12, 13, 19, 20] - 35, [1, 6, 8, 10, 13, 15, 20] - 39, [1, 2, 4, 11, 13, 15, 20] - 34]
melhor indivíduo da geração:[1, 2, 4, 10, 14, 15, 20] - 31
geração: 6: 
[[1, 6, 8, 9, 13, 15, 20] - 36, [1, 3, 8, 10, 13, 19, 20] - 36, [1, 2, 4, 10, 13, 19, 20] - 35, [1, 3, 8, 9, 12, 19, 20] - 32, [1, 2, 4, 10, 14, 15, 20] - 31, [1, 2, 5, 10, 13, 15, 20] - 33, [1, 2, 3, 5, 12, 13, 19, 20] - 35, [1, 2, 4, 11, 13, 15, 20] - 34, [1, 3, 5, 12, 13, 19, 20] - 30, [1, 3, 8, 10, 14, 15, 20] - 32, [1, 3, 8, 10, 13, 15, 20] - 36]
melhor indivíduo da geração:[1, 3, 5, 12, 13, 19, 20] - 30
geração: 7: 
[[1, 6, 8, 9, 13, 15, 20] - 36, [1, 3, 8, 10, 13, 19, 20] - 36, [1, 2, 4, 10, 13, 19, 20] - 35, [1, 3, 8, 9, 12, 19, 20] - 32, [1, 2, 4, 10, 14, 15, 20] - 31, [1, 2, 5, 10, 13, 15, 20] - 33, [1, 2, 3, 5, 12, 13, 19, 20] - 35, [1, 2, 4, 11, 13, 15, 20] - 34, [1, 3, 5, 12, 13, 19, 20] - 30, [1, 3, 8, 10, 14, 15, 20] - 32, [1, 3, 8, 10, 13, 15, 20] - 36, [1, 3, 8, 9, 10, 13, 19, 20] - 38, [1, 3, 8, 9, 16, 12, 19, 20] - 37]
melhor indivíduo da geração:[1, 3, 5, 12, 13, 19, 20] - 30
geração: 8: 
[[1, 6, 8, 9, 13, 15, 20] - 36, [1, 3, 8, 10, 13, 19, 20] - 36, [1, 2, 4, 10, 13, 19, 20] - 35, [1, 3, 8, 9, 12, 19, 20] - 32, [1, 2, 4, 10, 14, 15, 20] - 31, [1, 2, 5, 10, 13, 15, 20] - 33, [1, 2, 3, 5, 12, 13, 19, 20] - 35, [1, 2, 4, 11, 13, 15, 20] - 34, [1, 3, 5, 12, 13, 19, 20] - 30, [1, 3, 8, 10, 14, 15, 20] - 32, [1, 3, 8, 10, 13, 15, 20] - 36, [1, 3, 8, 9, 10, 13, 19, 20] - 38, [1, 3, 8, 9, 16, 12, 19, 20] - 37, [1, 6, 7, 9, 12, 19, 20] - 40]
melhor indivíduo da geração:[1, 3, 5, 12, 13, 19, 20] - 30
geração: 9: 
[[1, 6, 8, 9, 13, 15, 20] - 36, [1, 3, 8, 10, 13, 19, 20] - 36, [1, 2, 4, 10, 13, 19, 20] - 35, [1, 3, 8, 9, 12, 19, 20] - 32, [1, 2, 4, 10, 14, 15, 20] - 31, [1, 2, 5, 10, 13, 15, 20] - 33, [1, 2, 3, 5, 12, 13, 19, 20] - 35, [1, 2, 4, 11, 13, 15, 20] - 34, [1, 3, 5, 12, 13, 19, 20] - 30, [1, 3, 8, 10, 14, 15, 20] - 32, [1, 3, 8, 10, 13, 15, 20] - 36, [1, 3, 8, 9, 10, 13, 19, 20] - 38, [1, 3, 8, 9, 16, 12, 19, 20] - 37, [1, 6, 7, 9, 12, 19, 20] - 40, [1, 3, 5, 8, 10, 14, 15, 20] - 38, [1, 6, 8, 3, 5, 10, 14, 15, 20] - 38]
melhor indivíduo da geração:[1, 3, 5, 12, 13, 19, 20] - 30
geração: 10: 
[[1, 6, 8, 9, 13, 15, 20] - 36, [1, 3, 8, 10, 13, 19, 20] - 36, [1, 2, 4, 10, 13, 19, 20] - 35, [1, 3, 8, 9, 12, 19, 20] - 32, [1, 2, 4, 10, 14, 15, 20] - 31, [1, 2, 5, 10, 13, 15, 20] - 33, [1, 2, 3, 5, 12, 13, 19, 20] - 35, [1, 2, 4, 11, 13, 15, 20] - 34, [1, 3, 5, 12, 13, 19, 20] - 30, [1, 3, 8, 10, 14, 15, 20] - 32, [1, 3, 8, 10, 13, 15, 20] - 36, [1, 3, 8, 9, 10, 13, 19, 20] - 38, [1, 3, 8, 9, 16, 12, 19, 20] - 37, [1, 6, 7, 9, 12, 19, 20] - 40, [1, 3, 5, 8, 10, 14, 15, 20] - 38, [1, 6, 8, 3, 5, 10, 14, 15, 20] - 38, [1, 2, 5, 12, 13, 15, 20] - 30, [1, 6, 8, 10, 13, 15, 20] - 39, [1, 6, 7, 8, 9, 12, 19, 20] - 41]
melhor indivíduo da geração:[1, 3, 5, 12, 13, 19, 20] - 30
melhor valor é da geração 5!!!!
______________________________________________________________________________________________________________________________
