gera????o: 1: 
[[1, 3, 23, 25, 33, 49, 55, 57, 70] - 3703, [1, 4, 11, 21, 22, 25, 33, 49, 55, 57, 70] - 4020, [1, 3, 13, 23, 33, 40, 44, 45, 57, 70] - 4118, [1, 3, 23, 31, 33, 41, 45, 56, 57, 70] - 4222, [1, 2, 4, 11, 21, 23, 33, 40, 41, 45, 57, 70] - 4399, [1, 3, 12, 14, 22, 25, 33, 40, 44, 55, 58, 62, 70] - 4507, [1, 3, 9, 11, 21, 23, 31, 32, 39, 44, 55, 57, 70] - 4639, [1, 4, 10, 11, 20, 39, 50, 53, 54, 61, 68, 70] - 4815, [1, 2, 3, 5, 12, 13, 22, 33, 34, 35, 36, 48, 49, 58, 62, 70] - 4898, [1, 4, 11, 20, 32, 39, 44, 55, 58, 62, 70] - 4965, [1, 3, 9, 13, 22, 33, 34, 35, 46, 47, 55, 56, 63, 70] - 5011, [1, 4, 10, 11, 20, 39, 50, 53, 61, 65, 68, 70] - 5148, [1, 3, 23, 33, 39, 44, 45, 47, 56, 57, 70] - 5309, [1, 4, 10, 11, 20, 21, 23, 33, 41, 46, 49, 55, 56, 61, 63, 70] - 5910, [1, 4, 10, 20, 29, 38, 43, 52, 53, 54, 56, 60, 61, 63, 70] - 6063, [1, 4, 11, 20, 30, 32, 37, 38, 43, 52, 53, 60, 65, 68, 70] - 6264, [1, 2, 4, 10, 11, 21, 23, 33, 39, 42, 51, 59, 66, 67, 69, 70] - 6383, [1, 4, 11, 21, 31, 33, 46, 47, 55, 56, 61, 65, 66, 67, 69, 70] - 6493, [1, 2, 4, 11, 21, 23, 31, 32, 40, 44, 53, 54, 56, 61, 65, 66, 67, 69, 70] - 6614, [1, 2, 3, 13, 40, 41, 47, 56, 60, 65, 67, 68, 70] - 6678]
melhor indiv??duo da gera????o:[1, 3, 23, 25, 33, 49, 55, 57, 70] - 3703
gera????o: 2: 
[[1, 4, 11, 21, 22, 25, 33, 49, 55, 57, 70] - 4020, [1, 3, 13, 23, 33, 40, 44, 45, 57, 70] - 4118, [1, 2, 4, 11, 21, 23, 33, 40, 41, 45, 57, 70] - 4399, [1, 3, 12, 14, 22, 25, 33, 40, 44, 55, 58, 62, 70] - 4507, [1, 3, 9, 11, 21, 23, 31, 32, 39, 44, 55, 57, 70] - 4639, [1, 4, 10, 11, 20, 39, 50, 53, 54, 61, 68, 70] - 4815, [1, 2, 9, 13, 22, 24, 34, 35, 36, 49, 58, 62, 70] - 4841, [1, 2, 3, 5, 12, 13, 22, 33, 34, 35, 36, 48, 49, 58, 62, 70] - 4898, [1, 3, 9, 13, 22, 33, 34, 35, 46, 47, 55, 56, 63, 70] - 5011, [1, 4, 11, 21, 31, 32, 37, 39, 50, 53, 60, 61, 63, 70] - 5107, [1, 4, 11, 21, 22, 23, 31, 40, 44, 53, 61, 68, 70] - 5169, [1, 3, 23, 33, 39, 44, 45, 47, 56, 57, 70] - 5309, [1, 4, 10, 11, 20, 21, 23, 33, 41, 46, 49, 55, 56, 61, 63, 70] - 5910, [1, 4, 10, 20, 29, 38, 43, 52, 53, 54, 56, 60, 61, 63, 70] - 6063, [1, 3, 9, 13, 21, 31, 32, 37, 39, 42, 43, 51, 59, 66, 67, 69, 70] - 6193, [1, 2, 4, 10, 11, 21, 23, 33, 39, 42, 51, 59, 66, 67, 69, 70] - 6383, [1, 2, 4, 11, 21, 23, 31, 32, 40, 44, 53, 54, 56, 61, 65, 66, 67, 69, 70] - 6614, [1, 2, 3, 5, 12, 14, 17, 18, 19, 24, 26, 33, 46, 47, 56, 60, 65, 67, 68, 70] - 8063]
melhor indiv??duo da gera????o:[1, 4, 11, 21, 22, 25, 33, 49, 55, 57, 70] - 4020
gera????o: 3: 
[[1, 2, 9, 11, 21, 23, 25, 33, 49, 58, 62, 70] - 3706, [1, 3, 13, 23, 33, 40, 44, 45, 57, 70] - 4118, [1, 4, 11, 21, 23, 33, 46, 49, 55, 58, 62, 70] - 4440, [1, 3, 9, 11, 21, 23, 31, 32, 39, 44, 55, 57, 70] - 4639, [1, 3, 13, 31, 40, 44, 50, 53, 54, 56, 61, 68, 70] - 4723, [1, 2, 9, 13, 22, 24, 34, 35, 36, 49, 58, 62, 70] - 4841, [1, 2, 3, 5, 12, 13, 22, 33, 34, 35, 36, 48, 49, 58, 62, 70] - 4898, [1, 4, 11, 21, 31, 32, 37, 39, 50, 53, 60, 61, 63, 70] - 5107, [1, 3, 23, 33, 39, 44, 45, 47, 56, 57, 70] - 5309, [1, 4, 11, 21, 22, 25, 33, 39, 53, 60, 61, 68, 70] - 5784, [1, 4, 11, 20, 39, 42, 43, 51, 59, 60, 64, 67, 69, 70] - 6031, [1, 3, 23, 25, 26, 28, 36, 49, 55, 56, 60, 61, 63, 70] - 6067, [1, 2, 3, 23, 31, 32, 39, 44, 53, 54, 61, 65, 67, 69, 70] - 6127, [1, 2, 4, 10, 11, 21, 23, 33, 40, 41, 44, 45, 47, 56, 60, 61, 63, 70] - 6344, [1, 2, 4, 11, 21, 23, 31, 32, 40, 44, 53, 54, 56, 61, 65, 66, 67, 69, 70] - 6614, [1, 2, 3, 5, 12, 14, 17, 18, 19, 24, 26, 33, 46, 47, 56, 60, 65, 67, 68, 70] - 8063]
melhor indiv??duo da gera????o:[1, 2, 9, 11, 21, 23, 25, 33, 49, 58, 62, 70] - 3706
gera????o: 4: 
[[1, 2, 9, 11, 21, 23, 25, 33, 49, 58, 62, 70] - 3706, [1, 3, 13, 23, 33, 40, 44, 45, 57, 70] - 4118, [1, 2, 9, 13, 23, 33, 49, 55, 56, 57, 70] - 4260, [1, 4, 11, 21, 23, 33, 46, 49, 55, 58, 62, 70] - 4440, [1, 3, 9, 11, 21, 23, 31, 32, 39, 44, 55, 57, 70] - 4639, [1, 2, 9, 13, 22, 24, 34, 35, 36, 49, 58, 62, 70] - 4841, [1, 4, 11, 21, 31, 32, 37, 39, 50, 53, 60, 61, 63, 70] - 5107, [1, 4, 10, 20, 21, 31, 40, 41, 47, 49, 55, 56, 63, 70] - 5362, [1, 4, 11, 21, 22, 25, 33, 39, 53, 60, 61, 68, 70] - 5784, [1, 4, 10, 20, 37, 38, 43, 52, 59, 66, 67, 69, 70] - 5902, [1, 3, 23, 25, 26, 28, 36, 49, 55, 56, 60, 61, 63, 70] - 6067, [1, 2, 4, 10, 11, 21, 23, 33, 40, 41, 44, 45, 47, 56, 60, 61, 63, 70] - 6344, [1, 2, 4, 11, 21, 23, 31, 32, 40, 44, 53, 54, 56, 61, 65, 66, 67, 69, 70] - 6614, [1, 2, 3, 5, 12, 14, 17, 18, 19, 24, 26, 33, 46, 47, 56, 60, 65, 67, 68, 70] - 8063]
melhor indiv??duo da gera????o:[1, 2, 9, 11, 21, 23, 25, 33, 49, 58, 62, 70] - 3706
gera????o: 5: 
[[1, 3, 23, 33, 46, 49, 58, 62, 70] - 3884, [1, 2, 9, 13, 23, 33, 49, 55, 56, 57, 70] - 4260, [1, 3, 9, 21, 22, 33, 47, 56, 57, 70] - 4416, [1, 4, 11, 21, 23, 25, 33, 47, 55, 56, 57, 70] - 4619, [1, 2, 9, 13, 22, 24, 34, 35, 36, 49, 58, 62, 70] - 4841, [1, 4, 11, 20, 30, 31, 32, 39, 44, 45, 57, 70] - 4978, [1, 4, 11, 20, 39, 44, 53, 61, 68, 70] - 5360, [1, 2, 9, 13, 31, 32, 39, 53, 54, 56, 60, 61, 68, 70] - 5596, [1, 4, 11, 21, 23, 33, 40, 44, 54, 61, 65, 67, 68, 70] - 5793, [1, 4, 10, 20, 37, 38, 43, 52, 59, 66, 67, 69, 70] - 5902, [1, 3, 23, 25, 26, 28, 36, 49, 55, 56, 60, 61, 63, 70] - 6067, [1, 2, 4, 11, 21, 23, 31, 32, 40, 44, 53, 54, 56, 61, 65, 66, 67, 69, 70] - 6614]
melhor indiv??duo da gera????o:[1, 3, 23, 33, 46, 49, 58, 62, 70] - 3884
______________________________________________________________________________________________________________________________
