gera????o: 1: 
[[1, 3, 12, 22, 24, 27, 35, 49, 55, 57, 70] - 4686, [1, 3, 12, 22, 25, 33, 49, 55, 57, 70] - 3616, [1, 4, 10, 11, 21, 23, 33, 39, 40, 41, 47, 55, 56, 60, 64, 67, 68, 70] - 7265, [1, 3, 12, 13, 22, 23, 33, 40, 41, 47, 56, 63, 70] - 4700, [1, 3, 23, 33, 40, 41, 47, 55, 57, 70] - 4143, [1, 3, 9, 21, 22, 33, 41, 45, 57, 70] - 3982, [1, 3, 13, 31, 41, 45, 47, 49, 58, 62, 70] - 4207, [1, 2, 3, 12, 13, 22, 33, 49, 58, 62, 70] - 3743, [1, 4, 11, 21, 31, 33, 39, 40, 44, 45, 57, 70] - 4936, [1, 4, 10, 20, 30, 31, 33, 49, 55, 58, 62, 70] - 4328, [1, 4, 10, 20, 30, 31, 41, 44, 50, 53, 61, 65, 66, 67, 68, 70] - 6651, [1, 3, 13, 40, 41, 46, 49, 58, 62, 70] - 4388, [1, 2, 4, 10, 11, 21, 23, 25, 26, 31, 32, 40, 44, 45, 56, 61, 68, 70] - 5659, [1, 3, 13, 21, 31, 41, 44, 53, 60, 65, 67, 68, 70] - 6128, [1, 2, 3, 13, 40, 41, 47, 49, 55, 58, 62, 70] - 4603, [1, 3, 12, 14, 25, 33, 49, 58, 62, 70] - 3638, [1, 2, 3, 23, 31, 33, 40, 44, 50, 53, 60, 61, 68, 70] - 5592, [1, 3, 9, 11, 21, 22, 33, 46, 47, 49, 55, 56, 57, 70] - 5296, [1, 3, 5, 12, 22, 24, 36, 48, 49, 55, 58, 62, 70] - 4884, [1, 4, 10, 11, 20, 39, 53, 61, 65, 67, 69, 70] - 5771]
melhor indiv??duo da gera????o:[1, 3, 12, 22, 25, 33, 49, 55, 57, 70] - 3616
gera????o: 2: 
[[1, 3, 12, 22, 25, 33, 49, 55, 57, 70] - 3616, [1, 3, 12, 13, 22, 23, 33, 40, 41, 47, 56, 63, 70] - 4700, [1, 3, 9, 21, 22, 33, 41, 45, 57, 70] - 3982, [1, 2, 3, 12, 13, 22, 33, 49, 58, 62, 70] - 3743, [1, 4, 10, 20, 30, 31, 33, 49, 55, 58, 62, 70] - 4328, [1, 3, 13, 40, 41, 46, 49, 58, 62, 70] - 4388, [1, 3, 13, 21, 31, 41, 44, 53, 60, 65, 67, 68, 70] - 6128, [1, 3, 12, 14, 25, 33, 49, 58, 62, 70] - 3638, [1, 3, 9, 11, 21, 22, 33, 46, 47, 49, 55, 56, 57, 70] - 5296, [1, 4, 10, 11, 20, 39, 53, 61, 65, 67, 69, 70] - 5771, [1, 3, 12, 14, 25, 33, 49, 58, 62, 70] - 3638, [1, 3, 23, 33, 40, 41, 47, 55, 57, 70] - 4143, [1, 3, 12, 14, 25, 33, 49, 58, 62, 70] - 3638, [1, 3, 13, 40, 41, 46, 49, 58, 62, 70] - 4388, [1, 2, 3, 23, 31, 33, 40, 44, 50, 53, 60, 61, 68, 70] - 5592, [1, 4, 10, 20, 30, 31, 41, 44, 50, 53, 61, 65, 66, 67, 68, 70] - 6651, [1, 3, 13, 40, 41, 46, 49, 58, 62, 70] - 4388, [1, 3, 12, 22, 25, 33, 49, 55, 57, 70] - 3616]
melhor indiv??duo da gera????o:[1, 3, 12, 22, 25, 33, 49, 55, 57, 70] - 3616
gera????o: 3: 
[[1, 3, 12, 13, 22, 23, 33, 40, 41, 47, 56, 63, 70] - 4700, [1, 2, 3, 12, 13, 22, 33, 49, 58, 62, 70] - 3743, [1, 3, 13, 40, 41, 46, 49, 58, 62, 70] - 4388, [1, 3, 12, 14, 25, 33, 49, 58, 62, 70] - 3638, [1, 4, 10, 11, 20, 39, 53, 61, 65, 67, 69, 70] - 5771, [1, 3, 23, 33, 40, 41, 47, 55, 57, 70] - 4143, [1, 3, 13, 40, 41, 46, 49, 58, 62, 70] - 4388, [1, 4, 10, 20, 30, 31, 41, 44, 50, 53, 61, 65, 66, 67, 68, 70] - 6651, [1, 3, 12, 22, 25, 33, 49, 55, 57, 70] - 3616, [1, 3, 12, 14, 25, 33, 49, 58, 62, 70] - 3638, [1, 3, 9, 21, 22, 33, 41, 45, 57, 70] - 3982, [1, 3, 12, 14, 25, 33, 49, 58, 62, 70] - 3638, [1, 3, 12, 22, 25, 33, 49, 55, 57, 70] - 3616, [1, 4, 10, 11, 20, 39, 53, 61, 65, 67, 69, 70] - 5771, [1, 3, 12, 22, 25, 33, 49, 55, 57, 70] - 3616, [1, 3, 12, 22, 25, 33, 49, 55, 57, 70] - 3616]
melhor indiv??duo da gera????o:[1, 3, 12, 22, 25, 33, 49, 55, 57, 70] - 3616
gera????o: 4: 
[[1, 2, 3, 12, 13, 22, 33, 49, 58, 62, 70] - 3743, [1, 3, 12, 14, 25, 33, 49, 58, 62, 70] - 3638, [1, 3, 23, 33, 40, 41, 47, 55, 57, 70] - 4143, [1, 4, 10, 20, 30, 31, 41, 44, 50, 53, 61, 65, 66, 67, 68, 70] - 6651, [1, 3, 12, 14, 25, 33, 49, 58, 62, 70] - 3638, [1, 3, 12, 14, 25, 33, 49, 58, 62, 70] - 3638, [1, 4, 10, 11, 20, 39, 53, 61, 65, 67, 69, 70] - 5771, [1, 3, 12, 22, 25, 33, 49, 55, 57, 70] - 3616, [1, 3, 12, 14, 25, 33, 49, 58, 62, 70] - 3638, [1, 3, 12, 22, 25, 33, 49, 55, 57, 70] - 3616, [1, 3, 12, 22, 25, 33, 49, 55, 57, 70] - 3616, [1, 3, 12, 22, 25, 33, 49, 55, 57, 70] - 3616, [1, 3, 12, 14, 25, 33, 49, 58, 62, 70] - 3638, [1, 3, 12, 22, 25, 33, 49, 55, 57, 70] - 3616]
melhor indiv??duo da gera????o:[1, 3, 12, 22, 25, 33, 49, 55, 57, 70] - 3616
gera????o: 5: 
[[1, 3, 12, 14, 25, 33, 49, 58, 62, 70] - 3638, [1, 4, 10, 20, 30, 31, 41, 44, 50, 53, 61, 65, 66, 67, 68, 70] - 6651, [1, 3, 12, 14, 25, 33, 49, 58, 62, 70] - 3638, [1, 3, 12, 22, 25, 33, 49, 55, 57, 70] - 3616, [1, 3, 12, 22, 25, 33, 49, 55, 57, 70] - 3616, [1, 3, 12, 22, 25, 33, 49, 55, 57, 70] - 3616, [1, 3, 12, 22, 25, 33, 49, 55, 57, 70] - 3616, [1, 4, 10, 11, 20, 39, 53, 61, 65, 67, 69, 70] - 5771, [1, 3, 12, 14, 25, 33, 49, 58, 62, 70] - 3638, [1, 3, 12, 22, 25, 33, 49, 55, 57, 70] - 3616, [1, 3, 12, 22, 25, 33, 49, 55, 57, 70] - 3616, [1, 3, 12, 14, 25, 33, 49, 58, 62, 70] - 3638]
melhor indiv??duo da gera????o:[1, 3, 12, 22, 25, 33, 49, 55, 57, 70] - 3616
gera????o: 6: 
[[1, 4, 10, 20, 30, 31, 41, 44, 50, 53, 61, 65, 66, 67, 68, 70] - 6651, [1, 3, 12, 22, 25, 33, 49, 55, 57, 70] - 3616, [1, 3, 12, 22, 25, 33, 49, 55, 57, 70] - 3616, [1, 4, 10, 11, 20, 39, 53, 61, 65, 67, 69, 70] - 5771, [1, 3, 12, 22, 25, 33, 49, 55, 57, 70] - 3616, [1, 3, 12, 14, 25, 33, 49, 58, 62, 70] - 3638, [1, 3, 12, 22, 25, 33, 49, 55, 57, 70] - 3616, [1, 4, 10, 20, 30, 31, 41, 44, 50, 53, 61, 65, 66, 67, 68, 70] - 6651, [1, 3, 12, 22, 25, 33, 49, 55, 57, 70] - 3616, [1, 3, 12, 22, 25, 33, 49, 55, 57, 70] - 3616]
melhor indiv??duo da gera????o:[1, 3, 12, 22, 25, 33, 49, 55, 57, 70] - 3616
gera????o: 7: 
[[1, 3, 12, 22, 25, 33, 49, 55, 57, 70] - 3616, [1, 4, 10, 11, 20, 39, 53, 61, 65, 67, 69, 70] - 5771, [1, 3, 12, 14, 25, 33, 49, 58, 62, 70] - 3638, [1, 4, 10, 20, 30, 31, 41, 44, 50, 53, 61, 65, 66, 67, 68, 70] - 6651, [1, 3, 12, 22, 25, 33, 49, 55, 57, 70] - 3616, [1, 3, 12, 14, 25, 33, 49, 58, 62, 70] - 3638, [1, 4, 10, 20, 30, 31, 41, 44, 50, 53, 61, 65, 66, 67, 68, 70] - 6651, [1, 4, 10, 20, 30, 31, 41, 44, 50, 53, 61, 65, 66, 67, 68, 70] - 6651, [1, 3, 12, 22, 25, 33, 49, 55, 57, 70] - 3616]
melhor indiv??duo da gera????o:[1, 3, 12, 22, 25, 33, 49, 55, 57, 70] - 3616
gera????o: 8: 
[[1, 4, 10, 11, 20, 39, 53, 61, 65, 67, 69, 70] - 5771, [1, 4, 10, 20, 30, 31, 41, 44, 50, 53, 61, 65, 66, 67, 68, 70] - 6651, [1, 3, 12, 14, 25, 33, 49, 58, 62, 70] - 3638, [1, 4, 10, 20, 30, 31, 41, 44, 50, 53, 61, 65, 66, 67, 68, 70] - 6651, [1, 4, 10, 20, 30, 31, 41, 44, 50, 53, 61, 65, 66, 67, 68, 70] - 6651, [1, 4, 10, 11, 20, 39, 53, 61, 65, 67, 69, 70] - 5771, [1, 3, 12, 14, 25, 33, 49, 58, 62, 70] - 3638, [1, 3, 12, 14, 25, 33, 49, 58, 62, 70] - 3638]
melhor indiv??duo da gera????o:[1, 3, 12, 14, 25, 33, 49, 58, 62, 70] - 3638
gera????o: 9: 
[[1, 4, 10, 20, 30, 31, 41, 44, 50, 53, 61, 65, 66, 67, 68, 70] - 6651, [1, 4, 10, 20, 30, 31, 41, 44, 50, 53, 61, 65, 66, 67, 68, 70] - 6651, [1, 4, 10, 11, 20, 39, 53, 61, 65, 67, 69, 70] - 5771, [1, 3, 12, 14, 25, 33, 49, 58, 62, 70] - 3638, [1, 3, 12, 14, 25, 33, 49, 58, 62, 70] - 3638, [1, 3, 12, 14, 25, 33, 49, 58, 62, 70] - 3638]
melhor indiv??duo da gera????o:[1, 3, 12, 14, 25, 33, 49, 58, 62, 70] - 3638
gera????o: 10: 
[[1, 4, 10, 20, 30, 31, 41, 44, 50, 53, 61, 65, 66, 67, 68, 70] - 6651, [1, 3, 12, 14, 25, 33, 49, 58, 62, 70] - 3638, [1, 3, 12, 14, 25, 33, 49, 58, 62, 70] - 3638, [1, 4, 10, 11, 20, 39, 53, 61, 65, 67, 69, 70] - 5771, [1, 3, 12, 14, 25, 33, 49, 58, 62, 70] - 3638]
melhor indiv??duo da gera????o:[1, 3, 12, 14, 25, 33, 49, 58, 62, 70] - 3638
gera????o: 11: 
[[1, 3, 12, 14, 25, 33, 49, 58, 62, 70] - 3638, [1, 4, 10, 11, 20, 39, 53, 61, 65, 67, 69, 70] - 5771, [1, 3, 12, 14, 25, 33, 49, 58, 62, 70] - 3638, [1, 3, 12, 14, 25, 33, 49, 58, 62, 70] - 3638]
melhor indiv??duo da gera????o:[1, 3, 12, 14, 25, 33, 49, 58, 62, 70] - 3638
gera????o: 12: 
[[1, 4, 10, 11, 20, 39, 53, 61, 65, 67, 69, 70] - 5771, [1, 3, 12, 14, 25, 33, 49, 58, 62, 70] - 3638, [1, 3, 12, 14, 25, 33, 49, 58, 62, 70] - 3638]
melhor indiv??duo da gera????o:[1, 3, 12, 14, 25, 33, 49, 58, 62, 70] - 3638
gera????o: 13: 
[[1, 3, 12, 14, 25, 33, 49, 58, 62, 70] - 3638, [1, 3, 12, 14, 25, 33, 49, 58, 62, 70] - 3638]
melhor indiv??duo da gera????o:[1, 3, 12, 14, 25, 33, 49, 58, 62, 70] - 3638
gera????o: 14: 
[[1, 3, 12, 14, 25, 33, 49, 58, 62, 70] - 3638]
melhor indiv??duo da gera????o:[1, 3, 12, 14, 25, 33, 49, 58, 62, 70] - 3638
______________________________________________________________________________________________________________________________
