gera??o: 1: 
[[1, 3, 6, 7, 8, 10, 12, 5, 2, 4, 11, 14, 15, 20] - 83, [1, 6, 7, 9, 10, 13, 14, 15, 20] - 56, [1, 3, 5, 2, 4, 11, 14, 15, 20] - 40, [1, 6, 8, 9, 13, 15, 20] - 36, [1, 2, 3, 6, 7, 9, 12, 13, 14, 15, 20] - 56, [1, 6, 7, 8, 10, 14, 13, 19, 20] - 47, [1, 2, 4, 10, 14, 13, 9, 12, 16, 17, 18, 19, 20] - 86, [1, 2, 5, 12, 16, 10, 14, 15, 20] - 44, [1, 3, 8, 10, 13, 19, 20] - 36, [1, 2, 4, 11, 13, 14, 10, 12, 16, 17, 18, 19, 20] - 83, [1, 3, 6, 8, 9, 12, 16, 17, 19, 20] - 52, [1, 2, 4, 10, 14, 15, 20] - 31, [1, 3, 6, 7, 9, 13, 15, 20] - 44, [1, 2, 4, 5, 8, 9, 10, 13, 19, 20] - 55, [1, 2, 3, 8, 10, 12, 13, 15, 20] - 46, [1, 6, 8, 9, 10, 13, 14, 15, 20] - 51, [1, 3, 8, 10, 13, 14, 15, 20] - 46, [1, 6, 8, 3, 5, 12, 13, 15, 20] - 39, [1, 3, 8, 9, 12, 19, 20] - 32, [1, 3, 5, 2, 4, 10, 12, 16, 17, 19, 20] - 62]
melhor indiv?duo da gera??o:[1, 2, 4, 10, 14, 15, 20] - 31
gera??o: 2: 
[[1, 3, 8, 9, 12, 19, 20] - 32, [1, 6, 8, 9, 13, 15, 20] - 36, [1, 3, 8, 10, 13, 19, 20] - 36, [1, 3, 8, 10, 13, 15, 20] - 36, [1, 3, 5, 8, 10, 14, 15, 20] - 38, [1, 6, 8, 3, 5, 12, 13, 15, 20] - 39, [1, 3, 6, 8, 9, 13, 19, 20] - 39, [1, 3, 5, 2, 4, 11, 14, 15, 20] - 40, [1, 6, 7, 9, 10, 14, 15, 20] - 42, [1, 2, 5, 12, 16, 10, 14, 15, 20] - 44, [1, 3, 6, 7, 9, 13, 15, 20] - 44, [1, 2, 3, 8, 10, 12, 13, 15, 20] - 46, [1, 3, 8, 10, 13, 14, 15, 20] - 46, [1, 6, 8, 9, 13, 14, 15, 20] - 46, [1, 6, 7, 8, 10, 14, 13, 19, 20] - 47, [1, 2, 3, 8, 9, 16, 12, 13, 14, 10] - 47, [1, 6, 8, 9, 10, 13, 14, 15, 20] - 51, [1, 3, 5, 8, 9, 12, 16, 10, 13, 15, 20] - 54, [1, 6, 7, 9, 10, 13, 14, 15, 20] - 56, [1, 3, 5, 2, 4, 10, 12, 16, 17, 19, 20] - 62, [1, 3, 6, 7, 8, 10, 12, 5, 2, 4, 11, 14, 15, 20] - 83, [1, 2, 4, 10, 14, 13, 9, 12, 16, 17, 18, 19, 20] - 86]
melhor indiv?duo da gera??o:[1, 3, 8, 9, 12, 19, 20] - 32
gera??o: 3: 
[[1, 3, 8, 9, 12, 19, 20] - 32, [1, 6, 8, 9, 13, 15, 20] - 36, [1, 3, 8, 10, 13, 19, 20] - 36, [1, 3, 8, 10, 13, 15, 20] - 36, [1, 3, 5, 8, 10, 14, 15, 20] - 38, [1, 6, 8, 3, 5, 12, 13, 15, 20] - 39, [1, 3, 6, 8, 9, 13, 19, 20] - 39, [1, 3, 5, 2, 4, 11, 14, 15, 20] - 40, [1, 6, 7, 9, 10, 14, 15, 20] - 42, [1, 2, 5, 12, 16, 10, 14, 15, 20] - 44, [1, 3, 6, 7, 9, 13, 15, 20] - 44, [1, 2, 3, 8, 10, 12, 13, 15, 20] - 46, [1, 3, 8, 10, 13, 14, 15, 20] - 46, [1, 6, 8, 9, 13, 14, 15, 20] - 46, [1, 2, 3, 8, 9, 16, 12, 13, 14, 10] - 47, [1, 3, 5, 8, 9, 12, 16, 10, 13, 15, 20] - 54, [1, 6, 7, 9, 10, 12, 5, 8, 3] - 61, [1, 2, 3, 8, 10, 14, 13, 9, 12, 19, 20] - 72, [1, 2, 4, 10, 14, 13, 9, 12, 16, 17, 18, 19, 20] - 86]
melhor indiv?duo da gera??o:[1, 3, 8, 9, 12, 19, 20] - 32
gera??o: 4: 
[[1, 3, 8, 9, 12, 19, 20] - 32, [1, 2, 4, 11, 14, 15, 20] - 34, [1, 6, 8, 9, 13, 15, 20] - 36, [1, 3, 8, 10, 13, 19, 20] - 36, [1, 3, 8, 10, 13, 15, 20] - 36, [1, 3, 5, 8, 10, 14, 15, 20] - 38, [1, 6, 8, 3, 5, 12, 13, 15, 20] - 39, [1, 3, 6, 8, 9, 13, 19, 20] - 39, [1, 3, 5, 2, 4, 11, 14, 15, 20] - 40, [1, 6, 7, 9, 10, 14, 15, 20] - 42, [1, 2, 5, 12, 16, 10, 14, 15, 20] - 44, [1, 3, 6, 7, 9, 13, 15, 20] - 44, [1, 2, 3, 8, 10, 12, 13, 15, 20] - 46, [1, 3, 8, 10, 13, 14, 15, 20] - 46, [1, 6, 8, 9, 13, 14, 15, 20] - 46, [1, 2, 3, 8, 10, 12, 5] - 46, [1, 6, 7, 9, 16, 10, 14, 15, 20] - 47, [1, 6, 8, 10, 12, 16, 17, 19, 20] - 60, [1, 3, 6, 8, 10, 12, 16, 17, 19, 20] - 63, [1, 3, 8, 10, 12, 5, 2, 4, 11, 13, 19, 20] - 71, [1, 3, 6, 8, 10, 12, 5, 2, 4, 11, 14, 15, 20] - 77, [1, 2, 5, 8, 10, 13, 9, 16, 17, 18, 19, 20] - 86]
melhor indiv?duo da gera??o:[1, 3, 8, 9, 12, 19, 20] - 32
gera??o: 5: 
[[1, 3, 8, 9, 12, 19, 20] - 32, [1, 3, 5, 12, 19, 20] - 32, [1, 2, 4, 11, 14, 15, 20] - 34, [1, 6, 8, 9, 13, 15, 20] - 36, [1, 3, 8, 10, 13, 19, 20] - 36, [1, 3, 8, 10, 13, 15, 20] - 36, [1, 3, 5, 8, 10, 14, 15, 20] - 38, [1, 6, 8, 3, 5, 12, 13, 15, 20] - 39, [1, 3, 6, 8, 9, 13, 19, 20] - 39, [1, 3, 5, 2, 4, 11, 14, 15, 20] - 40, [1, 6, 7, 9, 10, 14, 15, 20] - 42, [1, 2, 5, 12, 16, 10, 14, 15, 20] - 44, [1, 3, 6, 7, 9, 13, 15, 20] - 44, [1, 3, 8, 10, 13, 14, 15, 20] - 46, [1, 2, 3, 8, 10, 12, 5] - 46, [1, 2, 3, 5, 10, 12, 16, 17, 19, 20] - 59, [1, 3, 6, 8, 10, 12, 16, 17, 19, 20] - 63, [1, 3, 6, 8, 10, 12, 5, 2, 4, 11, 14, 15, 20] - 77]
melhor indiv?duo da gera??o:[1, 3, 8, 9, 12, 19, 20] - 32
gera??o: 6: 
[[1, 3, 8, 9, 12, 19, 20] - 32, [1, 3, 5, 12, 19, 20] - 32, [1, 3, 8, 10, 14, 15, 20] - 32, [1, 2, 4, 11, 14, 15, 20] - 34, [1, 6, 8, 9, 12, 19, 20] - 35, [1, 6, 8, 9, 13, 15, 20] - 36, [1, 3, 8, 10, 13, 19, 20] - 36, [1, 3, 8, 10, 13, 15, 20] - 36, [1, 3, 5, 8, 10, 14, 15, 20] - 38, [1, 6, 8, 3, 5, 12, 13, 15, 20] - 39, [1, 3, 6, 8, 9, 13, 19, 20] - 39, [1, 3, 5, 2, 4, 11, 14, 15, 20] - 40, [1, 6, 8, 9, 16, 12, 19, 20] - 40, [1, 6, 7, 9, 10, 14, 15, 20] - 42, [1, 3, 6, 7, 9, 13, 15, 20] - 44, [1, 2, 3, 8, 10, 12, 5] - 46, [1, 3, 8, 9, 12, 16, 17, 18, 19, 20] - 52, [1, 2, 3, 5, 10, 12, 16, 17, 19, 20] - 59, [1, 3, 5, 8, 10, 13, 9, 12, 19, 20] - 71, [1, 2, 4, 10, 12, 13, 9, 16, 17, 18, 19, 20] - 84]
melhor indiv?duo da gera??o:[1, 3, 8, 9, 12, 19, 20] - 32
gera??o: 7: 
[[1, 2, 5, 10, 14, 15, 20] - 29, [1, 3, 8, 9, 12, 19, 20] - 32, [1, 3, 5, 12, 19, 20] - 32, [1, 3, 8, 10, 14, 15, 20] - 32, [1, 2, 4, 11, 14, 15, 20] - 34, [1, 6, 8, 9, 12, 19, 20] - 35, [1, 6, 8, 9, 13, 15, 20] - 36, [1, 3, 8, 10, 13, 19, 20] - 36, [1, 3, 8, 10, 13, 15, 20] - 36, [1, 3, 5, 8, 10, 14, 15, 20] - 38, [1, 6, 8, 9, 16, 12, 13, 15, 20] - 38, [1, 6, 8, 3, 5, 12, 13, 15, 20] - 39, [1, 3, 6, 8, 9, 13, 19, 20] - 39, [1, 3, 5, 2, 4, 11, 14, 15, 20] - 40, [1, 6, 8, 9, 16, 12, 19, 20] - 40, [1, 3, 5, 10, 12, 19, 20] - 40, [1, 6, 7, 9, 10, 14, 15, 20] - 42, [1, 2, 3, 8, 10, 12, 5] - 46, [1, 3, 8, 9, 12, 16, 17, 18, 19, 20] - 52, [1, 3, 5, 12, 16, 17, 18, 19, 20] - 52, [1, 6, 7, 9, 12, 16, 10, 14, 13, 19, 20] - 58, [1, 3, 5, 8, 10, 13, 9, 12, 19, 20] - 71, [1, 2, 4, 10, 12, 13, 9, 16, 17, 18, 19, 20] - 84]
melhor indiv?duo da gera??o:[1, 2, 5, 10, 14, 15, 20] - 29
gera??o: 8: 
[[1, 2, 5, 10, 14, 15, 20] - 29, [1, 3, 8, 9, 12, 19, 20] - 32, [1, 3, 5, 12, 19, 20] - 32, [1, 3, 8, 10, 14, 15, 20] - 32, [1, 2, 4, 11, 14, 15, 20] - 34, [1, 6, 8, 9, 12, 19, 20] - 35, [1, 6, 8, 9, 13, 15, 20] - 36, [1, 3, 8, 10, 13, 19, 20] - 36, [1, 3, 8, 10, 13, 15, 20] - 36, [1, 3, 5, 8, 10, 14, 15, 20] - 38, [1, 6, 8, 9, 16, 12, 13, 15, 20] - 38, [1, 6, 8, 3, 5, 12, 13, 15, 20] - 39, [1, 3, 6, 8, 9, 13, 19, 20] - 39, [1, 6, 8, 9, 16, 12, 19, 20] - 40, [1, 6, 8, 3, 5, 12, 19, 20] - 41, [1, 2, 3, 8, 10, 12, 5] - 46, [1, 3, 5, 12, 16, 17, 18, 19, 20] - 52, [1, 6, 8, 3, 5, 12, 16, 17, 18, 19, 20] - 61, [1, 2, 4, 10, 12, 13, 9, 16, 17, 18, 19, 20] - 84]
melhor indiv?duo da gera??o:[1, 2, 5, 10, 14, 15, 20] - 29
gera??o: 9: 
[[1, 2, 5, 10, 14, 15, 20] - 29, [1, 3, 8, 9, 12, 19, 20] - 32, [1, 3, 5, 12, 19, 20] - 32, [1, 3, 8, 10, 14, 15, 20] - 32, [1, 2, 4, 11, 14, 15, 20] - 34, [1, 6, 8, 9, 12, 19, 20] - 35, [1, 6, 8, 10, 14, 15, 20] - 35, [1, 6, 8, 9, 13, 15, 20] - 36, [1, 3, 8, 10, 13, 19, 20] - 36, [1, 3, 8, 10, 13, 15, 20] - 36, [1, 3, 5, 8, 10, 14, 15, 20] - 38, [1, 6, 8, 9, 16, 12, 13, 15, 20] - 38, [1, 3, 8, 10, 14, 13, 19, 20] - 38, [1, 3, 5, 10, 12, 13, 15, 20] - 38, [1, 6, 8, 3, 5, 12, 13, 15, 20] - 39, [1, 3, 6, 8, 9, 13, 19, 20] - 39, [1, 6, 8, 3, 5, 12, 19, 20] - 41, [1, 2, 3, 8, 10, 12, 5] - 46, [1, 3, 6, 7, 8, 9, 10, 13, 15, 20] - 50, [1, 6, 7, 9, 13, 14, 15, 20] - 51, [1, 2, 5, 12, 16, 10, 13, 9] - 58, [1, 2, 4, 10, 12, 13, 9, 16, 17, 18, 19, 20] - 84]
melhor indiv?duo da gera??o:[1, 2, 5, 10, 14, 15, 20] - 29
gera??o: 10: 
[[1, 2, 5, 10, 14, 15, 20] - 29, [1, 3, 8, 9, 12, 19, 20] - 32, [1, 3, 5, 12, 19, 20] - 32, [1, 3, 8, 10, 14, 15, 20] - 32, [1, 2, 4, 11, 14, 15, 20] - 34, [1, 6, 8, 9, 12, 19, 20] - 35, [1, 6, 8, 10, 14, 15, 20] - 35, [1, 6, 8, 9, 13, 15, 20] - 36, [1, 3, 8, 10, 13, 19, 20] - 36, [1, 3, 8, 10, 13, 15, 20] - 36, [1, 3, 5, 8, 10, 14, 15, 20] - 38, [1, 6, 8, 9, 16, 12, 13, 15, 20] - 38, [1, 3, 8, 10, 14, 13, 19, 20] - 38, [1, 3, 5, 10, 12, 13, 15, 20] - 38, [1, 3, 6, 8, 9, 13, 19, 20] - 39, [1, 3, 5, 8, 9, 10, 13, 19, 20] - 44, [1, 3, 6, 8, 9, 16, 17, 19, 20] - 47, [1, 6, 7, 9, 13, 14, 15, 20] - 51, [1, 2, 4, 10, 12, 13, 9, 16, 17, 18, 19, 20] - 84]
melhor indiv?duo da gera??o:[1, 2, 5, 10, 14, 15, 20] - 29
gera??o: 11: 
[[1, 2, 5, 10, 14, 15, 20] - 29, [1, 3, 8, 9, 12, 19, 20] - 32, [1, 3, 5, 12, 19, 20] - 32, [1, 3, 8, 10, 14, 15, 20] - 32, [1, 3, 8, 9, 13, 19, 20] - 33, [1, 2, 4, 11, 14, 15, 20] - 34, [1, 6, 8, 9, 12, 19, 20] - 35, [1, 6, 8, 10, 14, 15, 20] - 35, [1, 6, 8, 9, 13, 15, 20] - 36, [1, 3, 8, 10, 13, 19, 20] - 36, [1, 3, 8, 10, 13, 15, 20] - 36, [1, 3, 5, 8, 10, 14, 15, 20] - 38, [1, 6, 8, 9, 16, 12, 13, 15, 20] - 38, [1, 3, 8, 10, 14, 13, 19, 20] - 38, [1, 3, 5, 10, 12, 13, 15, 20] - 38, [1, 6, 8, 3, 5, 12, 13, 15, 20] - 39, [1, 3, 5, 8, 9, 10, 13, 19, 20] - 44, [1, 6, 7, 9, 13, 14, 15, 20] - 51, [1, 6, 7, 9, 10, 12, 5, 8, 3] - 61, [1, 2, 4, 5, 8, 9, 12, 16, 17, 18, 13, 19, 20] - 72, [1, 2, 4, 5, 8, 3, 6, 7, 9, 12, 16, 17, 19, 20] - 80]
melhor indiv?duo da gera??o:[1, 2, 5, 10, 14, 15, 20] - 29
gera??o: 12: 
[[1, 2, 5, 10, 14, 15, 20] - 29, [1, 3, 8, 9, 12, 19, 20] - 32, [1, 3, 5, 12, 19, 20] - 32, [1, 3, 8, 10, 14, 15, 20] - 32, [1, 3, 8, 9, 13, 19, 20] - 33, [1, 2, 4, 11, 14, 15, 20] - 34, [1, 6, 8, 9, 12, 19, 20] - 35, [1, 6, 8, 10, 14, 15, 20] - 35, [1, 6, 8, 9, 13, 15, 20] - 36, [1, 3, 8, 10, 13, 19, 20] - 36, [1, 3, 8, 10, 13, 15, 20] - 36, [1, 3, 5, 8, 10, 14, 15, 20] - 38, [1, 6, 8, 9, 16, 12, 13, 15, 20] - 38, [1, 3, 8, 10, 14, 13, 19, 20] - 38, [1, 3, 5, 10, 12, 13, 15, 20] - 38, [1, 3, 5, 8, 9, 10, 13, 19, 20] - 44, [1, 6, 7, 9, 13, 14, 15, 20] - 51, [1, 2, 5, 10, 14, 13, 9, 12, 19, 20] - 64, [1, 2, 4, 5, 8, 3, 6, 7, 9, 12, 16, 17, 19, 20] - 80]
melhor indiv?duo da gera??o:[1, 2, 5, 10, 14, 15, 20] - 29
gera??o: 13: 
[[1, 2, 5, 10, 14, 15, 20] - 29, [1, 3, 8, 9, 12, 19, 20] - 32, [1, 3, 5, 12, 19, 20] - 32, [1, 3, 8, 10, 14, 15, 20] - 32, [1, 2, 5, 12, 19, 20] - 32, [1, 3, 8, 9, 13, 19, 20] - 33, [1, 2, 4, 11, 14, 15, 20] - 34, [1, 6, 8, 9, 12, 19, 20] - 35, [1, 6, 8, 10, 14, 15, 20] - 35, [1, 2, 4, 10, 13, 19, 20] - 35, [1, 6, 8, 9, 13, 15, 20] - 36, [1, 3, 8, 10, 13, 19, 20] - 36, [1, 3, 8, 10, 13, 15, 20] - 36, [1, 3, 5, 8, 10, 14, 15, 20] - 38, [1, 6, 8, 9, 16, 12, 13, 15, 20] - 38, [1, 3, 8, 10, 14, 13, 19, 20] - 38, [1, 3, 5, 10, 12, 13, 15, 20] - 38, [1, 6, 7, 8, 10, 14, 15, 20] - 41, [1, 2, 3, 8, 9, 10, 14, 13, 15, 20] - 45, [1, 6, 7, 9, 13, 14, 15, 20] - 51, [1, 2, 5, 10, 14, 13, 9, 12, 19, 20] - 64, [1, 6, 8, 10, 12, 13, 9, 16, 17, 19, 20] - 82]
melhor indiv?duo da gera??o:[1, 2, 5, 10, 14, 15, 20] - 29
gera??o: 14: 
[[1, 2, 5, 10, 14, 15, 20] - 29, [1, 3, 8, 9, 12, 19, 20] - 32, [1, 3, 5, 12, 19, 20] - 32, [1, 3, 8, 10, 14, 15, 20] - 32, [1, 2, 5, 12, 19, 20] - 32, [1, 3, 8, 9, 13, 19, 20] - 33, [1, 2, 4, 11, 14, 15, 20] - 34, [1, 6, 8, 9, 12, 19, 20] - 35, [1, 6, 8, 10, 14, 15, 20] - 35, [1, 2, 4, 10, 13, 19, 20] - 35, [1, 6, 8, 9, 13, 15, 20] - 36, [1, 3, 8, 10, 13, 19, 20] - 36, [1, 3, 8, 10, 13, 15, 20] - 36, [1, 6, 8, 9, 16, 12, 13, 15, 20] - 38, [1, 3, 5, 10, 12, 13, 15, 20] - 38, [1, 2, 3, 8, 9, 10, 14, 13, 15, 20] - 45, [1, 6, 7, 9, 13, 14, 15, 20] - 51, [1, 2, 5, 10, 14, 13, 9, 12, 19, 20] - 64]
melhor indiv?duo da gera??o:[1, 2, 5, 10, 14, 15, 20] - 29
gera??o: 15: 
[[1, 2, 5, 10, 14, 15, 20] - 29, [1, 2, 5, 12, 13, 19, 20] - 30, [1, 2, 5, 12, 13, 15, 20] - 30, [1, 3, 8, 9, 12, 19, 20] - 32, [1, 3, 5, 12, 19, 20] - 32, [1, 3, 8, 10, 14, 15, 20] - 32, [1, 2, 5, 12, 19, 20] - 32, [1, 3, 8, 9, 13, 19, 20] - 33, [1, 2, 4, 11, 14, 15, 20] - 34, [1, 6, 8, 9, 12, 19, 20] - 35, [1, 6, 8, 10, 14, 15, 20] - 35, [1, 2, 4, 10, 13, 19, 20] - 35, [1, 6, 8, 9, 13, 15, 20] - 36, [1, 3, 8, 10, 13, 19, 20] - 36, [1, 3, 8, 10, 13, 15, 20] - 36, [1, 3, 5, 10, 12, 13, 15, 20] - 38, [1, 2, 3, 8, 9, 10, 14, 13, 15, 20] - 45, [1, 6, 7, 8, 9, 16, 17, 19, 20] - 50, [1, 3, 6, 7, 9, 16, 12, 13, 14, 10] - 53, [1, 2, 5, 10, 14, 13, 9, 12, 19, 20] - 64, [1, 3, 5, 10, 13, 9, 16, 17, 18, 19, 20] - 77]
melhor indiv?duo da gera??o:[1, 2, 5, 10, 14, 15, 20] - 29
gera??o: 16: 
[[1, 2, 5, 10, 14, 15, 20] - 29, [1, 2, 5, 12, 13, 19, 20] - 30, [1, 2, 5, 12, 13, 15, 20] - 30, [1, 3, 8, 9, 12, 19, 20] - 32, [1, 3, 5, 12, 19, 20] - 32, [1, 3, 8, 10, 14, 15, 20] - 32, [1, 2, 5, 12, 19, 20] - 32, [1, 3, 8, 9, 13, 19, 20] - 33, [1, 2, 4, 11, 14, 15, 20] - 34, [1, 6, 8, 9, 12, 19, 20] - 35, [1, 6, 8, 10, 14, 15, 20] - 35, [1, 2, 4, 10, 13, 19, 20] - 35, [1, 3, 8, 10, 13, 19, 20] - 36, [1, 3, 5, 10, 12, 13, 15, 20] - 38, [1, 6, 7, 8, 9, 16, 17, 19, 20] - 50, [1, 2, 5, 10, 14, 13, 9, 12, 19, 20] - 64, [1, 2, 3, 8, 10, 13, 9, 16, 17, 18, 19, 20] - 85]
melhor indiv?duo da gera??o:[1, 2, 5, 10, 14, 15, 20] - 29
gera??o: 17: 
[[1, 2, 5, 10, 14, 15, 20] - 29, [1, 2, 5, 12, 13, 19, 20] - 30, [1, 2, 5, 12, 13, 15, 20] - 30, [1, 3, 8, 9, 12, 19, 20] - 32, [1, 3, 5, 12, 19, 20] - 32, [1, 3, 8, 10, 14, 15, 20] - 32, [1, 2, 5, 12, 19, 20] - 32, [1, 3, 8, 9, 13, 19, 20] - 33, [1, 2, 4, 11, 14, 15, 20] - 34, [1, 6, 8, 9, 12, 19, 20] - 35, [1, 6, 8, 10, 14, 15, 20] - 35, [1, 2, 4, 10, 13, 19, 20] - 35, [1, 2, 4, 10, 13, 15, 20] - 35, [1, 3, 5, 10, 12, 13, 15, 20] - 38, [1, 2, 5, 8, 10, 13, 15, 20] - 42, [1, 6, 7, 8, 3, 5, 10, 14, 15, 20] - 44, [1, 6, 7, 8, 9, 16, 17, 19, 20] - 50, [1, 2, 5, 10, 14, 13, 9, 12, 19, 20] - 64, [1, 2, 3, 8, 10, 13, 9, 16, 17, 18, 19, 20] - 85]
melhor indiv?duo da gera??o:[1, 2, 5, 10, 14, 15, 20] - 29
gera??o: 18: 
[[1, 2, 5, 10, 14, 15, 20] - 29, [1, 2, 5, 12, 13, 19, 20] - 30, [1, 2, 5, 12, 13, 15, 20] - 30, [1, 3, 8, 9, 12, 19, 20] - 32, [1, 3, 5, 12, 19, 20] - 32, [1, 3, 8, 10, 14, 15, 20] - 32, [1, 2, 5, 12, 19, 20] - 32, [1, 3, 8, 9, 13, 19, 20] - 33, [1, 2, 4, 11, 14, 15, 20] - 34, [1, 6, 8, 9, 12, 19, 20] - 35, [1, 6, 8, 10, 14, 15, 20] - 35, [1, 2, 4, 10, 13, 19, 20] - 35, [1, 2, 4, 10, 13, 15, 20] - 35, [1, 3, 8, 9, 16, 12, 13, 15, 20] - 35, [1, 3, 5, 10, 12, 13, 15, 20] - 38, [1, 2, 5, 8, 10, 13, 15, 20] - 42, [1, 3, 6, 8, 9, 10, 13, 19, 20] - 44, [1, 2, 5, 10, 12, 13, 14, 15, 20] - 48, [1, 3, 6, 7, 8, 9, 10, 13, 19, 20] - 50, [1, 2, 4, 5, 12, 16, 10, 14, 15, 20] - 55, [1, 3, 6, 8, 10, 12, 16, 17, 18, 13, 19, 20] - 72]
melhor indiv?duo da gera??o:[1, 2, 5, 10, 14, 15, 20] - 29
gera??o: 19: 
[[1, 2, 5, 10, 14, 15, 20] - 29, [1, 2, 5, 12, 13, 19, 20] - 30, [1, 2, 5, 12, 13, 15, 20] - 30, [1, 3, 8, 9, 12, 19, 20] - 32, [1, 3, 5, 12, 19, 20] - 32, [1, 3, 8, 10, 14, 15, 20] - 32, [1, 2, 5, 12, 19, 20] - 32, [1, 3, 8, 9, 13, 19, 20] - 33, [1, 2, 4, 11, 14, 15, 20] - 34, [1, 6, 8, 9, 12, 19, 20] - 35, [1, 6, 8, 10, 14, 15, 20] - 35, [1, 2, 4, 10, 13, 19, 20] - 35, [1, 2, 4, 10, 13, 15, 20] - 35, [1, 3, 8, 9, 16, 12, 13, 15, 20] - 35, [1, 2, 5, 8, 10, 13, 15, 20] - 42, [1, 3, 6, 8, 9, 10, 13, 19, 20] - 44, [1, 3, 6, 7, 8, 9, 10, 13, 19, 20] - 50, [1, 2, 4, 5, 12, 16, 10, 14, 15, 20] - 55]
melhor indiv?duo da gera??o:[1, 2, 5, 10, 14, 15, 20] - 29
gera??o: 20: 
[[1, 2, 5, 10, 14, 15, 20] - 29, [1, 2, 5, 12, 13, 19, 20] - 30, [1, 2, 5, 12, 13, 15, 20] - 30, [1, 3, 8, 9, 12, 19, 20] - 32, [1, 3, 5, 12, 19, 20] - 32, [1, 3, 8, 10, 14, 15, 20] - 32, [1, 2, 5, 12, 19, 20] - 32, [1, 3, 8, 9, 13, 19, 20] - 33, [1, 2, 4, 11, 14, 15, 20] - 34, [1, 6, 8, 9, 12, 19, 20] - 35, [1, 6, 8, 10, 14, 15, 20] - 35, [1, 2, 4, 10, 13, 19, 20] - 35, [1, 2, 4, 10, 13, 15, 20] - 35, [1, 3, 8, 9, 16, 12, 13, 15, 20] - 35, [1, 2, 5, 10, 14, 13, 19, 20] - 35, [1, 6, 7, 9, 13, 15, 20] - 41, [1, 6, 8, 3, 5, 12, 19, 20] - 41, [1, 3, 8, 10, 12, 19, 20] - 43, [1, 3, 6, 7, 8, 9, 10, 13, 19, 20] - 50, [1, 2, 4, 5, 12, 16, 10, 14, 15, 20] - 55, [1, 2, 4, 5, 8, 3, 6, 7, 9, 10, 12, 16, 17, 18, 19, 20] - 99]
melhor indiv?duo da gera??o:[1, 2, 5, 10, 14, 15, 20] - 29
melhor valor ? da gera??o 15!!!!
______________________________________________________________________________________________________________________________
