geração: 1: 
[[1, 3, 5, 2, 4, 10, 14, 15, 20] - 37, [1, 2, 3, 6, 7, 8, 9, 16, 10, 14, 13, 15, 20] - 62, [1, 3, 5, 12, 13, 14, 10] - 37, [1, 2, 3, 5, 8, 9, 13, 19, 20] - 44, [1, 6, 8, 3, 5, 2, 4, 11, 10, 12, 13, 9, 16, 17, 18, 19, 20] - 106, [1, 3, 5, 2, 4, 11, 10, 13, 9, 12, 16, 17, 19, 20] - 91, [1, 2, 4, 5, 10, 12, 16, 17, 18, 19, 20] - 71, [1, 2, 4, 5, 10, 14, 13, 9, 12, 16, 17, 18, 19, 20] - 95, [1, 2, 3, 8, 9, 10, 14, 15, 20] - 39, [1, 6, 7, 9, 12, 19, 20] - 40, [1, 2, 4, 5, 8, 3, 6, 7, 9, 13, 15, 20] - 67, [1, 3, 5, 2, 4, 10, 14, 13, 19, 20] - 43, [1, 6, 7, 9, 13, 19, 20] - 41, [1, 6, 7, 8, 3, 5, 2, 4, 10, 12, 19, 20] - 63, [1, 3, 5, 8, 10, 13, 15, 20] - 42, [1, 2, 5, 8, 10, 14, 15, 20] - 38, [1, 2, 3, 6, 8, 9, 12, 13, 15, 20] - 41, [1, 3, 6, 7, 9, 12, 13, 19, 20] - 41, [1, 6, 8, 10, 13, 14, 15, 20] - 49, [1, 6, 8, 3, 5, 12, 16, 17, 18, 19, 20] - 61]
melhor indivíduo da geração:[1, 3, 5, 2, 4, 10, 14, 15, 20] - 37
geração: 2: 
[[1, 3, 5, 2, 4, 10, 14, 15, 20] - 37, [1, 3, 5, 12, 13, 14, 10] - 37, [1, 2, 3, 5, 8, 9, 13, 19, 20] - 44, [1, 2, 3, 8, 9, 10, 14, 15, 20] - 39, [1, 6, 7, 9, 12, 19, 20] - 40, [1, 3, 5, 2, 4, 10, 14, 13, 19, 20] - 43, [1, 6, 7, 9, 13, 19, 20] - 41, [1, 3, 5, 8, 10, 13, 15, 20] - 42, [1, 2, 5, 8, 10, 14, 15, 20] - 38, [1, 2, 3, 6, 8, 9, 12, 13, 15, 20] - 41, [1, 3, 6, 7, 9, 12, 13, 19, 20] - 41, [1, 6, 8, 10, 13, 14, 15, 20] - 49, [1, 3, 8, 9, 16, 17, 18, 13, 15, 20] - 50, [1, 2, 5, 10, 14, 15, 20] - 29, [1, 3, 8, 9, 13, 15, 20] - 33, [1, 3, 6, 8, 9, 10, 14, 13, 19, 20] - 46, [1, 6, 7, 8, 9, 12, 19, 20] - 41]
melhor indivíduo da geração:[1, 2, 5, 10, 14, 15, 20] - 29
geração: 3: 
[[1, 3, 5, 2, 4, 10, 14, 15, 20] - 37, [1, 3, 5, 12, 13, 14, 10] - 37, [1, 2, 3, 5, 8, 9, 13, 19, 20] - 44, [1, 2, 3, 8, 9, 10, 14, 15, 20] - 39, [1, 6, 7, 9, 12, 19, 20] - 40, [1, 3, 5, 2, 4, 10, 14, 13, 19, 20] - 43, [1, 6, 7, 9, 13, 19, 20] - 41, [1, 3, 5, 8, 10, 13, 15, 20] - 42, [1, 2, 5, 8, 10, 14, 15, 20] - 38, [1, 2, 3, 6, 8, 9, 12, 13, 15, 20] - 41, [1, 3, 6, 7, 9, 12, 13, 19, 20] - 41, [1, 2, 5, 10, 14, 15, 20] - 29, [1, 3, 8, 9, 13, 15, 20] - 33, [1, 6, 7, 8, 9, 12, 19, 20] - 41, [1, 2, 4, 10, 13, 19, 20] - 35, [1, 6, 8, 10, 13, 19, 20] - 39, [1, 6, 7, 9, 13, 15, 20] - 41, [1, 3, 5, 12, 13, 15, 20] - 30]
melhor indivíduo da geração:[1, 2, 5, 10, 14, 15, 20] - 29
geração: 4: 
[[1, 3, 5, 2, 4, 10, 14, 15, 20] - 37, [1, 3, 5, 12, 13, 14, 10] - 37, [1, 2, 3, 8, 9, 10, 14, 15, 20] - 39, [1, 6, 7, 9, 12, 19, 20] - 40, [1, 3, 5, 2, 4, 10, 14, 13, 19, 20] - 43, [1, 6, 7, 9, 13, 19, 20] - 41, [1, 3, 5, 8, 10, 13, 15, 20] - 42, [1, 2, 5, 8, 10, 14, 15, 20] - 38, [1, 2, 3, 6, 8, 9, 12, 13, 15, 20] - 41, [1, 3, 6, 7, 9, 12, 13, 19, 20] - 41, [1, 2, 5, 10, 14, 15, 20] - 29, [1, 3, 8, 9, 13, 15, 20] - 33, [1, 6, 7, 8, 9, 12, 19, 20] - 41, [1, 2, 4, 10, 13, 19, 20] - 35, [1, 6, 8, 10, 13, 19, 20] - 39, [1, 6, 7, 9, 13, 15, 20] - 41, [1, 3, 5, 12, 13, 15, 20] - 30, [1, 6, 8, 10, 13, 15, 20] - 39, [1, 6, 8, 3, 5, 10, 14, 15, 20] - 38]
melhor indivíduo da geração:[1, 2, 5, 10, 14, 15, 20] - 29
geração: 5: 
[[1, 3, 5, 2, 4, 10, 14, 15, 20] - 37, [1, 3, 5, 12, 13, 14, 10] - 37, [1, 2, 3, 8, 9, 10, 14, 15, 20] - 39, [1, 6, 7, 9, 12, 19, 20] - 40, [1, 3, 5, 2, 4, 10, 14, 13, 19, 20] - 43, [1, 6, 7, 9, 13, 19, 20] - 41, [1, 3, 5, 8, 10, 13, 15, 20] - 42, [1, 2, 5, 8, 10, 14, 15, 20] - 38, [1, 2, 3, 6, 8, 9, 12, 13, 15, 20] - 41, [1, 3, 6, 7, 9, 12, 13, 19, 20] - 41, [1, 2, 5, 10, 14, 15, 20] - 29, [1, 3, 8, 9, 13, 15, 20] - 33, [1, 6, 7, 8, 9, 12, 19, 20] - 41, [1, 2, 4, 10, 13, 19, 20] - 35, [1, 6, 8, 10, 13, 19, 20] - 39, [1, 6, 7, 9, 13, 15, 20] - 41, [1, 3, 5, 12, 13, 15, 20] - 30, [1, 6, 8, 10, 13, 15, 20] - 39, [1, 6, 8, 3, 5, 10, 14, 15, 20] - 38, [1, 2, 5, 12, 16, 17, 19, 20] - 46, [1, 3, 6, 7, 8, 9, 13, 19, 20] - 45]
melhor indivíduo da geração:[1, 2, 5, 10, 14, 15, 20] - 29
geração: 6: 
[[1, 3, 5, 2, 4, 10, 14, 15, 20] - 37, [1, 3, 5, 12, 13, 14, 10] - 37, [1, 2, 3, 8, 9, 10, 14, 15, 20] - 39, [1, 6, 7, 9, 12, 19, 20] - 40, [1, 2, 5, 8, 10, 14, 15, 20] - 38, [1, 2, 5, 10, 14, 15, 20] - 29, [1, 3, 8, 9, 13, 15, 20] - 33, [1, 2, 4, 10, 13, 19, 20] - 35, [1, 6, 8, 10, 13, 19, 20] - 39, [1, 3, 5, 12, 13, 15, 20] - 30, [1, 6, 8, 10, 13, 15, 20] - 39, [1, 6, 8, 3, 5, 10, 14, 15, 20] - 38, [1, 2, 4, 10, 14, 15, 20] - 31]
melhor indivíduo da geração:[1, 2, 5, 10, 14, 15, 20] - 29
geração: 7: 
[[1, 3, 5, 2, 4, 10, 14, 15, 20] - 37, [1, 3, 5, 12, 13, 14, 10] - 37, [1, 2, 5, 8, 10, 14, 15, 20] - 38, [1, 2, 5, 10, 14, 15, 20] - 29, [1, 3, 8, 9, 13, 15, 20] - 33, [1, 2, 4, 10, 13, 19, 20] - 35, [1, 3, 5, 12, 13, 15, 20] - 30, [1, 6, 8, 3, 5, 10, 14, 15, 20] - 38, [1, 2, 4, 10, 14, 15, 20] - 31, [1, 2, 5, 12, 13, 14, 10] - 37, [1, 6, 8, 9, 12, 13, 19, 20] - 33]
melhor indivíduo da geração:[1, 2, 5, 10, 14, 15, 20] - 29
______________________________________________________________________________________________________________________________
