geração: 1: 
[[1, 6, 8, 10, 12, 16, 17, 18, 13, 19, 20] - 69, [1, 2, 5, 8, 10, 13, 19, 20] - 42, [1, 6, 8, 9, 13, 15, 20] - 36, [1, 3, 5, 10, 13, 19, 20] - 33, [1, 6, 8, 3, 5, 10, 12, 13, 14, 15, 20] - 57, [1, 2, 5, 8, 9, 16, 10, 12, 13, 15, 20] - 54, [1, 6, 7, 8, 9, 10, 13, 15, 20] - 47, [1, 6, 8, 9, 10, 14, 15, 20] - 37, [1, 6, 7, 9, 10, 13, 19, 20] - 46, [1, 2, 3, 8, 9, 10, 12, 5] - 48, [1, 2, 5, 10, 12, 13, 19, 20] - 38, [1, 2, 3, 5, 10, 12, 13, 14, 15, 20] - 53, [1, 3, 5, 2, 4, 11, 10, 13, 15, 20] - 48, [1, 2, 4, 11, 14, 10, 12, 16, 17, 19, 20] - 67, [1, 3, 8, 10, 14, 13, 15, 20] - 38, [1, 2, 5, 8, 9, 10, 13, 14, 15, 20] - 54, [1, 6, 7, 9, 13, 15, 20] - 41, [1, 6, 7, 9, 16, 10, 14, 13, 19, 20] - 53, [1, 2, 3, 6, 7, 8, 10, 14, 13, 19, 20] - 55, [1, 6, 7, 8, 3, 5, 10, 12, 16, 17, 18, 19, 20] - 75]
melhor indivíduo da geração:[1, 3, 5, 10, 13, 19, 20] - 33
geração: 2: 
[[1, 2, 5, 8, 10, 13, 19, 20] - 42, [1, 6, 8, 9, 13, 15, 20] - 36, [1, 3, 5, 10, 13, 19, 20] - 33, [1, 6, 7, 8, 9, 10, 13, 15, 20] - 47, [1, 6, 8, 9, 10, 14, 15, 20] - 37, [1, 6, 7, 9, 10, 13, 19, 20] - 46, [1, 2, 3, 8, 9, 10, 12, 5] - 48, [1, 2, 5, 10, 12, 13, 19, 20] - 38, [1, 3, 5, 2, 4, 11, 10, 13, 15, 20] - 48, [1, 3, 8, 10, 14, 13, 15, 20] - 38, [1, 6, 7, 9, 13, 15, 20] - 41, [1, 3, 8, 9, 12, 13, 15, 20] - 30, [1, 2, 4, 5, 10, 14, 15, 20] - 40, [1, 2, 3, 8, 10, 14, 13, 15, 20] - 43, [1, 3, 5, 12, 13, 14, 15, 20] - 40, [1, 3, 5, 10, 14, 15, 20] - 29, [1, 2, 4, 11, 10, 14, 15, 20] - 38, [1, 2, 3, 5, 8, 10, 14, 13, 15, 20] - 49]
melhor indivíduo da geração:[1, 3, 5, 10, 14, 15, 20] - 29
geração: 3: 
[[1, 6, 8, 9, 13, 15, 20] - 36, [1, 3, 5, 10, 13, 19, 20] - 33, [1, 6, 8, 9, 10, 14, 15, 20] - 37, [1, 2, 5, 10, 12, 13, 19, 20] - 38, [1, 3, 8, 10, 14, 13, 15, 20] - 38, [1, 6, 7, 9, 13, 15, 20] - 41, [1, 3, 8, 9, 12, 13, 15, 20] - 30, [1, 2, 4, 5, 10, 14, 15, 20] - 40, [1, 3, 5, 12, 13, 14, 15, 20] - 40, [1, 3, 5, 10, 14, 15, 20] - 29, [1, 2, 4, 11, 10, 14, 15, 20] - 38, [1, 3, 5, 12, 19, 20] - 32, [1, 6, 8, 9, 16, 12, 13, 15, 20] - 38, [1, 2, 5, 8, 9, 13, 15, 20] - 39, [1, 2, 5, 12, 19, 20] - 32, [1, 6, 8, 9, 16, 12, 19, 20] - 40, [1, 3, 5, 2, 4, 11, 14, 15, 20] - 40]
melhor indivíduo da geração:[1, 3, 5, 10, 14, 15, 20] - 29
geração: 4: 
[[1, 6, 8, 9, 13, 15, 20] - 36, [1, 3, 5, 10, 13, 19, 20] - 33, [1, 6, 8, 9, 10, 14, 15, 20] - 37, [1, 2, 5, 10, 12, 13, 19, 20] - 38, [1, 3, 8, 10, 14, 13, 15, 20] - 38, [1, 6, 7, 9, 13, 15, 20] - 41, [1, 3, 8, 9, 12, 13, 15, 20] - 30, [1, 2, 4, 5, 10, 14, 15, 20] - 40, [1, 3, 5, 12, 13, 14, 15, 20] - 40, [1, 3, 5, 10, 14, 15, 20] - 29, [1, 2, 4, 11, 10, 14, 15, 20] - 38, [1, 3, 5, 12, 19, 20] - 32, [1, 6, 8, 9, 16, 12, 13, 15, 20] - 38, [1, 2, 5, 8, 9, 13, 15, 20] - 39, [1, 2, 5, 12, 19, 20] - 32, [1, 6, 8, 9, 16, 12, 19, 20] - 40, [1, 3, 5, 2, 4, 11, 14, 15, 20] - 40, [1, 3, 8, 10, 13, 15, 20] - 36, [1, 6, 8, 3, 5, 12, 13, 19, 20] - 39]
melhor indivíduo da geração:[1, 3, 5, 10, 14, 15, 20] - 29
geração: 5: 
[[1, 6, 8, 9, 13, 15, 20] - 36, [1, 3, 5, 10, 13, 19, 20] - 33, [1, 6, 8, 9, 10, 14, 15, 20] - 37, [1, 2, 5, 10, 12, 13, 19, 20] - 38, [1, 3, 8, 10, 14, 13, 15, 20] - 38, [1, 6, 7, 9, 13, 15, 20] - 41, [1, 3, 8, 9, 12, 13, 15, 20] - 30, [1, 2, 4, 5, 10, 14, 15, 20] - 40, [1, 3, 5, 12, 13, 14, 15, 20] - 40, [1, 3, 5, 10, 14, 15, 20] - 29, [1, 2, 4, 11, 10, 14, 15, 20] - 38, [1, 3, 5, 12, 19, 20] - 32, [1, 6, 8, 9, 16, 12, 13, 15, 20] - 38, [1, 2, 5, 8, 9, 13, 15, 20] - 39, [1, 2, 5, 12, 19, 20] - 32, [1, 6, 8, 9, 16, 12, 19, 20] - 40, [1, 3, 5, 2, 4, 11, 14, 15, 20] - 40, [1, 3, 8, 10, 13, 15, 20] - 36, [1, 6, 8, 3, 5, 12, 13, 19, 20] - 39, [1, 2, 3, 8, 10, 14, 15, 20] - 37, [1, 3, 8, 9, 13, 15, 20] - 33]
melhor indivíduo da geração:[1, 3, 5, 10, 14, 15, 20] - 29
______________________________________________________________________________________________________________________________
