geração: 1: 
[[1, 3, 5, 12, 16, 17, 19, 20] - 46, [1, 3, 6, 7, 9, 16, 17, 19, 20] - 52, [1, 2, 3, 6, 8, 10, 12, 13, 19, 20] - 52, [1, 2, 5, 10, 12, 13, 9, 16, 17, 18, 19, 20] - 82, [1, 6, 8, 9, 13, 19, 20] - 36, [1, 3, 5, 8, 10, 14, 13, 15, 20] - 44, [1, 2, 5, 8, 9, 13, 15, 20] - 39, [1, 2, 3, 5, 12, 19, 20] - 37, [1, 6, 8, 3, 5, 10, 12, 16, 17, 19, 20] - 63, [1, 6, 7, 8, 3, 5, 10, 14, 13, 9, 12, 16, 17, 18, 19, 20] - 99, [1, 6, 8, 10, 14, 15, 20] - 35, [1, 6, 8, 9, 12, 19, 20] - 35, [1, 3, 6, 7, 8, 10, 12, 16, 17, 18, 19, 20] - 75, [1, 6, 8, 9, 13, 14, 10, 12, 19, 20] - 65, [1, 6, 7, 8, 10, 13, 19, 20] - 45, [1, 2, 4, 10, 13, 14, 15, 20] - 45, [1, 6, 7, 8, 9, 16, 12, 5, 10, 14, 13, 15, 20] - 69, [1, 3, 6, 7, 9, 16, 10, 13, 19, 20] - 54, [1, 6, 7, 8, 10, 14, 13, 9, 12, 5, 2, 4, 11] - 90, [1, 3, 8, 10, 12, 13, 9, 16, 17, 19, 20] - 79]
melhor indivíduo da geração:[1, 6, 8, 10, 14, 15, 20] - 35
geração: 2: 
[[1, 3, 5, 12, 16, 17, 19, 20] - 46, [1, 3, 6, 7, 9, 16, 17, 19, 20] - 52, [1, 2, 3, 6, 8, 10, 12, 13, 19, 20] - 52, [1, 6, 8, 9, 13, 19, 20] - 36, [1, 3, 5, 8, 10, 14, 13, 15, 20] - 44, [1, 2, 5, 8, 9, 13, 15, 20] - 39, [1, 2, 3, 5, 12, 19, 20] - 37, [1, 6, 8, 10, 14, 15, 20] - 35, [1, 6, 8, 9, 12, 19, 20] - 35, [1, 6, 7, 8, 10, 13, 19, 20] - 45, [1, 2, 4, 10, 13, 14, 15, 20] - 45, [1, 3, 6, 7, 9, 16, 12, 19, 20] - 48, [1, 2, 5, 10, 14, 13, 19, 20] - 35, [1, 6, 7, 9, 13, 15, 20] - 41, [1, 3, 8, 9, 13, 19, 20] - 33, [1, 6, 7, 9, 16, 10, 14, 13, 15, 20] - 53, [1, 6, 8, 3, 5, 10, 13, 15, 20] - 42, [1, 2, 4, 5, 10, 13, 15, 20] - 44]
melhor indivíduo da geração:[1, 3, 8, 9, 13, 19, 20] - 33
geração: 3: 
[[1, 6, 8, 9, 13, 19, 20] - 36, [1, 2, 5, 8, 9, 13, 15, 20] - 39, [1, 2, 3, 5, 12, 19, 20] - 37, [1, 6, 8, 10, 14, 15, 20] - 35, [1, 6, 8, 9, 12, 19, 20] - 35, [1, 2, 5, 10, 14, 13, 19, 20] - 35, [1, 6, 7, 9, 13, 15, 20] - 41, [1, 3, 8, 9, 13, 19, 20] - 33, [1, 6, 8, 3, 5, 10, 13, 15, 20] - 42, [1, 6, 7, 8, 10, 14, 15, 20] - 41, [1, 3, 5, 12, 19, 20] - 32, [1, 2, 5, 12, 19, 20] - 32, [1, 2, 5, 10, 14, 13, 15, 20] - 35]
melhor indivíduo da geração:[1, 3, 5, 12, 19, 20] - 32
______________________________________________________________________________________________________________________________
