gera????o: 1: 
[[1, 3, 12, 13, 22, 25, 26, 28, 35, 46, 49, 55, 58, 62, 70] - 4572, [1, 3, 9, 13, 22, 25, 26, 28, 36, 48, 49, 58, 62, 70] - 4579, [1, 3, 23, 31, 33, 49, 55, 56, 63, 70] - 4282, [1, 2, 4, 11, 20, 39, 44, 54, 61, 65, 67, 69, 70] - 5912, [1, 3, 5, 6, 8, 17, 24, 36, 49, 55, 58, 62, 70] - 4529, [1, 4, 10, 20, 30, 31, 33, 46, 49, 58, 62, 70] - 4529, [1, 3, 12, 14, 26, 31, 40, 41, 44, 56, 61, 63, 70] - 4902, [1, 4, 10, 20, 30, 32, 39, 50, 53, 60, 65, 66, 67, 69, 70] - 6033, [1, 4, 11, 20, 30, 32, 40, 41, 45, 56, 57, 70] - 4807, [1, 4, 11, 21, 31, 32, 39, 53, 54, 61, 65, 66, 67, 69, 70] - 5940, [1, 4, 10, 11, 20, 21, 23, 33, 47, 55, 57, 70] - 4373, [1, 2, 3, 9, 21, 31, 33, 47, 56, 60, 64, 67, 69, 70] - 5974, [1, 2, 4, 10, 11, 20, 29, 38, 43, 52, 59, 66, 67, 69, 70] - 6375, [1, 3, 5, 12, 22, 23, 31, 40, 41, 46, 47, 49, 55, 58, 62, 70] - 5046, [1, 2, 9, 11, 21, 31, 32, 37, 39, 42, 50, 53, 61, 68, 70] - 5221, [1, 2, 4, 11, 20, 39, 50, 53, 54, 61, 65, 67, 69, 70] - 5914, [1, 4, 10, 11, 20, 39, 42, 52, 59, 60, 65, 66, 67, 69, 70] - 6566, [1, 4, 10, 20, 21, 22, 24, 36, 48, 49, 55, 58, 62, 70] - 5632, [1, 2, 3, 13, 21, 23, 31, 41, 45, 56, 63, 70] - 4313, [1, 2, 3, 9, 21, 23, 25, 33, 49, 58, 62, 70] - 3978]
melhor indiv??duo da gera????o:[1, 2, 3, 9, 21, 23, 25, 33, 49, 58, 62, 70] - 3978
gera????o: 2: 
[[1, 3, 9, 13, 22, 25, 26, 28, 36, 48, 49, 58, 62, 70] - 4579, [1, 2, 4, 11, 20, 39, 44, 54, 61, 65, 67, 69, 70] - 5912, [1, 4, 10, 20, 30, 31, 33, 46, 49, 58, 62, 70] - 4529, [1, 4, 10, 20, 30, 32, 39, 50, 53, 60, 65, 66, 67, 69, 70] - 6033, [1, 4, 11, 21, 31, 32, 39, 53, 54, 61, 65, 66, 67, 69, 70] - 5940, [1, 2, 3, 9, 21, 31, 33, 47, 56, 60, 64, 67, 69, 70] - 5974, [1, 3, 5, 12, 22, 23, 31, 40, 41, 46, 47, 49, 55, 58, 62, 70] - 5046, [1, 2, 4, 11, 20, 39, 50, 53, 54, 61, 65, 67, 69, 70] - 5914, [1, 4, 10, 20, 21, 22, 24, 36, 48, 49, 55, 58, 62, 70] - 5632, [1, 2, 3, 9, 21, 23, 25, 33, 49, 58, 62, 70] - 3978, [1, 4, 11, 20, 30, 32, 40, 41, 45, 56, 57, 70] - 4807, [1, 4, 10, 11, 20, 21, 23, 33, 47, 55, 57, 70] - 4373, [1, 4, 10, 11, 20, 21, 23, 33, 47, 55, 57, 70] - 4373, [1, 3, 12, 13, 22, 25, 26, 28, 35, 46, 49, 55, 58, 62, 70] - 4572, [1, 3, 5, 12, 22, 23, 31, 40, 41, 46, 47, 49, 55, 58, 62, 70] - 5046, [1, 3, 9, 13, 22, 25, 26, 28, 36, 48, 49, 58, 62, 70] - 4579, [1, 4, 10, 11, 20, 21, 23, 33, 47, 55, 57, 70] - 4373, [1, 2, 3, 9, 21, 23, 25, 33, 49, 58, 62, 70] - 3978]
melhor indiv??duo da gera????o:[1, 2, 3, 9, 21, 23, 25, 33, 49, 58, 62, 70] - 3978
gera????o: 3: 
[[1, 2, 4, 11, 20, 39, 44, 54, 61, 65, 67, 69, 70] - 5912, [1, 4, 10, 20, 30, 32, 39, 50, 53, 60, 65, 66, 67, 69, 70] - 6033, [1, 2, 3, 9, 21, 31, 33, 47, 56, 60, 64, 67, 69, 70] - 5974, [1, 2, 4, 11, 20, 39, 50, 53, 54, 61, 65, 67, 69, 70] - 5914, [1, 2, 3, 9, 21, 23, 25, 33, 49, 58, 62, 70] - 3978, [1, 4, 10, 11, 20, 21, 23, 33, 47, 55, 57, 70] - 4373, [1, 3, 12, 13, 22, 25, 26, 28, 35, 46, 49, 55, 58, 62, 70] - 4572, [1, 3, 9, 13, 22, 25, 26, 28, 36, 48, 49, 58, 62, 70] - 4579, [1, 2, 3, 9, 21, 23, 25, 33, 49, 58, 62, 70] - 3978, [1, 2, 3, 9, 21, 23, 25, 33, 49, 58, 62, 70] - 3978, [1, 4, 11, 20, 30, 32, 40, 41, 45, 56, 57, 70] - 4807, [1, 4, 10, 11, 20, 21, 23, 33, 47, 55, 57, 70] - 4373, [1, 2, 3, 9, 21, 23, 25, 33, 49, 58, 62, 70] - 3978, [1, 2, 3, 9, 21, 23, 25, 33, 49, 58, 62, 70] - 3978, [1, 2, 3, 9, 21, 23, 25, 33, 49, 58, 62, 70] - 3978, [1, 4, 10, 11, 20, 21, 23, 33, 47, 55, 57, 70] - 4373]
melhor indiv??duo da gera????o:[1, 2, 3, 9, 21, 23, 25, 33, 49, 58, 62, 70] - 3978
gera????o: 4: 
[[1, 4, 10, 20, 30, 32, 39, 50, 53, 60, 65, 66, 67, 69, 70] - 6033, [1, 2, 4, 11, 20, 39, 50, 53, 54, 61, 65, 67, 69, 70] - 5914, [1, 4, 10, 11, 20, 21, 23, 33, 47, 55, 57, 70] - 4373, [1, 3, 9, 13, 22, 25, 26, 28, 36, 48, 49, 58, 62, 70] - 4579, [1, 2, 3, 9, 21, 23, 25, 33, 49, 58, 62, 70] - 3978, [1, 4, 10, 11, 20, 21, 23, 33, 47, 55, 57, 70] - 4373, [1, 2, 3, 9, 21, 23, 25, 33, 49, 58, 62, 70] - 3978, [1, 4, 10, 11, 20, 21, 23, 33, 47, 55, 57, 70] - 4373, [1, 4, 10, 11, 20, 21, 23, 33, 47, 55, 57, 70] - 4373, [1, 2, 3, 9, 21, 23, 25, 33, 49, 58, 62, 70] - 3978, [1, 2, 3, 9, 21, 23, 25, 33, 49, 58, 62, 70] - 3978, [1, 2, 4, 11, 20, 39, 50, 53, 54, 61, 65, 67, 69, 70] - 5914, [1, 2, 3, 9, 21, 23, 25, 33, 49, 58, 62, 70] - 3978, [1, 2, 3, 9, 21, 23, 25, 33, 49, 58, 62, 70] - 3978]
melhor indiv??duo da gera????o:[1, 2, 3, 9, 21, 23, 25, 33, 49, 58, 62, 70] - 3978
gera????o: 5: 
[[1, 2, 4, 11, 20, 39, 50, 53, 54, 61, 65, 67, 69, 70] - 5914, [1, 3, 9, 13, 22, 25, 26, 28, 36, 48, 49, 58, 62, 70] - 4579, [1, 4, 10, 11, 20, 21, 23, 33, 47, 55, 57, 70] - 4373, [1, 4, 10, 11, 20, 21, 23, 33, 47, 55, 57, 70] - 4373, [1, 2, 3, 9, 21, 23, 25, 33, 49, 58, 62, 70] - 3978, [1, 2, 4, 11, 20, 39, 50, 53, 54, 61, 65, 67, 69, 70] - 5914, [1, 2, 3, 9, 21, 23, 25, 33, 49, 58, 62, 70] - 3978, [1, 2, 3, 9, 21, 23, 25, 33, 49, 58, 62, 70] - 3978, [1, 2, 3, 9, 21, 23, 25, 33, 49, 58, 62, 70] - 3978, [1, 4, 10, 11, 20, 21, 23, 33, 47, 55, 57, 70] - 4373, [1, 4, 10, 11, 20, 21, 23, 33, 47, 55, 57, 70] - 4373, [1, 2, 3, 9, 21, 23, 25, 33, 49, 58, 62, 70] - 3978]
melhor indiv??duo da gera????o:[1, 2, 3, 9, 21, 23, 25, 33, 49, 58, 62, 70] - 3978
______________________________________________________________________________________________________________________________
