gera????o: 1: 
[[1, 2, 4, 11, 21, 31, 33, 49, 58, 62, 70] - 3936, [1, 2, 3, 23, 33, 46, 49, 55, 58, 62, 70] - 4243, [1, 3, 13, 22, 33, 40, 44, 55, 58, 62, 70] - 4422, [1, 4, 11, 20, 39, 56, 63, 70] - 4426, [1, 3, 9, 21, 31, 41, 44, 50, 53, 54, 56, 63, 70] - 4518, [1, 4, 11, 21, 31, 41, 47, 56, 63, 70] - 4521, [1, 2, 9, 11, 21, 22, 23, 31, 40, 44, 53, 61, 63, 70] - 4586, [1, 4, 11, 21, 22, 23, 31, 32, 39, 56, 63, 70] - 4606, [1, 3, 13, 21, 22, 33, 41, 47, 49, 55, 58, 62, 70] - 4672, [1, 3, 13, 14, 22, 25, 26, 33, 40, 44, 55, 58, 62, 70] - 4977, [1, 4, 10, 20, 39, 44, 53, 61, 68, 70] - 5038, [1, 3, 12, 14, 17, 18, 19, 24, 28, 36, 48, 58, 62, 70] - 5080, [1, 2, 4, 10, 11, 20, 30, 31, 33, 41, 47, 49, 55, 57, 70] - 5117, [1, 2, 3, 12, 14, 26, 28, 35, 36, 49, 55, 56, 57, 70] - 5276, [1, 4, 11, 21, 22, 24, 26, 33, 40, 44, 45, 57, 70] - 5314, [1, 3, 5, 6, 7, 14, 17, 18, 19, 24, 27, 28, 35, 36, 48, 49, 58, 62, 70] - 5788, [1, 4, 10, 20, 21, 23, 25, 26, 28, 34, 41, 46, 49, 55, 58, 62, 70] - 5935, [1, 4, 11, 20, 21, 31, 32, 40, 41, 45, 56, 61, 65, 67, 68, 70] - 6563, [1, 2, 4, 10, 20, 39, 40, 44, 55, 56, 60, 61, 65, 68, 70] - 6716, [1, 2, 9, 13, 21, 23, 31, 33, 46, 47, 56, 60, 64, 65, 67, 69, 70] - 6976]
melhor indiv??duo da gera????o:[1, 2, 4, 11, 21, 31, 33, 49, 58, 62, 70] - 3936
gera????o: 2: 
[[1, 2, 4, 10, 11, 21, 31, 33, 49, 58, 62, 70] - 3858, [1, 3, 9, 11, 21, 31, 41, 44, 54, 56, 63, 70] - 4161, [1, 3, 13, 31, 41, 46, 49, 58, 62, 70] - 4360, [1, 3, 13, 22, 33, 40, 44, 55, 58, 62, 70] - 4422, [1, 3, 5, 12, 14, 26, 31, 41, 45, 57, 70] - 4471, [1, 3, 9, 21, 31, 41, 44, 50, 53, 54, 56, 63, 70] - 4518, [1, 3, 9, 11, 21, 23, 31, 33, 49, 55, 56, 63, 70] - 4524, [1, 4, 11, 21, 22, 23, 31, 32, 39, 56, 63, 70] - 4606, [1, 2, 4, 10, 11, 21, 22, 25, 33, 34, 46, 47, 49, 58, 62, 70] - 4701, [1, 3, 13, 14, 22, 25, 26, 33, 40, 44, 55, 58, 62, 70] - 4977, [1, 3, 12, 14, 17, 18, 19, 24, 28, 36, 48, 58, 62, 70] - 5080, [1, 3, 13, 14, 26, 33, 34, 35, 46, 49, 55, 58, 62, 70] - 5122, [1, 4, 11, 21, 22, 24, 26, 33, 40, 44, 45, 57, 70] - 5314, [1, 2, 4, 10, 20, 37, 42, 52, 60, 65, 67, 68, 70] - 5530, [1, 2, 3, 13, 21, 22, 25, 26, 33, 47, 56, 60, 61, 63, 70] - 5783, [1, 3, 9, 11, 20, 29, 37, 38, 43, 52, 59, 60, 65, 68, 70] - 5934, [1, 2, 4, 11, 20, 32, 37, 42, 51, 59, 64, 67, 69, 70] - 6197, [1, 4, 11, 20, 37, 42, 52, 53, 60, 64, 65, 66, 67, 69, 70] - 6481, [1, 2, 4, 10, 20, 39, 40, 44, 55, 56, 60, 61, 65, 68, 70] - 6716, [1, 2, 9, 13, 21, 23, 31, 33, 46, 47, 56, 60, 64, 65, 67, 69, 70] - 6976]
melhor indiv??duo da gera????o:[1, 2, 4, 10, 11, 21, 31, 33, 49, 58, 62, 70] - 3858
gera????o: 3: 
[[1, 3, 5, 12, 22, 33, 46, 49, 58, 62, 70] - 3964, [1, 2, 9, 21, 22, 33, 46, 49, 58, 62, 70] - 4083, [1, 3, 9, 11, 21, 31, 41, 44, 54, 56, 63, 70] - 4161, [1, 2, 9, 13, 14, 25, 33, 46, 49, 58, 62, 70] - 4204, [1, 2, 9, 13, 23, 25, 26, 28, 35, 49, 55, 58, 62, 70] - 4379, [1, 3, 5, 12, 14, 26, 31, 41, 45, 57, 70] - 4471, [1, 3, 9, 21, 31, 41, 44, 50, 53, 54, 56, 63, 70] - 4518, [1, 3, 9, 11, 21, 23, 31, 33, 49, 55, 56, 63, 70] - 4524, [1, 4, 11, 21, 22, 23, 31, 32, 39, 56, 63, 70] - 4606, [1, 4, 11, 20, 39, 56, 61, 63, 70] - 4637, [1, 4, 10, 11, 21, 22, 24, 36, 49, 58, 62, 70] - 4827, [1, 3, 13, 14, 22, 25, 26, 33, 40, 44, 55, 58, 62, 70] - 4977, [1, 4, 10, 11, 20, 31, 41, 47, 49, 55, 58, 62, 70] - 5088, [1, 3, 13, 21, 22, 24, 28, 34, 35, 46, 47, 49, 58, 62, 70] - 5250, [1, 2, 4, 10, 20, 37, 42, 52, 60, 65, 67, 68, 70] - 5530, [1, 3, 5, 12, 22, 23, 33, 40, 41, 46, 49, 55, 56, 61, 68, 70] - 5759, [1, 2, 3, 13, 21, 22, 25, 26, 33, 47, 56, 60, 61, 63, 70] - 5783, [1, 4, 10, 11, 20, 29, 38, 43, 52, 53, 60, 61, 68, 70] - 5965, [1, 2, 4, 11, 20, 32, 37, 42, 51, 59, 64, 67, 69, 70] - 6197, [1, 2, 4, 10, 20, 39, 40, 44, 55, 56, 60, 61, 65, 68, 70] - 6716]
melhor indiv??duo da gera????o:[1, 3, 5, 12, 22, 33, 46, 49, 58, 62, 70] - 3964
gera????o: 4: 
[[1, 3, 5, 12, 22, 33, 46, 49, 58, 62, 70] - 3964, [1, 3, 9, 11, 21, 31, 41, 44, 54, 56, 63, 70] - 4161, [1, 3, 12, 22, 23, 33, 34, 35, 49, 58, 62, 70] - 4207, [1, 3, 5, 12, 14, 26, 31, 41, 45, 57, 70] - 4471, [1, 3, 9, 21, 31, 41, 44, 50, 53, 54, 56, 63, 70] - 4518, [1, 4, 11, 21, 22, 23, 31, 32, 39, 56, 63, 70] - 4606, [1, 3, 9, 21, 31, 33, 46, 47, 49, 55, 58, 62, 70] - 4668, [1, 4, 11, 20, 37, 42, 52, 60, 61, 63, 70] - 4748, [1, 2, 4, 11, 21, 23, 31, 33, 46, 49, 55, 58, 62, 70] - 4798, [1, 2, 4, 10, 11, 20, 39, 40, 41, 45, 47, 55, 58, 62, 70] - 4829, [1, 3, 5, 12, 14, 25, 26, 31, 33, 47, 49, 55, 58, 62, 70] - 4942, [1, 3, 13, 14, 22, 25, 26, 33, 40, 44, 55, 58, 62, 70] - 4977, [1, 2, 3, 5, 12, 14, 24, 34, 41, 44, 54, 61, 63, 70] - 5024, [1, 4, 10, 11, 20, 31, 41, 47, 49, 55, 58, 62, 70] - 5088, [1, 3, 13, 21, 22, 24, 28, 34, 35, 46, 47, 49, 58, 62, 70] - 5250, [1, 2, 4, 10, 20, 37, 42, 52, 60, 65, 67, 68, 70] - 5530, [1, 2, 3, 9, 21, 31, 41, 45, 56, 61, 65, 67, 68, 70] - 5756, [1, 2, 3, 13, 21, 22, 25, 26, 33, 47, 56, 60, 61, 63, 70] - 5783, [1, 2, 4, 11, 20, 32, 37, 42, 51, 59, 64, 67, 69, 70] - 6197, [1, 2, 4, 10, 20, 39, 40, 44, 55, 56, 60, 61, 65, 68, 70] - 6716]
melhor indiv??duo da gera????o:[1, 3, 5, 12, 22, 33, 46, 49, 58, 62, 70] - 3964
gera????o: 5: 
[[1, 3, 9, 11, 21, 31, 41, 44, 54, 56, 63, 70] - 4161, [1, 3, 12, 22, 23, 33, 34, 35, 49, 58, 62, 70] - 4207, [1, 3, 5, 12, 14, 25, 26, 28, 36, 48, 58, 62, 70] - 4437, [1, 3, 5, 6, 8, 15, 16, 17, 24, 34, 46, 49, 58, 62, 70] - 4472, [1, 3, 5, 12, 13, 21, 31, 40, 41, 46, 47, 55, 57, 70] - 4514, [1, 4, 11, 21, 22, 23, 31, 32, 39, 56, 63, 70] - 4606, [1, 3, 9, 21, 31, 33, 46, 47, 49, 55, 58, 62, 70] - 4668, [1, 2, 4, 11, 21, 23, 31, 33, 46, 49, 55, 58, 62, 70] - 4798, [1, 2, 4, 10, 11, 20, 39, 40, 41, 45, 47, 55, 58, 62, 70] - 4829, [1, 3, 5, 12, 14, 25, 26, 31, 33, 47, 49, 55, 58, 62, 70] - 4942, [1, 2, 3, 5, 12, 14, 24, 34, 41, 44, 54, 61, 63, 70] - 5024, [1, 4, 10, 11, 20, 31, 41, 47, 49, 55, 58, 62, 70] - 5088, [1, 4, 11, 20, 32, 37, 39, 50, 53, 61, 68, 70] - 5307, [1, 2, 4, 11, 20, 30, 31, 41, 44, 50, 53, 54, 56, 57, 70] - 5502, [1, 4, 11, 20, 31, 41, 44, 55, 56, 61, 63, 70] - 5596, [1, 2, 3, 13, 21, 22, 25, 26, 33, 47, 56, 60, 61, 63, 70] - 5783, [1, 2, 4, 11, 20, 32, 37, 42, 51, 59, 64, 67, 69, 70] - 6197, [1, 4, 10, 20, 29, 38, 43, 52, 60, 65, 66, 67, 68, 70] - 6333, [1, 4, 10, 20, 32, 39, 40, 44, 50, 53, 60, 61, 65, 66, 67, 69, 70] - 6773, [1, 4, 10, 20, 30, 31, 33, 40, 44, 45, 56, 60, 61, 65, 67, 69, 70] - 7196]
melhor indiv??duo da gera????o:[1, 3, 9, 11, 21, 31, 41, 44, 54, 56, 63, 70] - 4161
gera????o: 6: 
[[1, 3, 9, 21, 31, 41, 45, 57, 70] - 3871, [1, 3, 9, 11, 21, 31, 41, 44, 54, 56, 63, 70] - 4161, [1, 3, 5, 12, 14, 25, 26, 28, 36, 48, 58, 62, 70] - 4437, [1, 3, 5, 12, 13, 21, 31, 33, 40, 41, 47, 55, 57, 70] - 4495, [1, 3, 5, 12, 13, 21, 31, 40, 41, 46, 47, 55, 57, 70] - 4514, [1, 3, 9, 21, 31, 33, 46, 47, 49, 55, 58, 62, 70] - 4668, [1, 4, 11, 20, 30, 31, 40, 41, 47, 55, 57, 70] - 4725, [1, 2, 4, 10, 11, 20, 39, 40, 41, 45, 47, 55, 58, 62, 70] - 4829, [1, 2, 3, 5, 12, 14, 24, 34, 41, 44, 54, 61, 63, 70] - 5024, [1, 4, 10, 20, 32, 37, 39, 56, 61, 68, 70] - 5046, [1, 4, 10, 11, 20, 31, 32, 40, 44, 50, 53, 54, 56, 57, 70] - 5166, [1, 4, 11, 20, 32, 37, 39, 50, 53, 61, 68, 70] - 5307, [1, 2, 9, 11, 21, 22, 23, 33, 49, 55, 56, 60, 61, 63, 70] - 5392, [1, 2, 4, 11, 20, 30, 31, 41, 44, 50, 53, 54, 56, 57, 70] - 5502, [1, 4, 11, 21, 23, 33, 47, 56, 60, 61, 68, 70] - 5661, [1, 3, 13, 21, 22, 33, 34, 41, 44, 55, 56, 61, 68, 70] - 6035, [1, 2, 4, 11, 20, 32, 37, 42, 51, 59, 64, 67, 69, 70] - 6197, [1, 4, 10, 20, 30, 32, 39, 42, 43, 51, 59, 64, 66, 67, 68, 70] - 6258, [1, 4, 10, 11, 20, 30, 31, 33, 46, 47, 56, 60, 65, 68, 70] - 6518, [1, 4, 10, 20, 30, 31, 33, 40, 44, 45, 56, 60, 61, 65, 67, 69, 70] - 7196]
melhor indiv??duo da gera????o:[1, 3, 9, 21, 31, 41, 45, 57, 70] - 3871
gera????o: 7: 
[[1, 3, 9, 11, 21, 31, 41, 44, 54, 56, 63, 70] - 4161, [1, 3, 13, 31, 40, 41, 45, 47, 49, 55, 57, 70] - 4325, [1, 3, 5, 12, 14, 25, 26, 28, 36, 48, 58, 62, 70] - 4437, [1, 3, 5, 12, 13, 21, 31, 40, 41, 46, 47, 55, 57, 70] - 4514, [1, 2, 3, 9, 11, 21, 31, 40, 44, 45, 47, 56, 63, 70] - 4624, [1, 2, 4, 11, 21, 22, 33, 47, 55, 56, 57, 70] - 4662, [1, 2, 3, 12, 22, 33, 47, 49, 55, 56, 57, 70] - 4686, [1, 2, 4, 10, 11, 20, 39, 40, 41, 45, 47, 55, 58, 62, 70] - 4829, [1, 4, 10, 20, 32, 37, 39, 56, 61, 68, 70] - 5046, [1, 4, 10, 11, 20, 31, 32, 40, 44, 50, 53, 54, 56, 57, 70] - 5166, [1, 2, 4, 10, 20, 21, 23, 33, 40, 41, 47, 49, 58, 62, 70] - 5208, [1, 4, 11, 20, 32, 37, 39, 50, 53, 61, 68, 70] - 5307, [1, 2, 4, 11, 20, 30, 31, 41, 44, 50, 53, 54, 56, 57, 70] - 5502, [1, 3, 23, 33, 39, 44, 55, 56, 61, 68, 70] - 5650, [1, 4, 11, 20, 39, 44, 50, 53, 60, 61, 68, 70] - 5732, [1, 4, 10, 11, 20, 29, 37, 42, 43, 51, 59, 64, 67, 68, 70] - 6007, [1, 2, 4, 10, 20, 37, 42, 43, 51, 59, 64, 65, 67, 68, 70] - 6175, [1, 4, 10, 20, 30, 32, 39, 42, 43, 51, 59, 64, 66, 67, 68, 70] - 6258, [1, 3, 13, 22, 33, 40, 41, 44, 53, 60, 64, 65, 66, 67, 69, 70] - 6725, [1, 3, 12, 13, 31, 33, 40, 41, 46, 49, 55, 56, 61, 65, 66, 67, 69, 70] - 7101]
melhor indiv??duo da gera????o:[1, 3, 9, 11, 21, 31, 41, 44, 54, 56, 63, 70] - 4161
gera????o: 8: 
[[1, 3, 9, 11, 21, 31, 41, 44, 54, 56, 63, 70] - 4161, [1, 4, 11, 21, 23, 25, 26, 34, 46, 49, 58, 62, 70] - 4241, [1, 3, 13, 31, 40, 41, 45, 47, 49, 55, 57, 70] - 4325, [1, 3, 5, 12, 14, 25, 26, 28, 36, 48, 58, 62, 70] - 4437, [1, 3, 5, 6, 12, 22, 25, 26, 31, 40, 44, 54, 56, 63, 70] - 4524, [1, 2, 3, 9, 11, 21, 31, 40, 44, 45, 47, 56, 63, 70] - 4624, [1, 2, 3, 12, 22, 33, 47, 49, 55, 56, 57, 70] - 4686, [1, 2, 3, 9, 13, 31, 40, 41, 47, 56, 57, 70] - 4811, [1, 2, 3, 12, 14, 24, 36, 48, 49, 55, 57, 70] - 4840, [1, 4, 10, 11, 21, 31, 33, 34, 41, 44, 54, 56, 57, 70] - 5057, [1, 4, 10, 11, 20, 31, 32, 40, 44, 50, 53, 54, 56, 57, 70] - 5166, [1, 2, 4, 10, 20, 32, 39, 44, 55, 56, 61, 63, 70] - 5249, [1, 4, 11, 20, 32, 37, 39, 50, 53, 61, 68, 70] - 5307, [1, 3, 9, 21, 22, 33, 39, 42, 52, 53, 61, 63, 70] - 5334, [1, 3, 23, 33, 39, 44, 55, 56, 61, 68, 70] - 5650, [1, 4, 11, 20, 39, 44, 50, 53, 60, 61, 68, 70] - 5732, [1, 4, 10, 11, 20, 29, 37, 42, 43, 51, 59, 64, 67, 68, 70] - 6007, [1, 2, 4, 10, 20, 37, 42, 43, 51, 59, 64, 65, 67, 68, 70] - 6175, [1, 4, 10, 20, 29, 38, 43, 52, 59, 64, 66, 67, 68, 70] - 6322, [1, 3, 13, 21, 23, 33, 46, 47, 56, 60, 65, 66, 67, 68, 70] - 6976]
melhor indiv??duo da gera????o:[1, 3, 9, 11, 21, 31, 41, 44, 54, 56, 63, 70] - 4161
gera????o: 9: 
[[1, 2, 3, 13, 22, 33, 41, 45, 57, 70] - 3911, [1, 3, 9, 11, 21, 31, 41, 44, 54, 56, 63, 70] - 4161, [1, 3, 13, 31, 40, 41, 45, 47, 49, 55, 57, 70] - 4325, [1, 4, 11, 20, 31, 33, 49, 55, 57, 70] - 4469, [1, 3, 5, 6, 12, 22, 25, 26, 31, 40, 44, 54, 56, 63, 70] - 4524, [1, 2, 3, 9, 11, 21, 31, 40, 44, 45, 47, 56, 63, 70] - 4624, [1, 2, 3, 9, 13, 31, 40, 41, 47, 56, 57, 70] - 4811, [1, 2, 3, 9, 13, 21, 31, 40, 41, 47, 56, 57, 70] - 4930, [1, 4, 10, 11, 21, 31, 33, 34, 41, 44, 54, 56, 57, 70] - 5057, [1, 4, 11, 21, 22, 23, 33, 40, 41, 46, 49, 55, 57, 70] - 5126, [1, 4, 10, 11, 20, 31, 32, 40, 44, 50, 53, 54, 56, 57, 70] - 5166, [1, 4, 11, 20, 32, 37, 39, 50, 53, 61, 68, 70] - 5307, [1, 4, 11, 21, 23, 31, 32, 40, 44, 53, 60, 65, 68, 70] - 5458, [1, 3, 23, 33, 39, 44, 55, 56, 61, 68, 70] - 5650, [1, 2, 4, 10, 11, 20, 37, 42, 51, 59, 64, 67, 68, 70] - 5869, [1, 3, 23, 25, 26, 33, 40, 41, 44, 50, 53, 60, 64, 67, 69, 70] - 6097, [1, 3, 5, 12, 22, 25, 33, 39, 42, 43, 51, 59, 66, 67, 69, 70] - 6159, [1, 4, 10, 20, 29, 38, 43, 52, 59, 64, 66, 67, 68, 70] - 6322, [1, 4, 11, 21, 31, 32, 37, 38, 43, 52, 60, 61, 65, 67, 69, 70] - 6607, [1, 4, 11, 21, 31, 32, 40, 41, 47, 56, 60, 65, 66, 67, 69, 70] - 6957]
melhor indiv??duo da gera????o:[1, 2, 3, 13, 22, 33, 41, 45, 57, 70] - 3911
gera????o: 10: 
[[1, 2, 3, 13, 22, 33, 41, 45, 57, 70] - 3911, [1, 3, 23, 31, 33, 46, 49, 58, 62, 70] - 4165, [1, 4, 10, 20, 29, 37, 39, 53, 54, 56, 63, 70] - 4373, [1, 3, 5, 12, 22, 33, 34, 35, 46, 49, 55, 57, 70] - 4510, [1, 2, 3, 9, 11, 21, 31, 40, 44, 45, 47, 56, 63, 70] - 4624, [1, 2, 3, 9, 13, 21, 23, 25, 33, 46, 47, 49, 58, 62, 70] - 4773, [1, 2, 3, 5, 12, 13, 40, 41, 44, 54, 61, 65, 68, 70] - 4908, [1, 2, 3, 9, 13, 21, 31, 40, 41, 47, 56, 57, 70] - 4930, [1, 4, 10, 11, 21, 31, 33, 34, 41, 44, 54, 56, 57, 70] - 5057, [1, 4, 10, 11, 20, 31, 32, 40, 44, 50, 53, 54, 56, 57, 70] - 5166, [1, 2, 4, 11, 21, 23, 25, 26, 31, 40, 44, 54, 56, 57, 70] - 5194, [1, 4, 11, 20, 32, 37, 39, 50, 53, 61, 68, 70] - 5307, [1, 4, 10, 20, 37, 38, 43, 51, 59, 64, 66, 67, 69, 70] - 5502, [1, 2, 4, 10, 11, 20, 37, 42, 51, 59, 64, 67, 68, 70] - 5869, [1, 3, 23, 25, 26, 33, 40, 41, 44, 50, 53, 60, 64, 67, 69, 70] - 6097, [1, 4, 11, 20, 37, 38, 43, 52, 59, 64, 67, 69, 70] - 6180, [1, 4, 10, 20, 29, 38, 43, 52, 59, 64, 66, 67, 68, 70] - 6322, [1, 2, 3, 5, 6, 12, 22, 25, 33, 34, 41, 44, 56, 60, 64, 67, 69, 70] - 6422, [1, 4, 11, 21, 31, 32, 37, 38, 43, 52, 60, 61, 65, 67, 69, 70] - 6607, [1, 2, 4, 10, 11, 20, 32, 37, 38, 43, 52, 53, 61, 65, 67, 68, 70] - 7003]
melhor indiv??duo da gera????o:[1, 2, 3, 13, 22, 33, 41, 45, 57, 70] - 3911
melhor valor ?? da gera????o 2!!!!
______________________________________________________________________________________________________________________________
