gera????o: 1: 
[[1, 3, 12, 13, 22, 24, 27, 35, 46, 49, 55, 56, 61, 63, 70] - 5658, [1, 2, 4, 10, 11, 20, 29, 38, 43, 51, 59, 64, 65, 67, 69, 70] - 6391, [1, 4, 10, 11, 21, 31, 33, 40, 41, 46, 49, 55, 56, 61, 63, 70] - 5654, [1, 4, 10, 11, 20, 29, 37, 38, 43, 51, 59, 60, 61, 65, 66, 67, 69, 70] - 6811, [1, 2, 9, 13, 22, 25, 33, 49, 55, 58, 62, 70] - 3782, [1, 2, 3, 5, 6, 14, 22, 25, 33, 39, 53, 60, 61, 63, 70] - 5283, [1, 3, 23, 33, 49, 58, 62, 70] - 3457, [1, 3, 13, 14, 26, 28, 35, 36, 49, 55, 57, 70] - 4656, [1, 3, 5, 12, 13, 21, 22, 33, 49, 58, 62, 70] - 3865, [1, 3, 12, 14, 26, 31, 40, 44, 55, 56, 63, 70] - 5077, [1, 4, 11, 21, 23, 25, 26, 33, 49, 58, 62, 70] - 4208, [1, 3, 12, 22, 33, 47, 56, 57, 70] - 4116, [1, 2, 3, 13, 22, 33, 49, 55, 58, 62, 70] - 3966, [1, 3, 13, 22, 25, 33, 34, 41, 45, 56, 60, 61, 63, 70] - 5634, [1, 3, 12, 22, 24, 26, 33, 41, 45, 57, 70] - 4513, [1, 2, 4, 10, 20, 39, 50, 53, 61, 68, 70] - 4671, [1, 4, 10, 11, 21, 31, 32, 37, 39, 53, 60, 61, 68, 70] - 5358, [1, 2, 4, 11, 20, 37, 42, 52, 53, 61, 68, 70] - 5075, [1, 3, 12, 22, 24, 36, 49, 58, 62, 70] - 4501, [1, 2, 4, 10, 20, 37, 38, 43, 51, 59, 66, 67, 69, 70] - 5493]
melhor indiv??duo da gera????o:[1, 3, 23, 33, 49, 58, 62, 70] - 3457
gera????o: 2: 
[[1, 2, 4, 10, 11, 20, 29, 38, 43, 51, 59, 64, 65, 67, 69, 70] - 6391, [1, 4, 10, 11, 20, 29, 37, 38, 43, 51, 59, 60, 61, 65, 66, 67, 69, 70] - 6811, [1, 2, 3, 5, 6, 14, 22, 25, 33, 39, 53, 60, 61, 63, 70] - 5283, [1, 3, 13, 14, 26, 28, 35, 36, 49, 55, 57, 70] - 4656, [1, 3, 12, 14, 26, 31, 40, 44, 55, 56, 63, 70] - 5077, [1, 3, 12, 22, 33, 47, 56, 57, 70] - 4116, [1, 3, 13, 22, 25, 33, 34, 41, 45, 56, 60, 61, 63, 70] - 5634, [1, 2, 4, 10, 20, 39, 50, 53, 61, 68, 70] - 4671, [1, 2, 4, 11, 20, 37, 42, 52, 53, 61, 68, 70] - 5075, [1, 2, 4, 10, 20, 37, 38, 43, 51, 59, 66, 67, 69, 70] - 5493, [1, 4, 11, 21, 23, 25, 26, 33, 49, 58, 62, 70] - 4208, [1, 3, 12, 14, 26, 31, 40, 44, 55, 56, 63, 70] - 5077, [1, 2, 9, 13, 22, 25, 33, 49, 55, 58, 62, 70] - 3782, [1, 2, 3, 5, 6, 14, 22, 25, 33, 39, 53, 60, 61, 63, 70] - 5283, [1, 2, 3, 5, 6, 14, 22, 25, 33, 39, 53, 60, 61, 63, 70] - 5283, [1, 4, 10, 11, 21, 31, 32, 37, 39, 53, 60, 61, 68, 70] - 5358, [1, 3, 12, 14, 26, 31, 40, 44, 55, 56, 63, 70] - 5077, [1, 2, 3, 13, 22, 33, 49, 55, 58, 62, 70] - 3966]
melhor indiv??duo da gera????o:[1, 2, 9, 13, 22, 25, 33, 49, 55, 58, 62, 70] - 3782
gera????o: 3: 
[[1, 4, 10, 11, 20, 29, 37, 38, 43, 51, 59, 60, 61, 65, 66, 67, 69, 70] - 6811, [1, 3, 13, 14, 26, 28, 35, 36, 49, 55, 57, 70] - 4656, [1, 3, 12, 22, 33, 47, 56, 57, 70] - 4116, [1, 2, 4, 10, 20, 39, 50, 53, 61, 68, 70] - 4671, [1, 2, 4, 10, 20, 37, 38, 43, 51, 59, 66, 67, 69, 70] - 5493, [1, 3, 12, 14, 26, 31, 40, 44, 55, 56, 63, 70] - 5077, [1, 2, 3, 5, 6, 14, 22, 25, 33, 39, 53, 60, 61, 63, 70] - 5283, [1, 4, 10, 11, 21, 31, 32, 37, 39, 53, 60, 61, 68, 70] - 5358, [1, 2, 3, 13, 22, 33, 49, 55, 58, 62, 70] - 3966, [1, 3, 12, 14, 26, 31, 40, 44, 55, 56, 63, 70] - 5077, [1, 2, 4, 10, 20, 39, 50, 53, 61, 68, 70] - 4671, [1, 4, 11, 21, 23, 25, 26, 33, 49, 58, 62, 70] - 4208, [1, 2, 3, 5, 6, 14, 22, 25, 33, 39, 53, 60, 61, 63, 70] - 5283, [1, 2, 9, 13, 22, 25, 33, 49, 55, 58, 62, 70] - 3782, [1, 3, 12, 14, 26, 31, 40, 44, 55, 56, 63, 70] - 5077, [1, 3, 12, 22, 33, 47, 56, 57, 70] - 4116]
melhor indiv??duo da gera????o:[1, 2, 9, 13, 22, 25, 33, 49, 55, 58, 62, 70] - 3782
gera????o: 4: 
[[1, 3, 13, 14, 26, 28, 35, 36, 49, 55, 57, 70] - 4656, [1, 2, 4, 10, 20, 39, 50, 53, 61, 68, 70] - 4671, [1, 3, 12, 14, 26, 31, 40, 44, 55, 56, 63, 70] - 5077, [1, 4, 10, 11, 21, 31, 32, 37, 39, 53, 60, 61, 68, 70] - 5358, [1, 3, 12, 14, 26, 31, 40, 44, 55, 56, 63, 70] - 5077, [1, 4, 11, 21, 23, 25, 26, 33, 49, 58, 62, 70] - 4208, [1, 2, 9, 13, 22, 25, 33, 49, 55, 58, 62, 70] - 3782, [1, 3, 12, 22, 33, 47, 56, 57, 70] - 4116, [1, 4, 11, 21, 23, 25, 26, 33, 49, 58, 62, 70] - 4208, [1, 2, 3, 13, 22, 33, 49, 55, 58, 62, 70] - 3966, [1, 2, 4, 10, 20, 39, 50, 53, 61, 68, 70] - 4671, [1, 4, 10, 11, 21, 31, 32, 37, 39, 53, 60, 61, 68, 70] - 5358, [1, 4, 11, 21, 23, 25, 26, 33, 49, 58, 62, 70] - 4208, [1, 2, 4, 10, 20, 39, 50, 53, 61, 68, 70] - 4671]
melhor indiv??duo da gera????o:[1, 2, 9, 13, 22, 25, 33, 49, 55, 58, 62, 70] - 3782
gera????o: 5: 
[[1, 2, 4, 10, 20, 39, 50, 53, 61, 68, 70] - 4671, [1, 4, 10, 11, 21, 31, 32, 37, 39, 53, 60, 61, 68, 70] - 5358, [1, 4, 11, 21, 23, 25, 26, 33, 49, 58, 62, 70] - 4208, [1, 3, 12, 22, 33, 47, 56, 57, 70] - 4116, [1, 2, 3, 13, 22, 33, 49, 55, 58, 62, 70] - 3966, [1, 4, 10, 11, 21, 31, 32, 37, 39, 53, 60, 61, 68, 70] - 5358, [1, 2, 4, 10, 20, 39, 50, 53, 61, 68, 70] - 4671, [1, 4, 11, 21, 23, 25, 26, 33, 49, 58, 62, 70] - 4208, [1, 4, 11, 21, 23, 25, 26, 33, 49, 58, 62, 70] - 4208, [1, 4, 11, 21, 23, 25, 26, 33, 49, 58, 62, 70] - 4208, [1, 2, 4, 10, 20, 39, 50, 53, 61, 68, 70] - 4671, [1, 4, 11, 21, 23, 25, 26, 33, 49, 58, 62, 70] - 4208]
melhor indiv??duo da gera????o:[1, 2, 3, 13, 22, 33, 49, 55, 58, 62, 70] - 3966
______________________________________________________________________________________________________________________________
