gera????o: 1: 
[[1, 3, 23, 33, 40, 41, 45, 56, 61, 63, 70] - 4278, [1, 3, 13, 14, 24, 28, 35, 46, 49, 58, 62, 70] - 4650, [1, 3, 13, 21, 31, 32, 39, 44, 54, 61, 68, 70] - 4646, [1, 4, 10, 11, 21, 22, 25, 26, 28, 36, 48, 58, 62, 70] - 4631, [1, 4, 11, 20, 32, 40, 41, 47, 56, 60, 65, 68, 70] - 6348, [1, 3, 9, 13, 22, 25, 26, 34, 35, 49, 58, 62, 70] - 4184, [1, 2, 3, 23, 31, 41, 46, 47, 55, 58, 62, 70] - 4684, [1, 2, 3, 9, 21, 22, 25, 26, 34, 41, 47, 49, 58, 62, 70] - 4954, [1, 4, 10, 20, 31, 40, 44, 45, 56, 57, 70] - 4559, [1, 2, 3, 13, 21, 31, 40, 44, 53, 61, 68, 70] - 4877, [1, 2, 3, 23, 31, 41, 46, 47, 56, 57, 70] - 5175, [1, 3, 5, 6, 17, 24, 34, 35, 46, 47, 56, 60, 64, 66, 67, 69, 70] - 6542, [1, 3, 23, 33, 47, 56, 61, 63, 70] - 4035, [1, 3, 9, 11, 20, 39, 44, 55, 58, 62, 70] - 4738, [1, 4, 11, 21, 23, 33, 39, 40, 41, 44, 56, 63, 70] - 5043, [1, 3, 23, 33, 49, 55, 56, 61, 63, 70] - 4212, [1, 2, 9, 13, 40, 41, 45, 47, 56, 63, 70] - 4270, [1, 4, 10, 11, 20, 31, 40, 44, 45, 57, 70] - 4490, [1, 4, 11, 21, 31, 40, 41, 46, 49, 55, 56, 60, 61, 63, 70] - 6303, [1, 2, 4, 10, 20, 32, 40, 41, 46, 47, 56, 57, 70] - 5367]
melhor indiv??duo da gera????o:[1, 3, 23, 33, 47, 56, 61, 63, 70] - 4035
gera????o: 2: 
[[1, 3, 23, 33, 40, 41, 45, 56, 61, 63, 70] - 4278, [1, 3, 13, 14, 24, 28, 35, 46, 49, 58, 62, 70] - 4650, [1, 3, 13, 21, 31, 32, 39, 44, 54, 61, 68, 70] - 4646, [1, 4, 10, 11, 21, 22, 25, 26, 28, 36, 48, 58, 62, 70] - 4631, [1, 3, 9, 13, 22, 25, 26, 34, 35, 49, 58, 62, 70] - 4184, [1, 2, 3, 23, 31, 41, 46, 47, 55, 58, 62, 70] - 4684, [1, 4, 10, 20, 31, 40, 44, 45, 56, 57, 70] - 4559, [1, 2, 3, 23, 31, 41, 46, 47, 56, 57, 70] - 5175, [1, 3, 23, 33, 47, 56, 61, 63, 70] - 4035, [1, 4, 11, 21, 23, 33, 39, 40, 41, 44, 56, 63, 70] - 5043, [1, 3, 23, 33, 49, 55, 56, 61, 63, 70] - 4212, [1, 2, 9, 13, 40, 41, 45, 47, 56, 63, 70] - 4270, [1, 4, 10, 11, 20, 31, 40, 44, 45, 57, 70] - 4490, [1, 2, 4, 10, 20, 32, 40, 41, 46, 47, 56, 57, 70] - 5367, [1, 3, 5, 12, 14, 17, 24, 28, 35, 46, 47, 49, 58, 62, 70] - 4689, [1, 4, 10, 11, 21, 31, 40, 44, 56, 57, 70] - 4095, [1, 2, 3, 5, 6, 14, 25, 26, 33, 49, 58, 62, 70] - 3980, [1, 3, 23, 33, 47, 56, 61, 65, 67, 69, 70] - 5319, [1, 2, 9, 11, 20, 39, 42, 50, 53, 61, 65, 68, 70] - 5445, [1, 3, 23, 33, 47, 56, 63, 70] - 3824, [1, 2, 4, 11, 21, 23, 31, 41, 45, 57, 70] - 4261, [1, 3, 12, 22, 23, 31, 32, 40, 41, 47, 49, 55, 57, 70] - 4584, [1, 2, 4, 11, 21, 23, 31, 33, 47, 56, 60, 64, 65, 68, 70] - 6143, [1, 4, 10, 20, 30, 31, 40, 44, 55, 58, 62, 70] - 4532]
melhor indiv??duo da gera????o:[1, 3, 23, 33, 47, 56, 63, 70] - 3824
gera????o: 3: 
[[1, 3, 23, 33, 40, 41, 45, 56, 61, 63, 70] - 4278, [1, 3, 13, 21, 31, 32, 39, 44, 54, 61, 68, 70] - 4646, [1, 3, 9, 13, 22, 25, 26, 34, 35, 49, 58, 62, 70] - 4184, [1, 4, 10, 20, 31, 40, 44, 45, 56, 57, 70] - 4559, [1, 3, 23, 33, 47, 56, 61, 63, 70] - 4035, [1, 3, 23, 33, 49, 55, 56, 61, 63, 70] - 4212, [1, 2, 9, 13, 40, 41, 45, 47, 56, 63, 70] - 4270, [1, 4, 10, 11, 20, 31, 40, 44, 45, 57, 70] - 4490, [1, 3, 5, 12, 14, 17, 24, 28, 35, 46, 47, 49, 58, 62, 70] - 4689, [1, 4, 10, 11, 21, 31, 40, 44, 56, 57, 70] - 4095, [1, 2, 3, 5, 6, 14, 25, 26, 33, 49, 58, 62, 70] - 3980, [1, 2, 9, 11, 20, 39, 42, 50, 53, 61, 65, 68, 70] - 5445, [1, 3, 23, 33, 47, 56, 63, 70] - 3824, [1, 2, 4, 11, 21, 23, 31, 41, 45, 57, 70] - 4261, [1, 2, 4, 11, 21, 23, 31, 33, 47, 56, 60, 64, 65, 68, 70] - 6143, [1, 4, 10, 20, 30, 31, 40, 44, 55, 58, 62, 70] - 4532, [1, 3, 23, 33, 47, 49, 58, 62, 70] - 3717, [1, 4, 10, 11, 21, 31, 32, 40, 41, 44, 50, 53, 54, 61, 65, 66, 67, 68, 70] - 6451, [1, 3, 13, 21, 22, 23, 31, 33, 46, 47, 49, 58, 62, 70] - 4813, [1, 3, 12, 14, 25, 33, 49, 55, 57, 70] - 3722]
melhor indiv??duo da gera????o:[1, 3, 23, 33, 47, 49, 58, 62, 70] - 3717
gera????o: 4: 
[[1, 3, 23, 33, 40, 41, 45, 56, 61, 63, 70] - 4278, [1, 3, 13, 21, 31, 32, 39, 44, 54, 61, 68, 70] - 4646, [1, 3, 9, 13, 22, 25, 26, 34, 35, 49, 58, 62, 70] - 4184, [1, 4, 10, 20, 31, 40, 44, 45, 56, 57, 70] - 4559, [1, 3, 23, 33, 47, 56, 61, 63, 70] - 4035, [1, 3, 23, 33, 49, 55, 56, 61, 63, 70] - 4212, [1, 2, 9, 13, 40, 41, 45, 47, 56, 63, 70] - 4270, [1, 4, 10, 11, 20, 31, 40, 44, 45, 57, 70] - 4490, [1, 4, 10, 11, 21, 31, 40, 44, 56, 57, 70] - 4095, [1, 2, 3, 5, 6, 14, 25, 26, 33, 49, 58, 62, 70] - 3980, [1, 3, 23, 33, 47, 56, 63, 70] - 3824, [1, 2, 4, 11, 21, 23, 31, 41, 45, 57, 70] - 4261, [1, 4, 10, 20, 30, 31, 40, 44, 55, 58, 62, 70] - 4532, [1, 3, 23, 33, 47, 49, 58, 62, 70] - 3717, [1, 3, 13, 21, 22, 23, 31, 33, 46, 47, 49, 58, 62, 70] - 4813, [1, 3, 12, 14, 25, 33, 49, 55, 57, 70] - 3722, [1, 3, 5, 12, 22, 23, 25, 33, 46, 47, 56, 61, 65, 68, 70] - 5363, [1, 3, 9, 13, 22, 25, 33, 40, 44, 50, 53, 60, 64, 65, 66, 67, 69, 70] - 6470, [1, 3, 5, 6, 7, 15, 16, 18, 24, 34, 46, 47, 49, 55, 57, 70] - 4857, [1, 3, 23, 31, 33, 49, 55, 58, 62, 70] - 3964, [1, 3, 12, 22, 24, 34, 41, 46, 47, 56, 61, 63, 70] - 5744, [1, 3, 23, 25, 26, 34, 46, 47, 49, 58, 62, 70] - 4171, [1, 2, 4, 11, 20, 32, 37, 38, 43, 52, 59, 60, 61, 63, 70] - 6109, [1, 4, 11, 20, 21, 23, 31, 41, 47, 56, 60, 64, 65, 67, 68, 70] - 7869]
melhor indiv??duo da gera????o:[1, 3, 23, 33, 47, 49, 58, 62, 70] - 3717
gera????o: 5: 
[[1, 3, 23, 33, 40, 41, 45, 56, 61, 63, 70] - 4278, [1, 3, 9, 13, 22, 25, 26, 34, 35, 49, 58, 62, 70] - 4184, [1, 3, 23, 33, 47, 56, 61, 63, 70] - 4035, [1, 3, 23, 33, 49, 55, 56, 61, 63, 70] - 4212, [1, 2, 9, 13, 40, 41, 45, 47, 56, 63, 70] - 4270, [1, 4, 10, 11, 20, 31, 40, 44, 45, 57, 70] - 4490, [1, 4, 10, 11, 21, 31, 40, 44, 56, 57, 70] - 4095, [1, 2, 3, 5, 6, 14, 25, 26, 33, 49, 58, 62, 70] - 3980, [1, 3, 23, 33, 47, 56, 63, 70] - 3824, [1, 2, 4, 11, 21, 23, 31, 41, 45, 57, 70] - 4261, [1, 3, 23, 33, 47, 49, 58, 62, 70] - 3717, [1, 3, 12, 14, 25, 33, 49, 55, 57, 70] - 3722, [1, 3, 9, 13, 22, 25, 33, 40, 44, 50, 53, 60, 64, 65, 66, 67, 69, 70] - 6470, [1, 3, 23, 31, 33, 49, 55, 58, 62, 70] - 3964, [1, 3, 23, 25, 26, 34, 46, 47, 49, 58, 62, 70] - 4171, [1, 4, 11, 20, 21, 23, 31, 41, 47, 56, 60, 64, 65, 67, 68, 70] - 7869, [1, 4, 11, 20, 30, 32, 40, 41, 47, 55, 58, 62, 70] - 4787, [1, 2, 9, 21, 22, 24, 26, 28, 35, 46, 47, 49, 58, 62, 70] - 5203, [1, 2, 9, 21, 31, 40, 41, 44, 54, 56, 57, 70] - 4262, [1, 4, 11, 21, 23, 31, 40, 44, 50, 53, 54, 56, 63, 70] - 4579]
melhor indiv??duo da gera????o:[1, 3, 23, 33, 47, 49, 58, 62, 70] - 3717
gera????o: 6: 
[[1, 3, 23, 33, 40, 41, 45, 56, 61, 63, 70] - 4278, [1, 3, 9, 13, 22, 25, 26, 34, 35, 49, 58, 62, 70] - 4184, [1, 3, 23, 33, 47, 56, 61, 63, 70] - 4035, [1, 3, 23, 33, 49, 55, 56, 61, 63, 70] - 4212, [1, 2, 9, 13, 40, 41, 45, 47, 56, 63, 70] - 4270, [1, 4, 10, 11, 20, 31, 40, 44, 45, 57, 70] - 4490, [1, 4, 10, 11, 21, 31, 40, 44, 56, 57, 70] - 4095, [1, 2, 3, 5, 6, 14, 25, 26, 33, 49, 58, 62, 70] - 3980, [1, 3, 23, 33, 47, 56, 63, 70] - 3824, [1, 2, 4, 11, 21, 23, 31, 41, 45, 57, 70] - 4261, [1, 3, 23, 33, 47, 49, 58, 62, 70] - 3717, [1, 3, 12, 14, 25, 33, 49, 55, 57, 70] - 3722, [1, 3, 23, 31, 33, 49, 55, 58, 62, 70] - 3964, [1, 3, 23, 25, 26, 34, 46, 47, 49, 58, 62, 70] - 4171, [1, 4, 11, 20, 30, 32, 40, 41, 47, 55, 58, 62, 70] - 4787, [1, 2, 9, 21, 31, 40, 41, 44, 54, 56, 57, 70] - 4262, [1, 4, 11, 21, 31, 40, 44, 55, 58, 62, 70] - 4289, [1, 3, 9, 21, 23, 33, 41, 47, 55, 56, 61, 63, 70] - 4676, [1, 2, 9, 11, 21, 22, 24, 34, 46, 49, 55, 58, 62, 70] - 4712, [1, 3, 5, 12, 13, 21, 31, 32, 39, 42, 52, 53, 61, 68, 70] - 5149, [1, 3, 9, 13, 22, 24, 34, 41, 45, 56, 60, 64, 66, 67, 68, 70] - 6868, [1, 4, 11, 20, 32, 40, 44, 50, 53, 60, 61, 63, 70] - 5270, [1, 2, 3, 5, 12, 13, 40, 41, 45, 47, 49, 55, 56, 63, 70] - 4941, [1, 4, 11, 20, 21, 22, 24, 26, 28, 36, 48, 58, 62, 70] - 5952]
melhor indiv??duo da gera????o:[1, 3, 23, 33, 47, 49, 58, 62, 70] - 3717
gera????o: 7: 
[[1, 3, 23, 33, 40, 41, 45, 56, 61, 63, 70] - 4278, [1, 3, 9, 13, 22, 25, 26, 34, 35, 49, 58, 62, 70] - 4184, [1, 3, 23, 33, 47, 56, 61, 63, 70] - 4035, [1, 3, 23, 33, 49, 55, 56, 61, 63, 70] - 4212, [1, 2, 9, 13, 40, 41, 45, 47, 56, 63, 70] - 4270, [1, 4, 10, 11, 21, 31, 40, 44, 56, 57, 70] - 4095, [1, 2, 3, 5, 6, 14, 25, 26, 33, 49, 58, 62, 70] - 3980, [1, 3, 23, 33, 47, 56, 63, 70] - 3824, [1, 2, 4, 11, 21, 23, 31, 41, 45, 57, 70] - 4261, [1, 3, 23, 33, 47, 49, 58, 62, 70] - 3717, [1, 3, 12, 14, 25, 33, 49, 55, 57, 70] - 3722, [1, 3, 23, 31, 33, 49, 55, 58, 62, 70] - 3964, [1, 3, 23, 25, 26, 34, 46, 47, 49, 58, 62, 70] - 4171, [1, 2, 9, 21, 31, 40, 41, 44, 54, 56, 57, 70] - 4262, [1, 3, 9, 21, 23, 33, 41, 47, 55, 56, 61, 63, 70] - 4676, [1, 3, 5, 12, 13, 21, 31, 32, 39, 42, 52, 53, 61, 68, 70] - 5149, [1, 4, 11, 20, 32, 40, 44, 50, 53, 60, 61, 63, 70] - 5270, [1, 4, 11, 20, 21, 22, 24, 26, 28, 36, 48, 58, 62, 70] - 5952, [1, 3, 9, 21, 22, 24, 36, 48, 58, 62, 70] - 4837, [1, 4, 10, 11, 21, 31, 33, 46, 49, 58, 62, 70] - 4208, [1, 2, 9, 13, 14, 22, 25, 33, 49, 58, 62, 70] - 3831, [1, 3, 9, 13, 21, 31, 32, 39, 44, 53, 60, 61, 65, 68, 70] - 5953]
melhor indiv??duo da gera????o:[1, 3, 23, 33, 47, 49, 58, 62, 70] - 3717
gera????o: 8: 
[[1, 3, 9, 13, 22, 25, 26, 34, 35, 49, 58, 62, 70] - 4184, [1, 3, 23, 33, 47, 56, 61, 63, 70] - 4035, [1, 3, 23, 33, 49, 55, 56, 61, 63, 70] - 4212, [1, 4, 10, 11, 21, 31, 40, 44, 56, 57, 70] - 4095, [1, 2, 3, 5, 6, 14, 25, 26, 33, 49, 58, 62, 70] - 3980, [1, 3, 23, 33, 47, 56, 63, 70] - 3824, [1, 3, 23, 33, 47, 49, 58, 62, 70] - 3717, [1, 3, 12, 14, 25, 33, 49, 55, 57, 70] - 3722, [1, 3, 23, 31, 33, 49, 55, 58, 62, 70] - 3964, [1, 3, 23, 25, 26, 34, 46, 47, 49, 58, 62, 70] - 4171, [1, 3, 9, 21, 23, 33, 41, 47, 55, 56, 61, 63, 70] - 4676, [1, 4, 11, 20, 32, 40, 44, 50, 53, 60, 61, 63, 70] - 5270, [1, 3, 9, 21, 22, 24, 36, 48, 58, 62, 70] - 4837, [1, 4, 10, 11, 21, 31, 33, 46, 49, 58, 62, 70] - 4208, [1, 2, 9, 13, 14, 22, 25, 33, 49, 58, 62, 70] - 3831, [1, 4, 11, 20, 32, 40, 44, 56, 63, 70] - 4350, [1, 3, 12, 22, 25, 33, 47, 55, 58, 62, 70] - 3646, [1, 2, 9, 11, 21, 31, 32, 37, 39, 42, 43, 51, 59, 66, 67, 69, 70] - 5946, [1, 2, 3, 9, 13, 21, 31, 33, 46, 47, 49, 58, 62, 70] - 4683]
melhor indiv??duo da gera????o:[1, 3, 12, 22, 25, 33, 47, 55, 58, 62, 70] - 3646
gera????o: 9: 
[[1, 3, 9, 13, 22, 25, 26, 34, 35, 49, 58, 62, 70] - 4184, [1, 3, 23, 33, 47, 56, 61, 63, 70] - 4035, [1, 4, 10, 11, 21, 31, 40, 44, 56, 57, 70] - 4095, [1, 2, 3, 5, 6, 14, 25, 26, 33, 49, 58, 62, 70] - 3980, [1, 3, 23, 33, 47, 56, 63, 70] - 3824, [1, 3, 23, 33, 47, 49, 58, 62, 70] - 3717, [1, 3, 12, 14, 25, 33, 49, 55, 57, 70] - 3722, [1, 3, 23, 31, 33, 49, 55, 58, 62, 70] - 3964, [1, 3, 23, 25, 26, 34, 46, 47, 49, 58, 62, 70] - 4171, [1, 4, 11, 20, 32, 40, 44, 50, 53, 60, 61, 63, 70] - 5270, [1, 4, 10, 11, 21, 31, 33, 46, 49, 58, 62, 70] - 4208, [1, 2, 9, 13, 14, 22, 25, 33, 49, 58, 62, 70] - 3831, [1, 3, 12, 22, 25, 33, 47, 55, 58, 62, 70] - 3646, [1, 2, 3, 9, 13, 21, 31, 33, 46, 47, 49, 58, 62, 70] - 4683, [1, 2, 9, 13, 22, 23, 33, 49, 55, 58, 62, 70] - 3770, [1, 3, 12, 22, 33, 49, 55, 57, 70] - 3595, [1, 2, 3, 5, 12, 13, 22, 23, 33, 47, 49, 55, 57, 70] - 4122, [1, 3, 13, 21, 23, 33, 40, 44, 50, 53, 61, 65, 66, 67, 69, 70] - 6208, [1, 4, 10, 20, 37, 38, 43, 52, 53, 54, 61, 63, 70] - 4761, [1, 2, 9, 13, 31, 41, 47, 49, 58, 62, 70] - 4144, [1, 2, 9, 13, 31, 33, 40, 41, 45, 57, 70] - 4124, [1, 4, 10, 20, 37, 42, 50, 53, 60, 65, 67, 68, 70] - 5821, [1, 2, 3, 12, 13, 22, 33, 49, 55, 58, 62, 70] - 3969]
melhor indiv??duo da gera????o:[1, 3, 12, 22, 33, 49, 55, 57, 70] - 3595
gera????o: 10: 
[[1, 3, 23, 33, 47, 56, 61, 63, 70] - 4035, [1, 4, 10, 11, 21, 31, 40, 44, 56, 57, 70] - 4095, [1, 2, 3, 5, 6, 14, 25, 26, 33, 49, 58, 62, 70] - 3980, [1, 3, 23, 33, 47, 56, 63, 70] - 3824, [1, 3, 23, 33, 47, 49, 58, 62, 70] - 3717, [1, 3, 12, 14, 25, 33, 49, 55, 57, 70] - 3722, [1, 3, 23, 31, 33, 49, 55, 58, 62, 70] - 3964, [1, 4, 11, 20, 32, 40, 44, 50, 53, 60, 61, 63, 70] - 5270, [1, 2, 9, 13, 14, 22, 25, 33, 49, 58, 62, 70] - 3831, [1, 3, 12, 22, 25, 33, 47, 55, 58, 62, 70] - 3646, [1, 2, 9, 13, 22, 23, 33, 49, 55, 58, 62, 70] - 3770, [1, 3, 12, 22, 33, 49, 55, 57, 70] - 3595, [1, 3, 13, 21, 23, 33, 40, 44, 50, 53, 61, 65, 66, 67, 69, 70] - 6208, [1, 2, 9, 13, 31, 41, 47, 49, 58, 62, 70] - 4144, [1, 4, 10, 20, 37, 42, 50, 53, 60, 65, 67, 68, 70] - 5821, [1, 2, 3, 12, 13, 22, 33, 49, 55, 58, 62, 70] - 3969, [1, 2, 3, 5, 6, 12, 22, 23, 31, 33, 49, 55, 57, 70] - 4080, [1, 3, 23, 31, 41, 45, 57, 70] - 3854, [1, 4, 10, 11, 20, 29, 38, 43, 52, 53, 54, 56, 63, 70] - 5140, [1, 2, 4, 10, 11, 20, 30, 32, 40, 44, 53, 60, 64, 66, 67, 68, 70] - 6276]
melhor indiv??duo da gera????o:[1, 3, 12, 22, 33, 49, 55, 57, 70] - 3595
melhor valor ?? da gera????o 9!!!!
______________________________________________________________________________________________________________________________
