gera????o: 1: 
[[1, 2, 4, 11, 20, 29, 37, 38, 43, 52, 60, 64, 65, 68, 70] - 5948, [1, 4, 10, 11, 20, 29, 37, 38, 43, 51, 59, 66, 67, 69, 70] - 5871, [1, 4, 10, 11, 20, 37, 38, 43, 51, 59, 64, 65, 67, 68, 70] - 6344, [1, 3, 5, 6, 22, 25, 26, 28, 36, 49, 55, 57, 70] - 4411, [1, 3, 12, 22, 33, 39, 44, 56, 60, 65, 67, 69, 70] - 6493, [1, 2, 3, 9, 13, 31, 40, 44, 54, 61, 63, 70] - 4032, [1, 2, 3, 5, 6, 17, 18, 24, 26, 33, 47, 55, 58, 62, 70] - 4818, [1, 4, 11, 21, 31, 41, 45, 47, 49, 58, 62, 70] - 4405, [1, 2, 9, 21, 23, 31, 41, 47, 56, 57, 70] - 4709, [1, 4, 10, 11, 21, 31, 33, 46, 47, 49, 55, 57, 70] - 4552, [1, 4, 10, 11, 21, 31, 32, 37, 38, 43, 52, 59, 60, 61, 68, 70] - 5989, [1, 3, 13, 21, 22, 25, 33, 39, 42, 43, 51, 59, 64, 65, 66, 67, 69, 70] - 7240, [1, 2, 9, 13, 31, 33, 41, 45, 57, 70] - 3760, [1, 4, 11, 20, 32, 39, 44, 45, 56, 61, 65, 67, 69, 70] - 6288, [1, 4, 11, 21, 31, 40, 44, 56, 57, 70] - 4173, [1, 2, 4, 10, 20, 39, 44, 56, 60, 64, 66, 67, 69, 70] - 6076, [1, 2, 9, 13, 40, 41, 46, 47, 56, 57, 70] - 4921, [1, 4, 11, 20, 30, 31, 40, 44, 56, 60, 61, 63, 70] - 5667, [1, 4, 11, 21, 23, 33, 40, 44, 54, 56, 60, 65, 67, 68, 70] - 6504, [1, 3, 5, 6, 17, 18, 24, 28, 34, 35, 49, 55, 57, 70] - 4776]
melhor indiv??duo da gera????o:[1, 2, 9, 13, 31, 33, 41, 45, 57, 70] - 3760
gera????o: 2: 
[[1, 4, 10, 11, 20, 29, 37, 38, 43, 51, 59, 66, 67, 69, 70] - 5871, [1, 3, 5, 6, 22, 25, 26, 28, 36, 49, 55, 57, 70] - 4411, [1, 2, 3, 9, 13, 31, 40, 44, 54, 61, 63, 70] - 4032, [1, 4, 11, 21, 31, 41, 45, 47, 49, 58, 62, 70] - 4405, [1, 4, 10, 11, 21, 31, 33, 46, 47, 49, 55, 57, 70] - 4552, [1, 3, 13, 21, 22, 25, 33, 39, 42, 43, 51, 59, 64, 65, 66, 67, 69, 70] - 7240, [1, 4, 11, 20, 32, 39, 44, 45, 56, 61, 65, 67, 69, 70] - 6288, [1, 2, 4, 10, 20, 39, 44, 56, 60, 64, 66, 67, 69, 70] - 6076, [1, 4, 11, 20, 30, 31, 40, 44, 56, 60, 61, 63, 70] - 5667, [1, 3, 5, 6, 17, 18, 24, 28, 34, 35, 49, 55, 57, 70] - 4776, [1, 2, 9, 13, 31, 33, 41, 45, 57, 70] - 3760, [1, 3, 5, 6, 22, 25, 26, 28, 36, 49, 55, 57, 70] - 4411, [1, 3, 5, 6, 17, 18, 24, 28, 34, 35, 49, 55, 57, 70] - 4776, [1, 2, 9, 13, 40, 41, 46, 47, 56, 57, 70] - 4921, [1, 4, 10, 11, 20, 29, 37, 38, 43, 51, 59, 66, 67, 69, 70] - 5871, [1, 2, 4, 10, 20, 39, 44, 56, 60, 64, 66, 67, 69, 70] - 6076, [1, 4, 11, 21, 31, 40, 44, 56, 57, 70] - 4173, [1, 3, 5, 6, 22, 25, 26, 28, 36, 49, 55, 57, 70] - 4411]
melhor indiv??duo da gera????o:[1, 2, 9, 13, 31, 33, 41, 45, 57, 70] - 3760
gera????o: 3: 
[[1, 3, 5, 6, 22, 25, 26, 28, 36, 49, 55, 57, 70] - 4411, [1, 4, 11, 21, 31, 41, 45, 47, 49, 58, 62, 70] - 4405, [1, 3, 13, 21, 22, 25, 33, 39, 42, 43, 51, 59, 64, 65, 66, 67, 69, 70] - 7240, [1, 2, 4, 10, 20, 39, 44, 56, 60, 64, 66, 67, 69, 70] - 6076, [1, 3, 5, 6, 17, 18, 24, 28, 34, 35, 49, 55, 57, 70] - 4776, [1, 3, 5, 6, 22, 25, 26, 28, 36, 49, 55, 57, 70] - 4411, [1, 2, 9, 13, 40, 41, 46, 47, 56, 57, 70] - 4921, [1, 2, 4, 10, 20, 39, 44, 56, 60, 64, 66, 67, 69, 70] - 6076, [1, 3, 5, 6, 22, 25, 26, 28, 36, 49, 55, 57, 70] - 4411, [1, 2, 9, 13, 31, 33, 41, 45, 57, 70] - 3760, [1, 4, 10, 11, 21, 31, 33, 46, 47, 49, 55, 57, 70] - 4552, [1, 3, 5, 6, 22, 25, 26, 28, 36, 49, 55, 57, 70] - 4411, [1, 2, 9, 13, 31, 33, 41, 45, 57, 70] - 3760, [1, 4, 10, 11, 20, 29, 37, 38, 43, 51, 59, 66, 67, 69, 70] - 5871, [1, 2, 9, 13, 31, 33, 41, 45, 57, 70] - 3760, [1, 2, 9, 13, 31, 33, 41, 45, 57, 70] - 3760]
melhor indiv??duo da gera????o:[1, 2, 9, 13, 31, 33, 41, 45, 57, 70] - 3760
gera????o: 4: 
[[1, 4, 11, 21, 31, 41, 45, 47, 49, 58, 62, 70] - 4405, [1, 2, 4, 10, 20, 39, 44, 56, 60, 64, 66, 67, 69, 70] - 6076, [1, 3, 5, 6, 22, 25, 26, 28, 36, 49, 55, 57, 70] - 4411, [1, 2, 4, 10, 20, 39, 44, 56, 60, 64, 66, 67, 69, 70] - 6076, [1, 2, 9, 13, 31, 33, 41, 45, 57, 70] - 3760, [1, 3, 5, 6, 22, 25, 26, 28, 36, 49, 55, 57, 70] - 4411, [1, 4, 10, 11, 20, 29, 37, 38, 43, 51, 59, 66, 67, 69, 70] - 5871, [1, 2, 9, 13, 31, 33, 41, 45, 57, 70] - 3760, [1, 3, 5, 6, 17, 18, 24, 28, 34, 35, 49, 55, 57, 70] - 4776, [1, 2, 9, 13, 31, 33, 41, 45, 57, 70] - 3760, [1, 4, 10, 11, 20, 29, 37, 38, 43, 51, 59, 66, 67, 69, 70] - 5871, [1, 3, 5, 6, 22, 25, 26, 28, 36, 49, 55, 57, 70] - 4411, [1, 2, 9, 13, 31, 33, 41, 45, 57, 70] - 3760, [1, 2, 9, 13, 31, 33, 41, 45, 57, 70] - 3760]
melhor indiv??duo da gera????o:[1, 2, 9, 13, 31, 33, 41, 45, 57, 70] - 3760
gera????o: 5: 
[[1, 2, 4, 10, 20, 39, 44, 56, 60, 64, 66, 67, 69, 70] - 6076, [1, 2, 4, 10, 20, 39, 44, 56, 60, 64, 66, 67, 69, 70] - 6076, [1, 3, 5, 6, 22, 25, 26, 28, 36, 49, 55, 57, 70] - 4411, [1, 2, 9, 13, 31, 33, 41, 45, 57, 70] - 3760, [1, 2, 9, 13, 31, 33, 41, 45, 57, 70] - 3760, [1, 3, 5, 6, 22, 25, 26, 28, 36, 49, 55, 57, 70] - 4411, [1, 2, 9, 13, 31, 33, 41, 45, 57, 70] - 3760, [1, 3, 5, 6, 22, 25, 26, 28, 36, 49, 55, 57, 70] - 4411, [1, 2, 4, 10, 20, 39, 44, 56, 60, 64, 66, 67, 69, 70] - 6076, [1, 2, 9, 13, 31, 33, 41, 45, 57, 70] - 3760, [1, 2, 9, 13, 31, 33, 41, 45, 57, 70] - 3760, [1, 2, 9, 13, 31, 33, 41, 45, 57, 70] - 3760]
melhor indiv??duo da gera????o:[1, 2, 9, 13, 31, 33, 41, 45, 57, 70] - 3760
gera????o: 6: 
[[1, 2, 4, 10, 20, 39, 44, 56, 60, 64, 66, 67, 69, 70] - 6076, [1, 2, 9, 13, 31, 33, 41, 45, 57, 70] - 3760, [1, 3, 5, 6, 22, 25, 26, 28, 36, 49, 55, 57, 70] - 4411, [1, 3, 5, 6, 22, 25, 26, 28, 36, 49, 55, 57, 70] - 4411, [1, 2, 9, 13, 31, 33, 41, 45, 57, 70] - 3760, [1, 2, 9, 13, 31, 33, 41, 45, 57, 70] - 3760, [1, 2, 9, 13, 31, 33, 41, 45, 57, 70] - 3760, [1, 2, 4, 10, 20, 39, 44, 56, 60, 64, 66, 67, 69, 70] - 6076, [1, 2, 9, 13, 31, 33, 41, 45, 57, 70] - 3760, [1, 2, 9, 13, 31, 33, 41, 45, 57, 70] - 3760]
melhor indiv??duo da gera????o:[1, 2, 9, 13, 31, 33, 41, 45, 57, 70] - 3760
gera????o: 7: 
[[1, 2, 9, 13, 31, 33, 41, 45, 57, 70] - 3760, [1, 3, 5, 6, 22, 25, 26, 28, 36, 49, 55, 57, 70] - 4411, [1, 2, 9, 13, 31, 33, 41, 45, 57, 70] - 3760, [1, 2, 4, 10, 20, 39, 44, 56, 60, 64, 66, 67, 69, 70] - 6076, [1, 2, 9, 13, 31, 33, 41, 45, 57, 70] - 3760, [1, 2, 4, 10, 20, 39, 44, 56, 60, 64, 66, 67, 69, 70] - 6076, [1, 2, 9, 13, 31, 33, 41, 45, 57, 70] - 3760, [1, 3, 5, 6, 22, 25, 26, 28, 36, 49, 55, 57, 70] - 4411, [1, 2, 9, 13, 31, 33, 41, 45, 57, 70] - 3760]
melhor indiv??duo da gera????o:[1, 2, 9, 13, 31, 33, 41, 45, 57, 70] - 3760
gera????o: 8: 
[[1, 3, 5, 6, 22, 25, 26, 28, 36, 49, 55, 57, 70] - 4411, [1, 2, 4, 10, 20, 39, 44, 56, 60, 64, 66, 67, 69, 70] - 6076, [1, 2, 4, 10, 20, 39, 44, 56, 60, 64, 66, 67, 69, 70] - 6076, [1, 3, 5, 6, 22, 25, 26, 28, 36, 49, 55, 57, 70] - 4411, [1, 2, 4, 10, 20, 39, 44, 56, 60, 64, 66, 67, 69, 70] - 6076, [1, 3, 5, 6, 22, 25, 26, 28, 36, 49, 55, 57, 70] - 4411, [1, 2, 9, 13, 31, 33, 41, 45, 57, 70] - 3760, [1, 2, 9, 13, 31, 33, 41, 45, 57, 70] - 3760]
melhor indiv??duo da gera????o:[1, 2, 9, 13, 31, 33, 41, 45, 57, 70] - 3760
gera????o: 9: 
[[1, 2, 4, 10, 20, 39, 44, 56, 60, 64, 66, 67, 69, 70] - 6076, [1, 3, 5, 6, 22, 25, 26, 28, 36, 49, 55, 57, 70] - 4411, [1, 3, 5, 6, 22, 25, 26, 28, 36, 49, 55, 57, 70] - 4411, [1, 2, 9, 13, 31, 33, 41, 45, 57, 70] - 3760, [1, 3, 5, 6, 22, 25, 26, 28, 36, 49, 55, 57, 70] - 4411, [1, 2, 9, 13, 31, 33, 41, 45, 57, 70] - 3760]
melhor indiv??duo da gera????o:[1, 2, 9, 13, 31, 33, 41, 45, 57, 70] - 3760
gera????o: 10: 
[[1, 3, 5, 6, 22, 25, 26, 28, 36, 49, 55, 57, 70] - 4411, [1, 2, 9, 13, 31, 33, 41, 45, 57, 70] - 3760, [1, 2, 9, 13, 31, 33, 41, 45, 57, 70] - 3760, [1, 2, 9, 13, 31, 33, 41, 45, 57, 70] - 3760, [1, 2, 9, 13, 31, 33, 41, 45, 57, 70] - 3760]
melhor indiv??duo da gera????o:[1, 2, 9, 13, 31, 33, 41, 45, 57, 70] - 3760
gera????o: 11: 
[[1, 2, 9, 13, 31, 33, 41, 45, 57, 70] - 3760, [1, 2, 9, 13, 31, 33, 41, 45, 57, 70] - 3760, [1, 2, 9, 13, 31, 33, 41, 45, 57, 70] - 3760, [1, 2, 9, 13, 31, 33, 41, 45, 57, 70] - 3760]
melhor indiv??duo da gera????o:[1, 2, 9, 13, 31, 33, 41, 45, 57, 70] - 3760
gera????o: 12: 
[[1, 2, 9, 13, 31, 33, 41, 45, 57, 70] - 3760, [1, 2, 9, 13, 31, 33, 41, 45, 57, 70] - 3760, [1, 2, 9, 13, 31, 33, 41, 45, 57, 70] - 3760]
melhor indiv??duo da gera????o:[1, 2, 9, 13, 31, 33, 41, 45, 57, 70] - 3760
gera????o: 13: 
[[1, 2, 9, 13, 31, 33, 41, 45, 57, 70] - 3760, [1, 2, 9, 13, 31, 33, 41, 45, 57, 70] - 3760]
melhor indiv??duo da gera????o:[1, 2, 9, 13, 31, 33, 41, 45, 57, 70] - 3760
ge