gera????o: 1: 
[[1, 3, 9, 13, 14, 26, 28, 34, 35, 46, 47, 49, 55, 58, 62, 70] - 5249, [1, 4, 10, 11, 20, 32, 39, 50, 53, 60, 61, 68, 70] - 5422, [1, 4, 11, 21, 31, 32, 39, 56, 63, 70] - 4260, [1, 3, 5, 12, 22, 24, 26, 33, 40, 44, 50, 53, 61, 63, 70] - 5304, [1, 4, 10, 11, 20, 37, 39, 56, 60, 64, 67, 68, 70] - 6208, [1, 2, 3, 5, 12, 22, 23, 31, 41, 47, 55, 56, 57, 70] - 4925, [1, 2, 3, 12, 22, 24, 36, 48, 58, 62, 70] - 4670, [1, 2, 3, 23, 31, 32, 39, 42, 43, 51, 59, 64, 66, 67, 69, 70] - 6035, [1, 2, 4, 11, 20, 37, 38, 43, 52, 53, 54, 61, 65, 67, 68, 70] - 6626, [1, 4, 11, 21, 23, 25, 33, 34, 41, 47, 55, 56, 61, 68, 70] - 5875, [1, 2, 4, 10, 20, 30, 32, 39, 56, 61, 63, 70] - 4601, [1, 2, 3, 12, 14, 25, 26, 33, 34, 35, 49, 55, 56, 63, 70] - 5261, [1, 2, 9, 11, 20, 30, 31, 41, 45, 57, 70] - 4297, [1, 4, 11, 21, 31, 40, 41, 46, 47, 49, 58, 62, 70] - 4852, [1, 3, 23, 33, 41, 47, 56, 60, 61, 63, 70] - 5341, [1, 2, 9, 11, 21, 31, 33, 49, 55, 58, 62, 70] - 3842, [1, 4, 10, 11, 20, 39, 44, 54, 61, 65, 68, 70] - 5123, [1, 4, 10, 11, 20, 29, 37, 42, 51, 59, 64, 65, 68, 70] - 5733, [1, 2, 9, 13, 31, 40, 44, 53, 61, 65, 68, 70] - 4863, [1, 2, 3, 23, 31, 41, 45, 47, 55, 56, 57, 70] - 4827]
melhor indiv??duo da gera????o:[1, 2, 9, 11, 21, 31, 33, 49, 55, 58, 62, 70] - 3842
gera????o: 2: 
[[1, 4, 10, 11, 20, 32, 39, 50, 53, 60, 61, 68, 70] - 5422, [1, 4, 11, 21, 31, 32, 39, 56, 63, 70] - 4260, [1, 4, 10, 11, 20, 37, 39, 56, 60, 64, 67, 68, 70] - 6208, [1, 2, 3, 12, 22, 24, 36, 48, 58, 62, 70] - 4670, [1, 2, 4, 11, 20, 37, 38, 43, 52, 53, 54, 61, 65, 67, 68, 70] - 6626, [1, 2, 4, 10, 20, 30, 32, 39, 56, 61, 63, 70] - 4601, [1, 2, 9, 11, 20, 30, 31, 41, 45, 57, 70] - 4297, [1, 3, 23, 33, 41, 47, 56, 60, 61, 63, 70] - 5341, [1, 2, 9, 11, 21, 31, 33, 49, 55, 58, 62, 70] - 3842, [1, 4, 10, 11, 20, 29, 37, 42, 51, 59, 64, 65, 68, 70] - 5733, [1, 2, 3, 23, 31, 41, 45, 47, 55, 56, 57, 70] - 4827, [1, 4, 10, 11, 20, 39, 44, 54, 61, 65, 68, 70] - 5123, [1, 2, 3, 12, 14, 25, 26, 33, 34, 35, 49, 55, 56, 63, 70] - 5261, [1, 4, 11, 21, 31, 32, 39, 56, 63, 70] - 4260, [1, 2, 3, 12, 22, 24, 36, 48, 58, 62, 70] - 4670, [1, 2, 3, 5, 12, 22, 23, 31, 41, 47, 55, 56, 57, 70] - 4925, [1, 2, 9, 11, 21, 31, 33, 49, 55, 58, 62, 70] - 3842, [1, 2, 9, 11, 21, 31, 33, 49, 55, 58, 62, 70] - 3842, [1, 2, 3, 12, 22, 24, 36, 48, 58, 62, 70] - 4670]
melhor indiv??duo da gera????o:[1, 2, 9, 11, 21, 31, 33, 49, 55, 58, 62, 70] - 3842
gera????o: 3: 
[[1, 4, 11, 21, 31, 32, 39, 56, 63, 70] - 4260, [1, 2, 3, 12, 22, 24, 36, 48, 58, 62, 70] - 4670, [1, 2, 4, 10, 20, 30, 32, 39, 56, 61, 63, 70] - 4601, [1, 3, 23, 33, 41, 47, 56, 60, 61, 63, 70] - 5341, [1, 2, 9, 11, 21, 31, 33, 49, 55, 58, 62, 70] - 3842, [1, 2, 3, 23, 31, 41, 45, 47, 55, 56, 57, 70] - 4827, [1, 2, 3, 12, 14, 25, 26, 33, 34, 35, 49, 55, 56, 63, 70] - 5261, [1, 2, 3, 12, 22, 24, 36, 48, 58, 62, 70] - 4670, [1, 2, 9, 11, 21, 31, 33, 49, 55, 58, 62, 70] - 3842, [1, 2, 9, 11, 21, 31, 33, 49, 55, 58, 62, 70] - 3842, [1, 2, 3, 12, 22, 24, 36, 48, 58, 62, 70] - 4670, [1, 2, 9, 11, 21, 31, 33, 49, 55, 58, 62, 70] - 3842, [1, 2, 4, 10, 20, 30, 32, 39, 56, 61, 63, 70] - 4601, [1, 4, 11, 21, 31, 32, 39, 56, 63, 70] - 4260, [1, 4, 10, 11, 20, 37, 39, 56, 60, 64, 67, 68, 70] - 6208, [1, 2, 3, 12, 22, 24, 36, 48, 58, 62, 70] - 4670, [1, 2, 9, 11, 21, 31, 33, 49, 55, 58, 62, 70] - 3842, [1, 4, 11, 21, 31, 32, 39, 56, 63, 70] - 4260, [1, 2, 9, 11, 21, 31, 33, 49, 55, 58, 62, 70] - 3842]
melhor indiv??duo da gera????o:[1, 2, 9, 11, 21, 31, 33, 49, 55, 58, 62, 70] - 3842
gera????o: 4: 
[[1, 2, 3, 12, 22, 24, 36, 48, 58, 62, 70] - 4670, [1, 3, 23, 33, 41, 47, 56, 60, 61, 63, 70] - 5341, [1, 2, 3, 23, 31, 41, 45, 47, 55, 56, 57, 70] - 4827, [1, 2, 3, 12, 22, 24, 36, 48, 58, 62, 70] - 4670, [1, 2, 9, 11, 21, 31, 33, 49, 55, 58, 62, 70] - 3842, [1, 2, 9, 11, 21, 31, 33, 49, 55, 58, 62, 70] - 3842, [1, 4, 11, 21, 31, 32, 39, 56, 63, 70] - 4260, [1, 2, 3, 12, 22, 24, 36, 48, 58, 62, 70] - 4670, [1, 4, 11, 21, 31, 32, 39, 56, 63, 70] - 4260, [1, 2, 3, 12, 22, 24, 36, 48, 58, 62, 70] - 4670, [1, 2, 3, 12, 22, 24, 36, 48, 58, 62, 70] - 4670, [1, 2, 9, 11, 21, 31, 33, 49, 55, 58, 62, 70] - 3842, [1, 2, 9, 11, 21, 31, 33, 49, 55, 58, 62, 70] - 3842, [1, 2, 9, 11, 21, 31, 33, 49, 55, 58, 62, 70] - 3842, [1, 4, 11, 21, 31, 32, 39, 56, 63, 70] - 4260, [1, 2, 9, 11, 21, 31, 33, 49, 55, 58, 62, 70] - 3842, [1, 2, 9, 11, 21, 31, 33, 49, 55, 58, 62, 70] - 3842]
melhor indiv??duo da gera????o:[1, 2, 9, 11, 21, 31, 33, 49, 55, 58, 62, 70] - 3842
gera????o: 5: 
[[1, 3, 23, 33, 41, 47, 56, 60, 61, 63, 70] - 5341, [1, 2, 3, 12, 22, 24, 36, 48, 58, 62, 70] - 4670, [1, 2, 9, 11, 21, 31, 33, 49, 55, 58, 62, 70] - 3842, [1, 2, 3, 12, 22, 24, 36, 48, 58, 62, 70] - 4670, [1, 2, 3, 12, 22, 24, 36, 48, 58, 62, 70] - 4670, [1, 2, 9, 11, 21, 31, 33, 49, 55, 58, 62, 70] - 3842, [1, 2, 9, 11, 21, 31, 33, 49, 55, 58, 62, 70] - 3842, [1, 2, 9, 11, 21, 31, 33, 49, 55, 58, 62, 70] - 3842, [1, 2, 3, 12, 22, 24, 36, 48, 58, 62, 70] - 4670, [1, 2, 3, 12, 22, 24, 36, 48, 58, 62, 70] - 4670, [1, 2, 9, 11, 21, 31, 33, 49, 55, 58, 62, 70] - 3842, [1, 2, 9, 11, 21, 31, 33, 49, 55, 58, 62, 70] - 3842, [1, 4, 11, 21, 31, 32, 39, 56, 63, 70] - 4260, [1, 2, 9, 11, 21, 31, 33, 49, 55, 58, 62, 70] - 3842, [1, 2, 9, 11, 21, 31, 33, 49, 55, 58, 62, 70] - 3842]
melhor indiv??duo da gera????o:[1, 2, 9, 11, 21, 31, 33, 49, 55, 58, 62, 70] - 3842
gera????o: 6: 
[[1, 2, 3, 12, 22, 24, 36, 48, 58, 62, 70] - 4670, [1, 2, 3, 12, 22, 24, 36, 48, 58, 62, 70] - 4670, [1, 2, 9, 11, 21, 31, 33, 49, 55, 58, 62, 70] - 3842, [1, 2, 9, 11, 21, 31, 33, 49, 55, 58, 62, 70] - 3842, [1, 2, 3, 12, 22, 24, 36, 48, 58, 62, 70] - 4670, [1, 2, 9, 11, 21, 31, 33, 49, 55, 58, 62, 70] - 3842, [1, 2, 9, 11, 21, 31, 33, 49, 55, 58, 62, 70] - 3842, [1, 2, 9, 11, 21, 31, 33, 49, 55, 58, 62, 70] - 3842, [1, 2, 9, 11, 21, 31, 33, 49, 55, 58, 62, 70] - 3842, [1, 2, 3, 12, 22, 24, 36, 48, 58, 62, 70] - 4670, [1, 2, 3, 12, 22, 24, 36, 48, 58, 62, 70] - 4670, [1, 2, 9, 11, 21, 31, 33, 49, 55, 58, 62, 70] - 3842, [1, 2, 9, 11, 21, 31, 33, 49, 55, 58, 62, 70] - 3842]
melhor indiv??duo da gera????o:[1, 2, 9, 11, 21, 31, 33, 49, 55, 58, 62, 70] - 3842
gera????o: 7: 
[[1, 2, 3, 12, 22, 24, 36, 48, 58, 62, 70] - 4670, [1, 2, 9, 11, 21, 31, 33, 49, 55, 58, 62, 70] - 3842, [1, 2, 9, 11, 21, 31, 33, 49, 55, 58, 62, 70] - 3842, [1, 2, 9, 11, 21, 31, 33, 49, 55, 58, 62, 70] - 3842, [1, 2, 3, 12, 22, 24, 36, 48, 58, 62, 70] - 4670, [1, 2, 9, 11, 21, 31, 33, 49, 55, 58, 62, 70] - 3842, [1, 2, 3, 12, 22, 24, 36, 48, 58, 62, 70] - 4670, [1, 2, 9, 11, 21, 31, 33, 49, 55, 58, 62, 70] - 3842, [1, 2, 3, 12, 22, 24, 36, 48, 58, 62, 70] - 4670, [1, 2, 9, 11, 21, 31, 33, 49, 55, 58, 62, 70] - 3842, [1, 2, 9, 11, 21, 31, 33, 49, 55, 58, 62, 70] - 3842]
melhor indiv??duo da gera????o:[1, 2, 9, 11, 21, 31, 33, 49, 55, 58, 62, 70] - 3842
______________________________________________________________________________________________________________________________
