gera????o: 1: 
[[1, 6, 7, 8, 3, 5, 2, 4, 10, 14, 15, 20] - 52, [1, 3, 6, 8, 9, 10, 13, 15, 20] - 44, [1, 6, 8, 3, 5, 2, 4, 10, 12, 19, 20] - 57, [1, 6, 7, 8, 9, 10, 13, 19, 20] - 47, [1, 3, 5, 2, 4, 10, 14, 13, 9, 12, 16, 17, 18, 19, 20] - 92, [1, 2, 3, 8, 10, 13, 14, 15, 20] - 51, [1, 6, 7, 8, 10, 13, 9, 16, 17, 18, 19, 20] - 89, [1, 2, 5, 12, 19, 20] - 32, [1, 2, 4, 5, 10, 12, 13, 19, 20] - 49, [1, 2, 5, 10, 13, 15, 20] - 33, [1, 2, 5, 10, 14, 13, 15, 20] - 35, [1, 6, 8, 10, 14, 15, 20] - 35, [1, 6, 8, 9, 13, 19, 20] - 36, [1, 6, 7, 9, 13, 19, 20] - 41, [1, 2, 3, 5, 8, 9, 16, 17, 18, 13, 15, 20] - 61, [1, 3, 5, 12, 13, 15, 20] - 30, [1, 3, 6, 7, 8, 10, 14, 13, 9, 16, 17, 18, 19, 20] - 94, [1, 2, 3, 5, 12, 19, 20] - 37, [1, 2, 4, 5, 12, 13, 15, 20] - 41, [1, 3, 6, 7, 9, 12, 5, 2, 4, 11, 10, 13, 15, 20] - 79]
melhor indiv??duo da gera????o:[1, 3, 5, 12, 13, 15, 20] - 30
gera????o: 2: 
[[1, 3, 5, 12, 13, 15, 20] - 30, [1, 2, 5, 12, 19, 20] - 32, [1, 2, 4, 11, 13, 15, 20] - 34, [1, 6, 8, 10, 14, 15, 20] - 35, [1, 2, 3, 5, 12, 19, 20] - 37, [1, 6, 8, 10, 13, 15, 20] - 39, [1, 2, 4, 5, 12, 13, 15, 20] - 41, [1, 6, 8, 3, 5, 12, 19, 20] - 41, [1, 3, 6, 8, 9, 10, 13, 15, 20] - 44, [1, 6, 8, 9, 16, 17, 19, 20] - 44, [1, 2, 4, 5, 10, 12, 13, 19, 20] - 49, [1, 2, 3, 8, 10, 13, 14, 15, 20] - 51, [1, 3, 5, 8, 10, 13, 14, 15, 20] - 52, [1, 2, 3, 6, 7, 9, 13, 14, 15, 20] - 59, [1, 2, 5, 10, 13, 9, 12, 19, 20] - 62, [1, 6, 7, 9, 10, 12, 16, 17, 19, 20] - 67, [1, 2, 4, 11, 10, 13, 9, 16, 12, 19, 20] - 76, [1, 2, 4, 10, 14, 13, 9, 16, 17, 18, 19, 20] - 81, [1, 6, 7, 8, 10, 14, 13, 9, 12, 16, 17, 19, 20] - 90, [1, 3, 6, 7, 8, 10, 14, 13, 9, 16, 17, 18, 19, 20] - 94]
melhor indiv??duo da gera????o:[1, 3, 5, 12, 13, 15, 20] - 30
gera????o: 3: 
[[1, 2, 5, 12, 19, 20] - 32, [1, 3, 8, 9, 13, 19, 20] - 33, [1, 2, 4, 11, 13, 15, 20] - 34, [1, 2, 3, 5, 12, 19, 20] - 37, [1, 3, 8, 10, 14, 13, 15, 20] - 38, [1, 2, 4, 5, 12, 13, 15, 20] - 41, [1, 2, 3, 8, 10, 14, 13, 15, 20] - 43, [1, 3, 6, 7, 9, 12, 19, 20] - 43, [1, 6, 8, 9, 16, 17, 19, 20] - 44, [1, 2, 4, 5, 10, 12, 13, 19, 20] - 49, [1, 3, 5, 8, 10, 13, 14, 15, 20] - 52, [1, 6, 7, 8, 10, 12, 19, 20] - 52, [1, 6, 8, 3, 5, 2, 4, 10, 12, 19, 20] - 57, [1, 2, 3, 6, 7, 9, 13, 14, 15, 20] - 59, [1, 2, 5, 10, 13, 9, 12, 19, 20] - 62, [1, 2, 5, 10, 14, 13, 9, 16, 12, 19, 20] - 69, [1, 6, 7, 8, 9, 13, 14, 10, 12, 19, 20] - 71, [1, 2, 4, 11, 10, 13, 9, 16, 12, 19, 20] - 76, [1, 2, 4, 10, 14, 13, 9, 16, 17, 18, 19, 20] - 81, [1, 6, 7, 8, 10, 14, 13, 9, 12, 16, 17, 19, 20] - 90]
melhor indiv??duo da gera????o:[1, 2, 5, 12, 19, 20] - 32
gera????o: 4: 
[[1, 2, 5, 12, 19, 20] - 32, [1, 3, 8, 9, 13, 19, 20] - 33, [1, 2, 4, 11, 13, 15, 20] - 34, [1, 2, 3, 5, 12, 19, 20] - 37, [1, 2, 4, 11, 10, 14, 15, 20] - 38, [1, 2, 4, 5, 12, 13, 15, 20] - 41, [1, 6, 8, 3, 5, 10, 13, 19, 20] - 42, [1, 3, 6, 7, 9, 12, 19, 20] - 43, [1, 6, 8, 9, 16, 17, 19, 20] - 44, [1, 6, 7, 8, 9, 16, 12, 19, 20] - 46, [1, 2, 5, 10, 12, 13, 14, 15, 20] - 48, [1, 2, 4, 5, 10, 12, 19, 20] - 51, [1, 6, 7, 8, 10, 12, 19, 20] - 52, [1, 2, 4, 5, 10, 13, 14, 15, 20] - 54, [1, 6, 8, 3, 5, 2, 4, 10, 12, 19, 20] - 57, [1, 2, 5, 10, 12, 16, 17, 18, 19, 20] - 60, [1, 2, 5, 10, 13, 9, 12, 19, 20] - 62, [1, 6, 7, 8, 9, 13, 14, 10, 12, 19, 20] - 71, [1, 2, 4, 11, 10, 13, 9, 16, 12, 19, 20] - 76, [1, 2, 4, 10, 14, 13, 9, 16, 17, 18, 19, 20] - 81]
melhor indiv??duo da gera????o:[1, 2, 5, 12, 19, 20] - 32
gera????o: 5: 
[[1, 3, 8, 10, 14, 15, 20] - 32, [1, 2, 5, 10, 13, 15, 20] - 33, [1, 2, 5, 10, 14, 13, 19, 20] - 35, [1, 2, 3, 5, 12, 19, 20] - 37, [1, 6, 8, 3, 5, 12, 13, 15, 20] - 39, [1, 6, 8, 3, 5, 10, 13, 19, 20] - 42, [1, 3, 6, 7, 9, 12, 19, 20] - 43, [1, 6, 8, 9, 16, 17, 19, 20] - 44, [1, 6, 7, 8, 9, 16, 12, 19, 20] - 46, [1, 2, 5, 10, 12, 13, 14, 15, 20] - 48, [1, 6, 8, 3, 5, 2, 4, 11, 14, 15, 20] - 49, [1, 2, 4, 5, 10, 12, 19, 20] - 51, [1, 2, 3, 5, 10, 12, 13, 14, 15, 20] - 53, [1, 3, 6, 8, 9, 12, 16, 10, 13, 19, 20] - 54, [1, 6, 7, 9, 10, 13, 14, 15, 20] - 56, [1, 3, 5, 8, 10, 12, 13, 14, 15, 20] - 57, [1, 2, 5, 10, 13, 9, 12, 19, 20] - 62, [1, 6, 7, 8, 9, 13, 14, 10, 12, 19, 20] - 71, [1, 6, 8, 3, 5, 10, 14, 13, 9, 16, 12, 19, 20] - 78, [1, 6, 8, 3, 5, 10, 12, 16, 17, 18, 13, 9] - 82]
melhor indiv??duo da gera????o:[1, 3, 8, 10, 14, 15, 20] - 32
gera????o: 6: 
[[1, 3, 8, 10, 14, 15, 20] - 32, [1, 2, 5, 10, 13, 15, 20] - 33, [1, 6, 8, 10, 14, 15, 20] - 35, [1, 2, 3, 8, 10, 14, 15, 20] - 37, [1, 3, 8, 10, 14, 13, 15, 20] - 38, [1, 2, 5, 12, 13, 14, 15, 20] - 40, [1, 3, 6, 7, 9, 12, 19, 20] - 43, [1, 3, 8, 9, 13, 14, 15, 20] - 43, [1, 2, 5, 8, 10, 14, 13, 19, 20] - 44, [1, 2, 3, 8, 10, 12, 13, 15, 20] - 46, [1, 2, 5, 10, 12, 13, 14, 15, 20] - 48, [1, 6, 8, 9, 12, 16, 17, 19, 20] - 49, [1, 3, 5, 2, 4, 11, 14, 10, 13, 19, 20] - 52, [1, 3, 6, 8, 9, 12, 16, 10, 13, 19, 20] - 54, [1, 6, 7, 9, 10, 13, 14, 15, 20] - 56, [1, 3, 5, 8, 10, 12, 13, 14, 15, 20] - 57, [1, 3, 8, 10, 12, 16, 17, 19, 20] - 57, [1, 2, 3, 8, 10, 13, 9, 12, 5] - 68, [1, 6, 7, 8, 9, 13, 14, 10, 12, 19, 20] - 71, [1, 6, 8, 3, 5, 10, 12, 16, 17, 18, 13, 9] - 82]
melhor indiv??duo da gera????o:[1, 3, 8, 10, 14, 15, 20] - 32
gera????o: 7: 
[[1, 2, 5, 12, 19, 20] - 32, [1, 6, 8, 9, 12, 13, 15, 20] - 33, [1, 6, 8, 9, 12, 19, 20] - 35, [1, 2, 3, 8, 10, 14, 15, 20] - 37, [1, 6, 8, 10, 13, 19, 20] - 39, [1, 2, 5, 10, 12, 19, 20] - 40, [1, 3, 6, 7, 9, 12, 13, 19, 20] - 41, [1, 3, 8, 9, 13, 14, 15, 20] - 43, [1, 2, 5, 8, 10, 14, 13, 19, 20] - 44, [1, 6, 8, 10, 12, 19, 20] - 46, [1, 3, 8, 9, 10, 13, 14, 15, 20] - 48, [1, 3, 5, 8, 10, 12, 19, 20] - 49, [1, 3, 5, 2, 4, 11, 14, 10, 13, 19, 20] - 52, [1, 2, 5, 12, 16, 17, 18, 19, 20] - 52, [1, 3, 6, 8, 9, 12, 16, 10, 13, 19, 20] - 54, [1, 6, 7, 9, 10, 13, 14, 15, 20] - 56, [1, 3, 8, 10, 12, 16, 17, 19, 20] - 57, [1, 6, 7, 8, 9, 13, 14, 10, 12, 19, 20] - 71, [1, 2, 4, 5, 8, 3, 6, 7, 9, 10, 13, 19, 20] - 72, [1, 6, 8, 3, 5, 10, 12, 16, 17, 18, 13, 9] - 82]
melhor indiv??duo da gera????o:[1, 2, 5, 12, 19, 20] - 32
gera????o: 8: 
[[1, 2, 4, 10, 14, 15, 20] - 31, [1, 3, 8, 9, 12, 19, 20] - 32, [1, 6, 8, 9, 12, 13, 15, 20] - 33, [1, 6, 8, 10, 14, 15, 20] - 35, [1, 6, 8, 9, 13, 19, 20] - 36, [1, 2, 5, 12, 13, 14, 10] - 37, [1, 6, 8, 10, 13, 19, 20] - 39, [1, 3, 6, 7, 9, 12, 13, 19, 20] - 41, [1, 3, 8, 9, 13, 14, 15, 20] - 43, [1, 6, 8, 10, 12, 19, 20] - 46, [1, 3, 5, 8, 10, 12, 19, 20] - 49, [1, 3, 5, 2, 4, 11, 14, 10, 13, 19, 20] - 52, [1, 3, 6, 8, 9, 12, 16, 10, 13, 19, 20] - 54, [1, 6, 7, 9, 10, 13, 14, 15, 20] - 56, [1, 2, 3, 5, 10, 12, 16, 17, 19, 20] - 59, [1, 6, 7, 8, 3, 5, 2, 4, 11, 14, 13, 19, 20] - 61, [1, 6, 7, 8, 9, 13, 14, 10, 12, 19, 20] - 71, [1, 2, 3, 6, 7, 9, 16, 17, 18, 12, 19, 20] - 72, [1, 6, 8, 3, 5, 10, 12, 16, 17, 18, 13, 9] - 82, [1, 3, 6, 7, 8, 10, 12, 5, 2, 4, 11, 14, 13, 19, 20] - 89]
melhor indiv??duo da gera????o:[1, 2, 4, 10, 14, 15, 20] - 31
gera????o: 9: 
[[1, 3, 8, 9, 12, 19, 20] - 32, [1, 6, 8, 10, 14, 15, 20] - 35, [1, 2, 5, 12, 13, 14, 10] - 37, [1, 3, 5, 12, 13, 14, 10] - 37, [1, 3, 6, 7, 9, 12, 13, 19, 20] - 41, [1, 3, 8, 9, 13, 14, 15, 20] - 43, [1, 3, 6, 7, 9, 13, 15, 20] - 44, [1, 6, 8, 10, 12, 19, 20] - 46, [1, 2, 5, 8, 10, 12, 13, 19, 20] - 47, [1, 3, 5, 2, 4, 11, 14, 10, 13, 19, 20] - 52, [1, 3, 6, 8, 9, 12, 16, 10, 13, 19, 20] - 54, [1, 6, 8, 9, 10, 12, 5, 2, 3] - 55, [1, 2, 3, 5, 10, 12, 16, 17, 19, 20] - 59, [1, 2, 4, 5, 12, 16, 10, 13, 19, 20] - 59, [1, 3, 5, 12, 13, 9, 16, 10, 14, 15, 20] - 66, [1, 2, 3, 6, 7, 9, 12, 16, 17, 18, 13, 15, 20] - 71, [1, 2, 3, 6, 7, 9, 16, 17, 18, 12, 19, 20] - 72, [1, 6, 8, 3, 5, 12, 16, 17, 18, 13, 14, 15, 20] - 74, [1, 3, 6, 8, 9, 13, 14, 10, 12, 5, 2, 4, 11] - 82, [1, 6, 7, 8, 10, 12, 16, 17, 18, 13, 9] - 85]
melhor indiv??duo da gera????o:[1, 3, 8, 9, 12, 19, 20] - 32
gera????o: 10: 
[[1, 3, 5, 10, 13, 15, 20] - 33, [1, 3, 8, 10, 13, 19, 20] - 36, [1, 3, 5, 12, 13, 14, 10] - 37, [1, 2, 3, 8, 9, 12, 19, 20] - 37, [1, 6, 7, 9, 12, 13, 19, 20] - 38, [1, 6, 7, 9, 12, 19, 20] - 40, [1, 3, 8, 9, 13, 14, 15, 20] - 43, [1, 2, 4, 5, 12, 19, 20] - 43, [1, 3, 6, 7, 9, 13, 15, 20] - 44, [1, 6, 8, 10, 12, 19, 20] - 46, [1, 2, 5, 8, 10, 12, 13, 19, 20] - 47, [1, 3, 5, 2, 4, 11, 14, 10, 13, 19, 20] - 52, [1, 6, 7, 8, 10, 12, 19, 20] - 52, [1, 3, 6, 8, 9, 12, 16, 10, 13, 19, 20] - 54, [1, 2, 3, 5, 10, 12, 16, 17, 19, 20] - 59, [1, 6, 8, 9, 16, 10, 12, 5, 2, 3] - 60, [1, 2, 3, 6, 7, 9, 12, 16, 17, 18, 13, 15, 20] - 71, [1, 6, 8, 3, 5, 12, 16, 17, 18, 13, 14, 15, 20] - 74, [1, 6, 7, 9, 16, 12, 5, 10, 13, 14, 15, 20] - 76, [1, 6, 7, 8, 10, 12, 16, 17, 18, 13, 9] - 85]
melhor indiv??duo da gera????o:[1, 3, 5, 10, 13, 15, 20] - 33
gera????o: 11: 
[[1, 3, 5, 10, 13, 15, 20] - 33, [1, 6, 8, 10, 14, 15, 20] - 35, [1, 3, 8, 10, 13, 19, 20] - 36, [1, 3, 5, 12, 13, 14, 10] - 37, [1, 6, 7, 9, 12, 13, 19, 20] - 38, [1, 3, 8, 10, 14, 13, 15, 20] - 38, [1, 6, 8, 3, 5, 10, 13, 15, 20] - 42, [1, 3, 6, 8, 10, 13, 15, 20] - 42, [1, 2, 4, 5, 12, 19, 20] - 43, [1, 2, 4, 11, 13, 14, 15, 20] - 44, [1, 2, 5, 8, 10, 12, 13, 19, 20] - 47, [1, 6, 8, 9, 10, 12, 19, 20] - 48, [1, 3, 5, 8, 9, 16, 12, 13, 14, 15, 20] - 51, [1, 6, 7, 8, 10, 12, 19, 20] - 52, [1, 2, 4, 5, 12, 16, 10, 14, 15, 20] - 55, [1, 2, 4, 5, 12, 16, 17, 19, 20] - 57, [1, 2, 3, 5, 10, 12, 16, 17, 19, 20] - 59, [1, 2, 3, 6, 7, 9, 12, 16, 17, 18, 13, 15, 20] - 71, [1, 6, 7, 9, 16, 12, 5, 10, 13, 14, 15, 20] - 76, [1, 2, 4, 11, 10, 13, 9, 16, 17, 18, 19, 20] - 86]
melhor indiv??duo da gera????o:[1, 3, 5, 10, 13, 15, 20] - 33
gera????o: 12: 
[[1, 3, 5, 12, 19, 20] - 32, [1, 3, 5, 10, 13, 15, 20] - 33, [1, 3, 8, 10, 13, 19, 20] - 36, [1, 6, 7, 9, 12, 13, 19, 20] - 38, [1, 6, 7, 9, 12, 13, 15, 20] - 38, [1, 2, 3, 5, 10, 14, 13, 19, 20] - 40, [1, 3, 6, 8, 10, 13, 15, 20] - 42, [1, 2, 4, 11, 13, 14, 15, 20] - 44, [1, 6, 7, 8, 10, 13, 15, 20] - 45, [1, 2, 5, 8, 10, 12, 13, 19, 20] - 47, [1, 6, 7, 8, 3, 5, 10, 13, 15, 20] - 48, [1, 2, 4, 10, 12, 13, 14, 15, 20] - 50, [1, 2, 3, 5, 12, 16, 17, 19, 20] - 51, [1, 2, 5, 12, 16, 17, 18, 19, 20] - 52, [1, 3, 6, 7, 8, 9, 10, 14, 13, 15, 20] - 52, [1, 2, 4, 5, 8, 10, 14, 13, 15, 20] - 55, [1, 6, 7, 8, 3, 5, 2, 4, 10, 14, 13, 15, 20] - 58, [1, 3, 6, 7, 8, 9, 12, 5, 10, 13, 19, 20] - 65, [1, 6, 7, 8, 9, 16, 12, 5, 2, 4, 11, 13, 15, 20] - 74, [1, 3, 6, 7, 8, 9, 12, 5, 2, 4, 11, 10, 14, 15, 20] - 76]
melhor indiv??duo da gera????o:[1, 3, 5, 12, 19, 20] - 32
gera????o: 13: 
[[1, 3, 5, 12, 19, 20] - 32, [1, 3, 5, 10, 13, 15, 20] - 33, [1, 3, 5, 10, 14, 13, 19, 20] - 35, [1, 6, 7, 9, 12, 13, 19, 20] - 38, [1, 2, 3, 5, 10, 14, 13, 19, 20] - 40, [1, 3, 6, 8, 10, 13, 15, 20] - 42, [1, 2, 5, 10, 13, 14, 15, 20] - 43, [1, 3, 6, 8, 10, 14, 13, 19, 20] - 44, [1, 2, 5, 8, 10, 12, 13, 19, 20] - 47, [1, 6, 7, 8, 3, 5, 10, 13, 15, 20] - 48, [1, 3, 6, 7, 9, 10, 13, 15, 20] - 49, [1, 2, 4, 10, 12, 13, 14, 15, 20] - 50, [1, 6, 7, 9, 13, 14, 15, 20] - 51, [1, 2, 5, 12, 16, 17, 18, 19, 20] - 52, [1, 2, 4, 11, 10, 13, 14, 15, 20] - 52, [1, 2, 5, 10, 12, 16, 17, 19, 20] - 54, [1, 6, 7, 9, 16, 10, 12, 13, 15, 20] - 56, [1, 6, 8, 9, 16, 17, 18, 12, 13, 14, 10] - 64, [1, 6, 7, 8, 9, 16, 12, 5, 2, 4, 11, 13, 15, 20] - 74, [1, 2, 5, 10, 12, 13, 9, 16, 17, 18, 19, 20] - 82]
melhor indiv??duo da gera????o:[1, 3, 5, 12, 19, 20] - 32
gera????o: 14: 
[[1, 3, 5, 12, 19, 20] - 32, [1, 3, 5, 10, 14, 13, 19, 20] - 35, [1, 2, 5, 8, 9, 12, 13, 19, 20] - 36, [1, 6, 7, 9, 12, 13, 19, 20] - 38, [1, 2, 3, 5, 10, 13, 19, 20] - 38, [1, 3, 8, 9, 10, 14, 13, 19, 20] - 40, [1, 2, 5, 10, 13, 14, 15, 20] - 43, [1, 2, 5, 12, 16, 10, 14, 15, 20] - 44, [1, 2, 5, 8, 10, 12, 13, 19, 20] - 47, [1, 3, 5, 12, 16, 10, 13, 19, 20] - 48, [1, 2, 4, 11, 10, 12, 19, 20] - 49, [1, 2, 4, 10, 12, 13, 14, 15, 20] - 50, [1, 2, 5, 12, 16, 17, 18, 19, 20] - 52, [1, 3, 5, 12, 16, 17, 18, 19, 20] - 52, [1, 2, 5, 10, 12, 16, 17, 19, 20] - 54, [1, 2, 5, 8, 3, 6, 7, 9, 13, 19, 20] - 56, [1, 6, 7, 9, 10, 12, 5, 8, 3] - 61, [1, 6, 8, 9, 16, 17, 18, 12, 13, 14, 10] - 64, [1, 2, 4, 11, 13, 9, 16, 10, 12, 19, 20] - 81, [1, 3, 8, 9, 13, 14, 10, 12, 16, 17, 18, 19, 20] - 82]
melhor indiv??duo da gera????o:[1, 3, 5, 12, 19, 20] - 32
gera????o: 15: 
[[1, 3, 8, 10, 14, 15, 20] - 32, [1, 2, 5, 8, 9, 12, 13, 19, 20] - 36, [1, 2, 3, 5, 10, 13, 19, 20] - 38, [1, 3, 8, 9, 10, 14, 13, 19, 20] - 40, [1, 2, 5, 10, 13, 14, 15, 20] - 43, [1, 2, 5, 12, 16, 10, 14, 15, 20] - 44, [1, 2, 5, 8, 10, 14, 13, 19, 20] - 44, [1, 3, 6, 8, 9, 16, 17, 19, 20] - 47, [1, 2, 4, 11, 10, 12, 19, 20] - 49, [1, 2, 4, 10, 12, 13, 14, 15, 20] - 50, [1, 3, 5, 12, 16, 17, 18, 19, 20] - 52, [1, 2, 5, 10, 12, 16, 17, 19, 20] - 54, [1, 2, 5, 8, 3, 6, 7, 9, 13, 19, 20] - 56, [1, 6, 8, 3, 5, 12, 16, 17, 18, 19, 20] - 61, [1, 2, 3, 5, 10, 12, 16, 17, 18, 19, 20] - 65, [1, 6, 8, 3, 5, 2, 4, 10, 12, 16, 17, 19, 20] - 71, [1, 3, 6, 8, 10, 12, 16, 17, 18, 13, 19, 20] - 72, [1, 3, 8, 9, 13, 14, 10, 12, 16, 17, 18, 19, 20] - 82, [1, 3, 6, 8, 10, 12, 16, 17, 18, 13, 14, 15, 20] - 82, [1, 2, 4, 11, 10, 12, 5, 8, 9, 16, 17, 19, 20] - 84]
melhor indiv??duo da gera????o:[1, 3, 8, 10, 14, 15, 20] - 32
gera????o: 16: 
[[1, 2, 5, 8, 9, 12, 13, 19, 20] - 36, [1, 2, 5, 8, 9, 13, 19, 20] - 39, [1, 3, 8, 9, 10, 14, 13, 19, 20] - 40, [1, 2, 5, 12, 16, 10, 14, 15, 20] - 44, [1, 3, 6, 7, 8, 10, 14, 15, 20] - 44, [1, 2, 4, 10, 13, 14, 15, 20] - 45, [1, 3, 6, 8, 9, 16, 17, 19, 20] - 47, [1, 3, 6, 8, 9, 13, 14, 15, 20] - 49, [1, 2, 4, 10, 12, 13, 14, 15, 20] - 50, [1, 3, 5, 12, 16, 17, 18, 19, 20] - 52, [1, 3, 6, 8, 9, 10, 13, 14, 15, 20] - 54, [1, 2, 5, 8, 3, 6, 7, 9, 13, 19, 20] - 56, [1, 6, 8, 3, 5, 12, 16, 17, 18, 19, 20] - 61, [1, 2, 3, 6, 8, 9, 10, 12, 13, 14, 15, 20] - 64, [1, 2, 3, 5, 12, 13, 9, 10, 14, 15, 20] - 66, [1, 6, 8, 3, 5, 2, 4, 10, 12, 16, 17, 19, 20] - 71, [1, 2, 4, 5, 12, 13, 9, 16, 17, 19, 20] - 79, [1, 3, 8, 9, 13, 14, 10, 12, 16, 17, 18, 19, 20] - 82, [1, 2, 4, 11, 10, 12, 5, 8, 9, 16, 17, 19, 20] - 84, [1, 2, 4, 5, 10, 12, 13, 9, 16, 17, 19, 20] - 87]
melhor indiv??duo da gera????o:[1, 2, 5, 8, 9, 12, 13, 19, 20] - 36
gera????o: 17: 
[[1, 2, 5, 8, 9, 12, 13, 19, 20] - 36, [1, 6, 8, 10, 13, 19, 20] - 39, [1, 3, 8, 9, 10, 14, 13, 19, 20] - 40, [1, 2, 4, 5, 12, 19, 20] - 43, [1, 6, 8, 9, 10, 14, 13, 15, 20] - 43, [1, 3, 6, 7, 8, 10, 14, 15, 20] - 44, [1, 3, 6, 8, 10, 14, 13, 19, 20] - 44, [1, 6, 7, 8, 3, 5, 12, 13, 15, 20] - 45, [1, 3, 6, 8, 9, 16, 17, 19, 20] - 47, [1, 3, 6, 8, 9, 13, 14, 15, 20] - 49, [1, 6, 7, 9, 16, 10, 13, 15, 20] - 51, [1, 3, 6, 8, 9, 10, 13, 14, 15, 20] - 54, [1, 2, 5, 8, 3, 6, 7, 9, 13, 19, 20] - 56, [1, 6, 8, 3, 5, 12, 16, 17, 18, 19, 20] - 61, [1, 2, 3, 6, 8, 9, 10, 12, 13, 14, 15, 20] - 64, [1, 3, 6, 8, 9, 12, 5, 10, 13, 14, 15, 20] - 69, [1, 2, 5, 10, 13, 9, 16, 17, 18, 19, 20] - 77, [1, 6, 8, 10, 12, 16, 17, 18, 13, 9] - 79, [1, 2, 4, 11, 10, 12, 5, 8, 9, 16, 17, 19, 20] - 84, [1, 2, 4, 11, 10, 13, 9, 12, 5, 8, 3, 6, 7] - 88]
melhor indiv??duo da gera????o:[1, 2, 5, 8, 9, 12, 13, 19, 20] - 36
gera????o: 18: 
[[1, 3, 8, 9, 12, 19, 20] - 32, [1, 6, 8, 10, 14, 15, 20] - 35, [1, 6, 8, 9, 10, 14, 15, 20] - 37, [1, 2, 3, 8, 9, 13, 19, 20] - 38, [1, 3, 8, 9, 10, 14, 13, 19, 20] - 40, [1, 3, 8, 10, 12, 13, 15, 20] - 41, [1, 6, 8, 9, 10, 14, 13, 15, 20] - 43, [1, 2, 5, 10, 13, 14, 15, 20] - 43, [1, 3, 6, 8, 10, 14, 13, 19, 20] - 44, [1, 3, 6, 8, 9, 16, 17, 19, 20] - 47, [1, 3, 6, 8, 9, 13, 14, 15, 20] - 49, [1, 3, 6, 8, 9, 10, 13, 14, 15, 20] - 54, [1, 2, 5, 8, 3, 6, 7, 9, 13, 19, 20] - 56, [1, 2, 3, 5, 10, 12, 16, 17, 19, 20] - 59, [1, 6, 8, 3, 5, 12, 16, 17, 18, 19, 20] - 61, [1, 2, 3, 6, 8, 9, 10, 12, 13, 14, 15, 20] - 64, [1, 6, 8, 3, 5, 2, 4, 10, 12, 16, 17, 19, 20] - 71, [1, 6, 8, 10, 12, 16, 17, 18, 13, 9] - 79, [1, 2, 4, 11, 10, 12, 5, 8, 9, 16, 17, 19, 20] - 84, [1, 2, 4, 11, 10, 13, 9, 12, 5, 8, 3, 6, 7] - 88]
melhor indiv??duo da gera????o:[1, 3, 8, 9, 12, 19, 20] - 32
gera????o: 19: 
[[1, 2, 5, 12, 13, 15, 20] - 30, [1, 2, 5, 12, 19, 20] - 32, [1, 6, 8, 10, 14, 15, 20] - 35, [1, 2, 4, 10, 14, 13, 19, 20] - 37, [1, 6, 8, 3, 5, 10, 14, 15, 20] - 38, [1, 2, 4, 10, 12, 13, 19, 20] - 40, [1, 6, 7, 9, 13, 19, 20] - 41, [1, 3, 6, 8, 10, 13, 19, 20] - 42, [1, 2, 5, 10, 13, 14, 15, 20] - 43, [1, 3, 6, 8, 10, 14, 13, 19, 20] - 44, [1, 3, 6, 8, 9, 13, 14, 15, 20] - 49, [1, 3, 6, 8, 9, 10, 13, 14, 15, 20] - 54, [1, 6, 7, 9, 10, 13, 14, 15, 20] - 56, [1, 3, 6, 7, 8, 10, 13, 14, 15, 20] - 58, [1, 6, 8, 3, 5, 12, 16, 17, 18, 19, 20] - 61, [1, 2, 3, 6, 8, 9, 10, 12, 13, 14, 15, 20] - 64, [1, 2, 5, 8, 3, 6, 7, 9, 12, 16, 17, 19, 20] - 69, [1, 6, 7, 9, 12, 5, 10, 13, 14, 15, 20] - 71, [1, 6, 8, 10, 12, 16, 17, 18, 13, 9] - 79, [1, 2, 4, 11, 10, 13, 9, 12, 5, 8, 3, 6, 7] - 88]
melhor indiv??duo da gera????o:[1, 2, 5, 12, 13, 15, 20] - 30
gera????o: 20: 
[[1, 2, 5, 12, 13, 15, 20] - 30, [1, 2, 4, 11, 14, 15, 20] - 34, [1, 2, 4, 10, 14, 13, 19, 20] - 37, [1, 3, 8, 9, 10, 13, 15, 20] - 38, [1, 2, 4, 10, 12, 13, 19, 20] - 40, [1, 3, 6, 8, 10, 13, 19, 20] - 42, [1, 2, 5, 10, 13, 14, 15, 20] - 43, [1, 2, 3, 5, 10, 12, 13, 15, 20] - 43, [1, 2, 4, 5, 10, 13, 19, 20] - 44, [1, 2, 3, 8, 9, 13, 14, 15, 20] - 48, [1, 3, 5, 8, 9, 13, 14, 15, 20] - 49, [1, 2, 3, 6, 7, 8, 10, 13, 15, 20] - 53, [1, 2, 5, 10, 12, 16, 17, 19, 20] - 54, [1, 2, 4, 5, 12, 16, 17, 19, 20] - 57, [1, 6, 8, 3, 5, 12, 16, 17, 18, 19, 20] - 61, [1, 2, 3, 6, 8, 9, 10, 12, 13, 14, 15, 20] - 64, [1, 2, 5, 8, 3, 6, 7, 9, 12, 16, 17, 19, 20] - 69, [1, 6, 7, 8, 3, 5, 12, 16, 10, 13, 9] - 73, [1, 6, 8, 10, 12, 16, 17, 18, 13, 9] - 79, [1, 2, 4, 10, 12, 5, 8, 3, 6, 7, 9, 16, 17, 19, 20] - 94]
melhor indiv??duo da gera????o:[1, 2, 5, 12, 13, 15, 20] - 30
melhor valor ?? da gera????o 10!!!!
______________________________________________________________________________________________________________________________
