gera????o: 1: 
[[1, 2, 3, 13, 23, 25, 26, 31, 40, 41, 45, 57, 70] - 4787, [1, 3, 23, 31, 33, 40, 41, 44, 54, 61, 68, 70] - 4904, [1, 4, 11, 21, 23, 33, 34, 41, 44, 53, 60, 64, 66, 67, 69, 70] - 6438, [1, 3, 23, 25, 26, 31, 32, 40, 44, 56, 60, 64, 67, 68, 70] - 6498, [1, 4, 11, 21, 31, 41, 47, 49, 55, 58, 62, 70] - 4640, [1, 2, 3, 12, 14, 22, 24, 28, 35, 46, 47, 49, 58, 62, 70] - 5001, [1, 3, 9, 11, 20, 29, 37, 38, 43, 52, 60, 65, 66, 67, 68, 70] - 6626, [1, 3, 12, 14, 24, 27, 28, 36, 49, 58, 62, 70] - 4968, [1, 4, 10, 11, 21, 22, 23, 33, 34, 46, 49, 55, 57, 70] - 4436, [1, 3, 12, 14, 26, 31, 40, 41, 45, 57, 70] - 4479, [1, 2, 3, 23, 25, 33, 46, 47, 56, 61, 65, 68, 70] - 5407, [1, 3, 13, 22, 33, 40, 41, 46, 47, 55, 57, 70] - 4697, [1, 2, 3, 23, 33, 40, 41, 44, 45, 47, 49, 55, 58, 62, 70] - 5100, [1, 2, 3, 5, 12, 13, 23, 33, 46, 49, 55, 57, 70] - 4223, [1, 2, 9, 11, 21, 31, 41, 46, 49, 58, 62, 70] - 4315, [1, 4, 10, 20, 21, 31, 40, 41, 45, 47, 49, 58, 62, 70] - 4809, [1, 3, 9, 13, 23, 33, 46, 47, 56, 60, 61, 65, 67, 69, 70] - 6878, [1, 2, 4, 11, 21, 23, 25, 33, 46, 47, 49, 58, 62, 70] - 4713, [1, 3, 12, 13, 23, 33, 34, 35, 49, 55, 57, 70] - 4324, [1, 3, 12, 13, 22, 23, 25, 33, 34, 46, 47, 55, 57, 70] - 4259]
melhor indiv??duo da gera????o:[1, 2, 3, 5, 12, 13, 23, 33, 46, 49, 55, 57, 70] - 4223
gera????o: 2: 
[[1, 3, 23, 31, 33, 40, 41, 44, 54, 61, 68, 70] - 4904, [1, 3, 23, 25, 26, 31, 32, 40, 44, 56, 60, 64, 67, 68, 70] - 6498, [1, 2, 3, 12, 14, 22, 24, 28, 35, 46, 47, 49, 58, 62, 70] - 5001, [1, 3, 12, 14, 24, 27, 28, 36, 49, 58, 62, 70] - 4968, [1, 4, 10, 11, 21, 22, 23, 33, 34, 46, 49, 55, 57, 70] - 4436, [1, 2, 3, 23, 25, 33, 46, 47, 56, 61, 65, 68, 70] - 5407, [1, 2, 3, 23, 33, 40, 41, 44, 45, 47, 49, 55, 58, 62, 70] - 5100, [1, 2, 3, 5, 12, 13, 23, 33, 46, 49, 55, 57, 70] - 4223, [1, 2, 9, 11, 21, 31, 41, 46, 49, 58, 62, 70] - 4315, [1, 3, 9, 13, 23, 33, 46, 47, 56, 60, 61, 65, 67, 69, 70] - 6878, [1, 3, 12, 13, 23, 33, 34, 35, 49, 55, 57, 70] - 4324, [1, 3, 12, 13, 22, 23, 25, 33, 34, 46, 47, 55, 57, 70] - 4259, [1, 2, 9, 21, 31, 33, 46, 49, 55, 58, 62, 70] - 4253, [1, 2, 3, 5, 12, 14, 22, 25, 33, 49, 55, 58, 62, 70] - 4077, [1, 3, 5, 12, 22, 23, 25, 26, 31, 33, 40, 44, 45, 47, 55, 56, 57, 70] - 5908, [1, 2, 3, 13, 23, 31, 40, 41, 45, 57, 70] - 4114, [1, 3, 13, 23, 31, 40, 41, 46, 47, 49, 55, 56, 60, 61, 65, 68, 70] - 7185, [1, 2, 3, 23, 25, 26, 28, 36, 49, 55, 56, 57, 70] - 5271, [1, 3, 12, 22, 33, 46, 49, 55, 57, 70] - 4022, [1, 4, 10, 11, 20, 30, 32, 37, 42, 51, 59, 64, 67, 69, 70] - 6112]
melhor indiv??duo da gera????o:[1, 3, 12, 22, 33, 46, 49, 55, 57, 70] - 4022
gera????o: 3: 
[[1, 3, 23, 25, 26, 31, 32, 40, 44, 56, 60, 64, 67, 68, 70] - 6498, [1, 3, 12, 14, 24, 27, 28, 36, 49, 58, 62, 70] - 4968, [1, 2, 3, 23, 25, 33, 46, 47, 56, 61, 65, 68, 70] - 5407, [1, 2, 3, 5, 12, 13, 23, 33, 46, 49, 55, 57, 70] - 4223, [1, 3, 9, 13, 23, 33, 46, 47, 56, 60, 61, 65, 67, 69, 70] - 6878, [1, 3, 12, 13, 22, 23, 25, 33, 34, 46, 47, 55, 57, 70] - 4259, [1, 2, 9, 21, 31, 33, 46, 49, 55, 58, 62, 70] - 4253, [1, 2, 3, 5, 12, 14, 22, 25, 33, 49, 55, 58, 62, 70] - 4077, [1, 2, 3, 13, 23, 31, 40, 41, 45, 57, 70] - 4114, [1, 2, 3, 23, 25, 26, 28, 36, 49, 55, 56, 57, 70] - 5271, [1, 3, 12, 22, 33, 46, 49, 55, 57, 70] - 4022, [1, 2, 4, 11, 20, 32, 37, 39, 44, 45, 47, 55, 58, 62, 70] - 5331, [1, 2, 9, 11, 21, 31, 40, 44, 55, 58, 62, 70] - 4046, [1, 4, 10, 11, 21, 22, 25, 33, 34, 35, 49, 55, 57, 70] - 4629, [1, 3, 9, 21, 23, 31, 40, 41, 45, 56, 61, 68, 70] - 4740, [1, 4, 10, 20, 30, 32, 39, 50, 53, 60, 61, 68, 70] - 5248, [1, 4, 11, 21, 23, 33, 46, 49, 55, 57, 70] - 4298, [1, 2, 3, 23, 31, 41, 47, 49, 58, 62, 70] - 4426, [1, 3, 12, 22, 33, 41, 46, 49, 58, 62, 70] - 4265]
melhor indiv??duo da gera????o:[1, 3, 12, 22, 33, 46, 49, 55, 57, 70] - 4022
gera????o: 4: 
[[1, 3, 12, 14, 24, 27, 28, 36, 49, 58, 62, 70] - 4968, [1, 2, 3, 5, 12, 13, 23, 33, 46, 49, 55, 57, 70] - 4223, [1, 3, 12, 13, 22, 23, 25, 33, 34, 46, 47, 55, 57, 70] - 4259, [1, 2, 3, 5, 12, 14, 22, 25, 33, 49, 55, 58, 62, 70] - 4077, [1, 2, 3, 13, 23, 31, 40, 41, 45, 57, 70] - 4114, [1, 3, 12, 22, 33, 46, 49, 55, 57, 70] - 4022, [1, 2, 9, 11, 21, 31, 40, 44, 55, 58, 62, 70] - 4046, [1, 3, 9, 21, 23, 31, 40, 41, 45, 56, 61, 68, 70] - 4740, [1, 4, 11, 21, 23, 33, 46, 49, 55, 57, 70] - 4298, [1, 3, 12, 22, 33, 41, 46, 49, 58, 62, 70] - 4265, [1, 4, 10, 20, 21, 22, 23, 33, 41, 47, 56, 63, 70] - 5011, [1, 4, 10, 11, 21, 31, 41, 45, 47, 55, 57, 70] - 4039, [1, 3, 9, 11, 21, 31, 32, 37, 38, 43, 51, 59, 64, 66, 67, 68, 70] - 6045, [1, 4, 10, 11, 21, 23, 33, 41, 46, 49, 55, 57, 70] - 4547, [1, 2, 4, 10, 11, 21, 31, 32, 40, 41, 47, 49, 55, 56, 60, 64, 66, 67, 68, 70] - 7132, [1, 3, 5, 12, 22, 25, 33, 41, 44, 45, 47, 55, 56, 57, 70] - 4888, [1, 2, 3, 23, 33, 49, 58, 62, 70] - 3590, [1, 4, 10, 20, 30, 32, 37, 42, 52, 60, 65, 67, 69, 70] - 5773]
melhor indiv??duo da gera????o:[1, 2, 3, 23, 33, 49, 58, 62, 70] - 3590
gera????o: 5: 
[[1, 2, 3, 5, 12, 13, 23, 33, 46, 49, 55, 57, 70] - 4223, [1, 2, 3, 5, 12, 14, 22, 25, 33, 49, 55, 58, 62, 70] - 4077, [1, 2, 3, 13, 23, 31, 40, 41, 45, 57, 70] - 4114, [1, 3, 12, 22, 33, 46, 49, 55, 57, 70] - 4022, [1, 2, 9, 11, 21, 31, 40, 44, 55, 58, 62, 70] - 4046, [1, 4, 11, 21, 23, 33, 46, 49, 55, 57, 70] - 4298, [1, 4, 10, 20, 21, 22, 23, 33, 41, 47, 56, 63, 70] - 5011, [1, 4, 10, 11, 21, 31, 41, 45, 47, 55, 57, 70] - 4039, [1, 4, 10, 11, 21, 23, 33, 41, 46, 49, 55, 57, 70] - 4547, [1, 3, 5, 12, 22, 25, 33, 41, 44, 45, 47, 55, 56, 57, 70] - 4888, [1, 2, 3, 23, 33, 49, 58, 62, 70] - 3590, [1, 2, 4, 10, 11, 21, 31, 33, 34, 46, 47, 49, 58, 62, 70] - 4624, [1, 3, 13, 23, 31, 41, 47, 56, 60, 61, 68, 70] - 6000, [1, 2, 9, 21, 22, 25, 33, 34, 41, 45, 56, 57, 70] - 4754, [1, 2, 4, 10, 11, 20, 21, 23, 31, 32, 39, 44, 55, 58, 62, 70] - 5560, [1, 3, 9, 13, 14, 24, 28, 34, 35, 46, 47, 55, 56, 60, 64, 67, 69, 70] - 7101, [1, 3, 13, 21, 23, 33, 47, 49, 58, 62, 70] - 3968, [1, 2, 4, 11, 21, 22, 24, 34, 46, 49, 55, 58, 62, 70] - 5032, [1, 2, 9, 21, 31, 40, 41, 45, 47, 55, 57, 70] - 3892]
melhor indiv??duo da gera????o:[1, 2, 3, 23, 33, 49, 58, 62, 70] - 3590
gera????o: 6: 
[[1, 2, 3, 5, 12, 13, 23, 33, 46, 49, 55, 57, 70] - 4223, [1, 2, 3, 5, 12, 14, 22, 25, 33, 49, 55, 58, 62, 70] - 4077, [1, 2, 3, 13, 23, 31, 40, 41, 45, 57, 70] - 4114, [1, 3, 12, 22, 33, 46, 49, 55, 57, 70] - 4022, [1, 2, 9, 11, 21, 31, 40, 44, 55, 58, 62, 70] - 4046, [1, 4, 11, 21, 23, 33, 46, 49, 55, 57, 70] - 4298, [1, 4, 10, 11, 21, 31, 41, 45, 47, 55, 57, 70] - 4039, [1, 3, 5, 12, 22, 25, 33, 41, 44, 45, 47, 55, 56, 57, 70] - 4888, [1, 2, 3, 23, 33, 49, 58, 62, 70] - 3590, [1, 3, 13, 23, 31, 41, 47, 56, 60, 61, 68, 70] - 6000, [1, 2, 4, 10, 11, 20, 21, 23, 31, 32, 39, 44, 55, 58, 62, 70] - 5560, [1, 3, 13, 21, 23, 33, 47, 49, 58, 62, 70] - 3968, [1, 2, 9, 21, 31, 40, 41, 45, 47, 55, 57, 70] - 3892, [1, 3, 23, 25, 33, 39, 53, 61, 63, 70] - 4682, [1, 2, 4, 11, 20, 37, 38, 43, 52, 53, 60, 65, 68, 70] - 5839, [1, 2, 3, 12, 14, 26, 34, 35, 49, 55, 56, 60, 61, 68, 70] - 6194, [1, 3, 5, 6, 17, 26, 34, 41, 46, 49, 55, 56, 61, 63, 70] - 5481, [1, 4, 11, 20, 31, 41, 47, 49, 58, 62, 70] - 4940, [1, 4, 10, 20, 30, 32, 40, 41, 44, 55, 56, 63, 70] - 5056, [1, 2, 3, 23, 25, 26, 33, 40, 44, 54, 56, 61, 63, 70] - 4745]
melhor indiv??duo da gera????o:[1, 2, 3, 23, 33, 49, 58, 62, 70] - 3590
gera????o: 7: 
[[1, 2, 3, 5, 12, 13, 23, 33, 46, 49, 55, 57, 70] - 4223, [1, 2, 3, 5, 12, 14, 22, 25, 33, 49, 55, 58, 62, 70] - 4077, [1, 2, 3, 13, 23, 31, 40, 41, 45, 57, 70] - 4114, [1, 3, 12, 22, 33, 46, 49, 55, 57, 70] - 4022, [1, 2, 9, 11, 21, 31, 40, 44, 55, 58, 62, 70] - 4046, [1, 4, 11, 21, 23, 33, 46, 49, 55, 57, 70] - 4298, [1, 4, 10, 11, 21, 31, 41, 45, 47, 55, 57, 70] - 4039, [1, 2, 3, 23, 33, 49, 58, 62, 70] - 3590, [1, 2, 4, 10, 11, 20, 21, 23, 31, 32, 39, 44, 55, 58, 62, 70] - 5560, [1, 3, 13, 21, 23, 33, 47, 49, 58, 62, 70] - 3968, [1, 2, 9, 21, 31, 40, 41, 45, 47, 55, 57, 70] - 3892, [1, 2, 4, 11, 20, 37, 38, 43, 52, 53, 60, 65, 68, 70] - 5839, [1, 3, 5, 6, 17, 26, 34, 41, 46, 49, 55, 56, 61, 63, 70] - 5481, [1, 4, 10, 20, 30, 32, 40, 41, 44, 55, 56, 63, 70] - 5056, [1, 3, 9, 11, 20, 30, 31, 40, 41, 46, 49, 58, 62, 70] - 5069, [1, 2, 4, 11, 20, 30, 31, 32, 39, 53, 61, 65, 68, 70] - 5691, [1, 2, 9, 11, 21, 23, 33, 46, 49, 55, 57, 70] - 4055, [1, 4, 10, 11, 20, 37, 38, 43, 52, 53, 54, 61, 63, 70] - 5005, [1, 3, 9, 13, 40, 44, 56, 63, 70] - 3814, [1, 2, 3, 12, 22, 23, 25, 26, 31, 41, 46, 49, 58, 62, 70] - 5306, [1, 3, 23, 25, 33, 49, 58, 62, 70] - 3619, [1, 4, 11, 20, 21, 23, 25, 26, 31, 32, 39, 44, 53, 61, 68, 70] - 6768, [1, 2, 3, 5, 6, 17, 26, 31, 41, 45, 56, 63, 70] - 4709]
melhor indiv??duo da gera????o:[1, 2, 3, 23, 33, 49, 58, 62, 70] - 3590
gera????o: 8: 
[[1, 2, 3, 5, 12, 13, 23, 33, 46, 49, 55, 57, 70] - 4223, [1, 2, 3, 5, 12, 14, 22, 25, 33, 49, 55, 58, 62, 70] - 4077, [1, 2, 3, 13, 23, 31, 40, 41, 45, 57, 70] - 4114, [1, 3, 12, 22, 33, 46, 49, 55, 57, 70] - 4022, [1, 2, 9, 11, 21, 31, 40, 44, 55, 58, 62, 70] - 4046, [1, 4, 10, 11, 21, 31, 41, 45, 47, 55, 57, 70] - 4039, [1, 2, 3, 23, 33, 49, 58, 62, 70] - 3590, [1, 3, 13, 21, 23, 33, 47, 49, 58, 62, 70] - 3968, [1, 2, 9, 21, 31, 40, 41, 45, 47, 55, 57, 70] - 3892, [1, 3, 5, 6, 17, 26, 34, 41, 46, 49, 55, 56, 61, 63, 70] - 5481, [1, 3, 9, 11, 20, 30, 31, 40, 41, 46, 49, 58, 62, 70] - 5069, [1, 2, 9, 11, 21, 23, 33, 46, 49, 55, 57, 70] - 4055, [1, 3, 9, 13, 40, 44, 56, 63, 70] - 3814, [1, 3, 23, 25, 33, 49, 58, 62, 70] - 3619, [1, 2, 3, 5, 6, 17, 26, 31, 41, 45, 56, 63, 70] - 4709, [1, 3, 23, 31, 32, 40, 44, 54, 56, 63, 70] - 3986, [1, 3, 5, 6, 22, 25, 33, 34, 35, 46, 49, 55, 58, 62, 70] - 4705, [1, 3, 12, 22, 33, 41, 44, 54, 56, 60, 65, 66, 67, 69, 70] - 6248, [1, 2, 9, 13, 40, 41, 47, 56, 60, 61, 68, 70] - 5786]
melhor indiv??duo da gera????o:[1, 2, 3, 23, 33, 49, 58, 62, 70] - 3590
gera????o: 9: 
[[1, 2, 3, 5, 12, 14, 22, 25, 33, 49, 55, 58, 62, 70] - 4077, [1, 3, 12, 22, 33, 46, 49, 55, 57, 70] - 4022, [1, 2, 9, 11, 21, 31, 40, 44, 55, 58, 62, 70] - 4046, [1, 4, 10, 11, 21, 31, 41, 45, 47, 55, 57, 70] - 4039, [1, 2, 3, 23, 33, 49, 58, 62, 70] - 3590, [1, 3, 13, 21, 23, 33, 47, 49, 58, 62, 70] - 3968, [1, 2, 9, 21, 31, 40, 41, 45, 47, 55, 57, 70] - 3892, [1, 3, 9, 11, 20, 30, 31, 40, 41, 46, 49, 58, 62, 70] - 5069, [1, 3, 9, 13, 40, 44, 56, 63, 70] - 3814, [1, 3, 23, 25, 33, 49, 58, 62, 70] - 3619, [1, 3, 23, 31, 32, 40, 44, 54, 56, 63, 70] - 3986, [1, 3, 12, 22, 33, 41, 44, 54, 56, 60, 65, 66, 67, 69, 70] - 6248, [1, 4, 11, 21, 23, 33, 39, 56, 57, 70] - 4949, [1, 3, 12, 14, 26, 28, 35, 46, 47, 55, 57, 70] - 4224, [1, 3, 5, 12, 13, 40, 41, 45, 56, 57, 70] - 4147, [1, 2, 9, 11, 20, 31, 40, 44, 45, 57, 70] - 4325, [1, 4, 11, 20, 30, 32, 37, 38, 43, 52, 59, 64, 67, 69, 70] - 6682, [1, 4, 11, 20, 39, 53, 61, 63, 70] - 4565, [1, 4, 10, 11, 20, 21, 22, 33, 47, 56, 57, 70] - 5134, [1, 2, 3, 23, 33, 46, 49, 58, 62, 70] - 4017]
melhor indiv??duo da gera????o:[1, 2, 3, 23, 33, 49, 58, 62, 70] - 3590
gera????o: 10: 
[[1, 2, 3, 5, 12, 14, 22, 25, 33, 49, 55, 58, 62, 70] - 4077, [1, 3, 12, 22, 33, 46, 49, 55, 57, 70] - 4022, [1, 2, 9, 11, 21, 31, 40, 44, 55, 58, 62, 70] - 4046, [1, 4, 10, 11, 21, 31, 41, 45, 47, 55, 57, 70] - 4039, [1, 2, 3, 23, 33, 49, 58, 62, 70] - 3590, [1, 3, 13, 21, 23, 33, 47, 49, 58, 62, 70] - 3968, [1, 2, 9, 21, 31, 40, 41, 45, 47, 55, 57, 70] - 3892, [1, 3, 9, 13, 40, 44, 56, 63, 70] - 3814, [1, 3, 23, 25, 33, 49, 58, 62, 70] - 3619, [1, 3, 23, 31, 32, 40, 44, 54, 56, 63, 70] - 3986, [1, 4, 11, 21, 23, 33, 39, 56, 57, 70] - 4949, [1, 3, 5, 12, 13, 40, 41, 45, 56, 57, 70] - 4147, [1, 4, 11, 20, 30, 32, 37, 38, 43, 52, 59, 64, 67, 69, 70] - 6682, [1, 4, 10, 11, 20, 21, 22, 33, 47, 56, 57, 70] - 5134, [1, 2, 3, 23, 33, 46, 49, 58, 62, 70] - 4017, [1, 2, 9, 11, 20, 32, 37, 39, 40, 44, 55, 58, 62, 70] - 4974, [1, 2, 9, 11, 21, 22, 24, 34, 35, 46, 47, 49, 55, 56, 61, 65, 66, 67, 68, 70] - 7630, [1, 3, 5, 6, 12, 14, 17, 18, 24, 26, 33, 40, 41, 47, 55, 58, 62, 70] - 5798, [1, 2, 4, 10, 11, 21, 22, 23, 31, 41, 46, 49, 55, 57, 70] - 4987, [1, 3, 23, 31, 32, 40, 44, 55, 56, 63, 70] - 4596, [1, 3, 23, 25, 26, 34, 35, 36, 49, 55, 56, 57, 70] - 5185, [1, 3, 12, 14, 25, 33, 41, 47, 56, 57, 70] - 4593, [1, 2, 9, 11, 21, 22, 33, 39, 42, 51, 59, 60, 65, 68, 70] - 5856]
melhor indiv??duo da gera????o:[1, 2, 3, 23, 33, 49, 58, 62, 70] - 3590
melhor valor ?? da gera????o 7!!!!
______________________________________________________________________________________________________________________________
