gera????o: 1: 
[[1, 3, 13, 14, 24, 34, 46, 47, 49, 55, 58, 62, 70] - 5013, [1, 4, 11, 21, 31, 32, 37, 42, 51, 59, 64, 65, 66, 67, 69, 70] - 6641, [1, 4, 11, 21, 23, 25, 26, 34, 35, 36, 48, 58, 62, 70] - 4769, [1, 3, 5, 12, 14, 22, 25, 33, 40, 44, 54, 56, 63, 70] - 4241, [1, 4, 11, 21, 22, 25, 33, 41, 46, 47, 55, 57, 70] - 4662, [1, 3, 9, 11, 21, 23, 33, 41, 47, 49, 55, 58, 62, 70] - 4535, [1, 4, 11, 20, 39, 53, 60, 65, 68, 70] - 5221, [1, 4, 11, 21, 23, 33, 39, 50, 53, 54, 61, 65, 66, 67, 68, 70] - 6584, [1, 2, 4, 11, 20, 39, 42, 51, 59, 60, 64, 67, 68, 70] - 6286, [1, 3, 12, 22, 25, 26, 31, 32, 39, 44, 56, 57, 70] - 5009, [1, 3, 5, 6, 8, 17, 24, 27, 35, 46, 47, 49, 55, 57, 70] - 4950, [1, 4, 11, 21, 31, 32, 40, 41, 47, 55, 57, 70] - 4270, [1, 4, 10, 20, 37, 38, 43, 52, 53, 61, 65, 66, 67, 69, 70] - 6348, [1, 2, 3, 5, 6, 7, 8, 17, 18, 24, 28, 36, 48, 58, 62, 70] - 5059, [1, 4, 10, 20, 21, 31, 32, 37, 42, 52, 60, 64, 67, 68, 70] - 5979, [1, 4, 10, 11, 21, 23, 25, 33, 40, 41, 47, 56, 57, 70] - 5190, [1, 2, 4, 11, 21, 22, 24, 26, 28, 36, 48, 49, 55, 56, 61, 68, 70] - 6527, [1, 4, 11, 20, 29, 38, 43, 51, 59, 66, 67, 68, 70] - 6072, [1, 2, 4, 11, 21, 22, 24, 34, 41, 44, 53, 60, 64, 65, 67, 68, 70] - 7549, [1, 3, 9, 21, 31, 40, 41, 45, 57, 70] - 3905, [1, 2, 4, 11, 21, 31, 33, 49, 58, 62, 70] - 3936, [1, 4, 11, 21, 22, 24, 28, 36, 48, 49, 58, 62, 70] - 5005, [1, 2, 4, 10, 11, 21, 23, 31, 33, 34, 41, 46, 49, 58, 62, 70] - 5414, [1, 4, 11, 21, 22, 33, 47, 56, 63, 70] - 4282, [1, 2, 4, 11, 20, 29, 37, 38, 43, 51, 59, 64, 66, 67, 68, 70] - 6294, [1, 2, 3, 9, 11, 20, 30, 32, 37, 39, 40, 44, 50, 53, 54, 61, 65, 66, 67, 68, 70] - 7176, [1, 3, 9, 13, 40, 44, 53, 61, 68, 70] - 4702, [1, 2, 9, 13, 14, 25, 26, 31, 41, 47, 55, 56, 60, 64, 65, 66, 67, 69, 70] - 7841, [1, 3, 12, 13, 14, 26, 31, 41, 47, 49, 55, 58, 62, 70] - 5324, [1, 3, 13, 21, 22, 25, 26, 31, 33, 49, 55, 57, 70] - 4733, [1, 2, 4, 11, 20, 30, 32, 37, 39, 50, 53, 61, 63, 70] - 5114, [1, 2, 3, 9, 13, 23, 33, 49, 58, 62, 70] - 3766, [1, 3, 23, 25, 33, 41, 44, 54, 56, 61, 68, 70] - 4615, [1, 4, 10, 11, 21, 23, 25, 33, 47, 56, 60, 64, 66, 67, 68, 70] - 6269, [1, 3, 12, 22, 23, 31, 32, 39, 53, 60, 64, 66, 67, 68, 70] - 5650, [1, 2, 9, 11, 21, 22, 25, 33, 40, 44, 53, 61, 63, 70] - 4702, [1, 4, 11, 21, 31, 41, 44, 54, 61, 68, 70] - 4606, [1, 4, 11, 21, 23, 31, 41, 45, 57, 70] - 4184, [1, 3, 13, 23, 33, 47, 55, 58, 62, 70] - 3664, [1, 3, 5, 6, 26, 28, 34, 46, 47, 49, 58, 62, 70] - 4300]
melhor indiv??duo da gera????o:[1, 3, 13, 23, 33, 47, 55, 58, 62, 70] - 3664
gera????o: 2: 
[[1, 4, 11, 21, 31, 32, 37, 42, 51, 59, 64, 65, 66, 67, 69, 70] - 6641, [1, 3, 5, 12, 14, 22, 25, 33, 40, 44, 54, 56, 63, 70] - 4241, [1, 3, 9, 11, 21, 23, 33, 41, 47, 49, 55, 58, 62, 70] - 4535, [1, 4, 11, 21, 23, 33, 39, 50, 53, 54, 61, 65, 66, 67, 68, 70] - 6584, [1, 3, 12, 22, 25, 26, 31, 32, 39, 44, 56, 57, 70] - 5009, [1, 4, 11, 21, 31, 32, 40, 41, 47, 55, 57, 70] - 4270, [1, 2, 3, 5, 6, 7, 8, 17, 18, 24, 28, 36, 48, 58, 62, 70] - 5059, [1, 4, 10, 11, 21, 23, 25, 33, 40, 41, 47, 56, 57, 70] - 5190, [1, 4, 11, 20, 29, 38, 43, 51, 59, 66, 67, 68, 70] - 6072, [1, 3, 9, 21, 31, 40, 41, 45, 57, 70] - 3905, [1, 4, 11, 21, 22, 24, 28, 36, 48, 49, 58, 62, 70] - 5005, [1, 4, 11, 21, 22, 33, 47, 56, 63, 70] - 4282, [1, 2, 3, 9, 11, 20, 30, 32, 37, 39, 40, 44, 50, 53, 54, 61, 65, 66, 67, 68, 70] - 7176, [1, 2, 9, 13, 14, 25, 26, 31, 41, 47, 55, 56, 60, 64, 65, 66, 67, 69, 70] - 7841, [1, 3, 13, 21, 22, 25, 26, 31, 33, 49, 55, 57, 70] - 4733, [1, 2, 3, 9, 13, 23, 33, 49, 58, 62, 70] - 3766, [1, 4, 10, 11, 21, 23, 25, 33, 47, 56, 60, 64, 66, 67, 68, 70] - 6269, [1, 2, 9, 11, 21, 22, 25, 33, 40, 44, 53, 61, 63, 70] - 4702, [1, 4, 11, 21, 23, 31, 41, 45, 57, 70] - 4184, [1, 3, 5, 6, 26, 28, 34, 46, 47, 49, 58, 62, 70] - 4300, [1, 2, 3, 9, 13, 23, 33, 49, 58, 62, 70] - 3766, [1, 4, 11, 21, 22, 33, 47, 56, 63, 70] - 4282, [1, 3, 12, 22, 25, 26, 31, 32, 39, 44, 56, 57, 70] - 5009]
melhor indiv??duo da gera????o:[1, 2, 3, 9, 13, 23, 33, 49, 58, 62, 70] - 3766
gera????o: 3: 
[[1, 3, 5, 12, 14, 22, 25, 33, 40, 44, 54, 56, 63, 70] - 4241, [1, 4, 11, 21, 23, 33, 39, 50, 53, 54, 61, 65, 66, 67, 68, 70] - 6584, [1, 4, 11, 21, 31, 32, 40, 41, 47, 55, 57, 70] - 4270, [1, 4, 10, 11, 21, 23, 25, 33, 40, 41, 47, 56, 57, 70] - 5190, [1, 3, 9, 21, 31, 40, 41, 45, 57, 70] - 3905, [1, 4, 11, 21, 22, 33, 47, 56, 63, 70] - 4282, [1, 2, 9, 13, 14, 25, 26, 31, 41, 47, 55, 56, 60, 64, 65, 66, 67, 69, 70] - 7841, [1, 2, 3, 9, 13, 23, 33, 49, 58, 62, 70] - 3766, [1, 2, 9, 11, 21, 22, 25, 33, 40, 44, 53, 61, 63, 70] - 4702, [1, 3, 5, 6, 26, 28, 34, 46, 47, 49, 58, 62, 70] - 4300, [1, 4, 11, 21, 22, 33, 47, 56, 63, 70] - 4282, [1, 4, 11, 21, 22, 33, 47, 56, 63, 70] - 4282, [1, 3, 9, 21, 31, 40, 41, 45, 57, 70] - 3905]
melhor indiv??duo da gera????o:[1, 2, 3, 9, 13, 23, 33, 49, 58, 62, 70] - 3766
______________________________________________________________________________________________________________________________
