gera????o: 1: 
[[1, 4, 10, 20, 31, 32, 39, 53, 54, 61, 63, 70] - 4580, [1, 4, 11, 21, 22, 33, 39, 53, 61, 65, 67, 68, 70] - 6444, [1, 3, 12, 13, 22, 33, 49, 58, 62, 70] - 3610, [1, 4, 11, 20, 39, 50, 53, 61, 63, 70] - 4576, [1, 3, 5, 12, 13, 40, 44, 53, 61, 68, 70] - 4648, [1, 3, 23, 33, 46, 49, 55, 58, 62, 70] - 4110, [1, 4, 10, 11, 21, 23, 31, 41, 44, 55, 56, 63, 70] - 4990, [1, 2, 4, 11, 20, 29, 37, 38, 43, 52, 60, 64, 67, 68, 70] - 6218, [1, 2, 4, 11, 21, 23, 33, 40, 44, 55, 56, 60, 64, 67, 68, 70] - 6898, [1, 3, 12, 13, 31, 32, 39, 50, 53, 60, 65, 68, 70] - 4871, [1, 2, 3, 5, 12, 22, 23, 33, 49, 55, 56, 63, 70] - 4223, [1, 3, 13, 22, 25, 26, 28, 34, 46, 47, 49, 58, 62, 70] - 4437, [1, 3, 12, 13, 23, 25, 26, 31, 41, 46, 49, 58, 62, 70] - 5206, [1, 4, 10, 20, 39, 50, 53, 61, 68, 70] - 4594, [1, 2, 3, 12, 13, 22, 33, 34, 46, 47, 55, 58, 62, 70] - 4363, [1, 3, 23, 33, 39, 42, 52, 59, 66, 67, 69, 70] - 6098, [1, 2, 4, 11, 21, 31, 33, 41, 45, 56, 63, 70] - 4182, [1, 2, 3, 12, 14, 26, 28, 35, 46, 47, 49, 58, 62, 70] - 4645, [1, 3, 23, 31, 40, 41, 44, 55, 56, 60, 64, 66, 67, 69, 70] - 6621, [1, 3, 5, 6, 22, 25, 33, 40, 44, 54, 56, 63, 70] - 4113, [1, 2, 4, 10, 20, 21, 23, 31, 32, 37, 42, 51, 59, 66, 67, 69, 70] - 6515, [1, 3, 5, 12, 13, 31, 41, 45, 47, 56, 60, 65, 68, 70] - 5721, [1, 4, 10, 20, 32, 40, 44, 56, 63, 70] - 4028, [1, 4, 10, 11, 20, 30, 32, 37, 38, 43, 51, 59, 60, 65, 66, 67, 68, 70] - 6845, [1, 3, 23, 33, 46, 49, 55, 57, 70] - 3968, [1, 3, 13, 21, 22, 24, 28, 35, 49, 58, 62, 70] - 4571, [1, 4, 11, 21, 23, 25, 26, 28, 34, 46, 47, 49, 58, 62, 70] - 4758, [1, 2, 3, 13, 31, 32, 39, 42, 50, 53, 54, 56, 60, 65, 66, 67, 69, 70] - 7059, [1, 3, 13, 31, 32, 39, 50, 53, 61, 63, 70] - 4212, [1, 3, 13, 22, 33, 47, 49, 58, 62, 70] - 3867, [1, 4, 10, 20, 21, 23, 25, 26, 28, 34, 41, 44, 55, 56, 63, 70] - 6010, [1, 2, 9, 11, 20, 31, 32, 39, 50, 53, 60, 65, 68, 70] - 5349, [1, 3, 9, 13, 23, 33, 47, 56, 63, 70] - 4000, [1, 2, 9, 11, 21, 31, 33, 41, 45, 47, 56, 57, 70] - 4562, [1, 3, 12, 22, 25, 33, 46, 47, 49, 55, 57, 70] - 4303, [1, 3, 13, 40, 41, 44, 56, 57, 70] - 4255, [1, 2, 3, 9, 13, 23, 25, 33, 39, 44, 53, 61, 63, 70] - 5446, [1, 2, 3, 13, 14, 24, 26, 33, 46, 47, 55, 56, 57, 70] - 5774, [1, 2, 4, 10, 20, 21, 31, 40, 44, 53, 61, 68, 70] - 5270, [1, 2, 3, 23, 31, 33, 47, 56, 57, 70] - 4476]
melhor indiv??duo da gera????o:[1, 3, 12, 13, 22, 33, 49, 58, 62, 70] - 3610
gera????o: 2: 
[[1, 4, 11, 21, 22, 33, 39, 53, 61, 65, 67, 68, 70] - 6444, [1, 4, 11, 20, 39, 50, 53, 61, 63, 70] - 4576, [1, 3, 23, 33, 46, 49, 55, 58, 62, 70] - 4110, [1, 2, 4, 11, 20, 29, 37, 38, 43, 52, 60, 64, 67, 68, 70] - 6218, [1, 3, 12, 13, 31, 32, 39, 50, 53, 60, 65, 68, 70] - 4871, [1, 3, 13, 22, 25, 26, 28, 34, 46, 47, 49, 58, 62, 70] - 4437, [1, 4, 10, 20, 39, 50, 53, 61, 68, 70] - 4594, [1, 3, 23, 33, 39, 42, 52, 59, 66, 67, 69, 70] - 6098, [1, 2, 3, 12, 14, 26, 28, 35, 46, 47, 49, 58, 62, 70] - 4645, [1, 3, 5, 6, 22, 25, 33, 40, 44, 54, 56, 63, 70] - 4113, [1, 3, 5, 12, 13, 31, 41, 45, 47, 56, 60, 65, 68, 70] - 5721, [1, 4, 10, 11, 20, 30, 32, 37, 38, 43, 51, 59, 60, 65, 66, 67, 68, 70] - 6845, [1, 3, 13, 21, 22, 24, 28, 35, 49, 58, 62, 70] - 4571, [1, 2, 3, 13, 31, 32, 39, 42, 50, 53, 54, 56, 60, 65, 66, 67, 69, 70] - 7059, [1, 3, 13, 22, 33, 47, 49, 58, 62, 70] - 3867, [1, 2, 9, 11, 20, 31, 32, 39, 50, 53, 60, 65, 68, 70] - 5349, [1, 2, 9, 11, 21, 31, 33, 41, 45, 47, 56, 57, 70] - 4562, [1, 3, 13, 40, 41, 44, 56, 57, 70] - 4255, [1, 2, 3, 13, 14, 24, 26, 33, 46, 47, 55, 56, 57, 70] - 5774, [1, 2, 3, 23, 31, 33, 47, 56, 57, 70] - 4476, [1, 2, 4, 10, 20, 21, 23, 31, 32, 37, 42, 51, 59, 66, 67, 69, 70] - 6515, [1, 3, 12, 13, 31, 32, 39, 50, 53, 60, 65, 68, 70] - 4871, [1, 3, 12, 22, 25, 33, 46, 47, 49, 55, 57, 70] - 4303, [1, 4, 10, 20, 32, 40, 44, 56, 63, 70] - 4028, [1, 2, 3, 13, 14, 24, 26, 33, 46, 47, 55, 56, 57, 70] - 5774, [1, 3, 12, 13, 31, 32, 39, 50, 53, 60, 65, 68, 70] - 4871, [1, 4, 10, 20, 39, 50, 53, 61, 68, 70] - 4594, [1, 3, 23, 31, 40, 41, 44, 55, 56, 60, 64, 66, 67, 69, 70] - 6621]
melhor indiv??duo da gera????o:[1, 3, 13, 22, 33, 47, 49, 58, 62, 70] - 3867
gera????o: 3: 
[[1, 4, 11, 20, 39, 50, 53, 61, 63, 70] - 4576, [1, 2, 4, 11, 20, 29, 37, 38, 43, 52, 60, 64, 67, 68, 70] - 6218, [1, 3, 13, 22, 25, 26, 28, 34, 46, 47, 49, 58, 62, 70] - 4437, [1, 3, 23, 33, 39, 42, 52, 59, 66, 67, 69, 70] - 6098, [1, 3, 5, 6, 22, 25, 33, 40, 44, 54, 56, 63, 70] - 4113, [1, 4, 10, 11, 20, 30, 32, 37, 38, 43, 51, 59, 60, 65, 66, 67, 68, 70] - 6845, [1, 2, 3, 13, 31, 32, 39, 42, 50, 53, 54, 56, 60, 65, 66, 67, 69, 70] - 7059, [1, 2, 9, 11, 20, 31, 32, 39, 50, 53, 60, 65, 68, 70] - 5349, [1, 3, 13, 40, 41, 44, 56, 57, 70] - 4255, [1, 2, 3, 23, 31, 33, 47, 56, 57, 70] - 4476, [1, 3, 12, 13, 31, 32, 39, 50, 53, 60, 65, 68, 70] - 4871, [1, 4, 10, 20, 32, 40, 44, 56, 63, 70] - 4028, [1, 3, 12, 13, 31, 32, 39, 50, 53, 60, 65, 68, 70] - 4871, [1, 3, 23, 31, 40, 41, 44, 55, 56, 60, 64, 66, 67, 69, 70] - 6621, [1, 2, 3, 23, 31, 33, 47, 56, 57, 70] - 4476, [1, 2, 9, 11, 21, 31, 33, 41, 45, 47, 56, 57, 70] - 4562, [1, 2, 9, 11, 20, 31, 32, 39, 50, 53, 60, 65, 68, 70] - 5349, [1, 2, 3, 13, 14, 24, 26, 33, 46, 47, 55, 56, 57, 70] - 5774, [1, 2, 3, 12, 14, 26, 28, 35, 46, 47, 49, 58, 62, 70] - 4645, [1, 2, 4, 11, 20, 29, 37, 38, 43, 52, 60, 64, 67, 68, 70] - 6218]
melhor indiv??duo da gera????o:[1, 4, 10, 20, 32, 40, 44, 56, 63, 70] - 4028
gera????o: 4: 
[[1, 2, 4, 11, 20, 29, 37, 38, 43, 52, 60, 64, 67, 68, 70] - 6218, [1, 3, 23, 33, 39, 42, 52, 59, 66, 67, 69, 70] - 6098, [1, 4, 10, 11, 20, 30, 32, 37, 38, 43, 51, 59, 60, 65, 66, 67, 68, 70] - 6845, [1, 2, 9, 11, 20, 31, 32, 39, 50, 53, 60, 65, 68, 70] - 5349, [1, 2, 3, 23, 31, 33, 47, 56, 57, 70] - 4476, [1, 4, 10, 20, 32, 40, 44, 56, 63, 70] - 4028, [1, 3, 23, 31, 40, 41, 44, 55, 56, 60, 64, 66, 67, 69, 70] - 6621, [1, 2, 9, 11, 21, 31, 33, 41, 45, 47, 56, 57, 70] - 4562, [1, 2, 3, 13, 14, 24, 26, 33, 46, 47, 55, 56, 57, 70] - 5774, [1, 2, 4, 11, 20, 29, 37, 38, 43, 52, 60, 64, 67, 68, 70] - 6218, [1, 3, 12, 13, 31, 32, 39, 50, 53, 60, 65, 68, 70] - 4871, [1, 4, 10, 20, 32, 40, 44, 56, 63, 70] - 4028, [1, 3, 12, 13, 31, 32, 39, 50, 53, 60, 65, 68, 70] - 4871, [1, 3, 13, 22, 25, 26, 28, 34, 46, 47, 49, 58, 62, 70] - 4437, [1, 2, 3, 12, 14, 26, 28, 35, 46, 47, 49, 58, 62, 70] - 4645, [1, 3, 13, 22, 25, 26, 28, 34, 46, 47, 49, 58, 62, 70] - 4437, [1, 4, 11, 20, 39, 50, 53, 61, 63, 70] - 4576, [1, 3, 13, 22, 25, 26, 28, 34, 46, 47, 49, 58, 62, 70] - 4437]
melhor indiv??duo da gera????o:[1, 4, 10, 20, 32, 40, 44, 56, 63, 70] - 4028
gera????o: 5: 
[[1, 3, 23, 33, 39, 42, 52, 59, 66, 67, 69, 70] - 6098, [1, 2, 9, 11, 20, 31, 32, 39, 50, 53, 60, 65, 68, 70] - 5349, [1, 4, 10, 20, 32, 40, 44, 56, 63, 70] - 4028, [1, 2, 9, 11, 21, 31, 33, 41, 45, 47, 56, 57, 70] - 4562, [1, 2, 4, 11, 20, 29, 37, 38, 43, 52, 60, 64, 67, 68, 70] - 6218, [1, 4, 10, 20, 32, 40, 44, 56, 63, 70] - 4028, [1, 3, 13, 22, 25, 26, 28, 34, 46, 47, 49, 58, 62, 70] - 4437, [1, 3, 13, 22, 25, 26, 28, 34, 46, 47, 49, 58, 62, 70] - 4437, [1, 3, 13, 22, 25, 26, 28, 34, 46, 47, 49, 58, 62, 70] - 4437, [1, 3, 13, 22, 25, 26, 28, 34, 46, 47, 49, 58, 62, 70] - 4437, [1, 3, 12, 13, 31, 32, 39, 50, 53, 60, 65, 68, 70] - 4871, [1, 2, 9, 11, 21, 31, 33, 41, 45, 47, 56, 57, 70] - 4562, [1, 3, 13, 22, 25, 26, 28, 34, 46, 47, 49, 58, 62, 70] - 4437, [1, 4, 10, 20, 32, 40, 44, 56, 63, 70] - 4028, [1, 4, 10, 11, 20, 30, 32, 37, 38, 43, 51, 59, 60, 65, 66, 67, 68, 70] - 6845, [1, 3, 13, 22, 25, 26, 28, 34, 46, 47, 49, 58, 62, 70] - 4437]
melhor indiv??duo da gera????o:[1, 4, 10, 20, 32, 40, 44, 56, 63, 70] - 4028
gera????o: 6: 
[[1, 2, 9, 11, 20, 31, 32, 39, 50, 53, 60, 65, 68, 70] - 5349, [1, 2, 9, 11, 21, 31, 33, 41, 45, 47, 56, 57, 70] - 4562, [1, 4, 10, 20, 32, 40, 44, 56, 63, 70] - 4028, [1, 3, 13, 22, 25, 26, 28, 34, 46, 47, 49, 58, 62, 70] - 4437, [1, 3, 13, 22, 25, 26, 28, 34, 46, 47, 49, 58, 62, 70] - 4437, [1, 2, 9, 11, 21, 31, 33, 41, 45, 47, 56, 57, 70] - 4562, [1, 4, 10, 20, 32, 40, 44, 56, 63, 70] - 4028, [1, 3, 13, 22, 25, 26, 28, 34, 46, 47, 49, 58, 62, 70] - 4437, [1, 4, 10, 20, 32, 40, 44, 56, 63, 70] - 4028, [1, 4, 10, 20, 32, 40, 44, 56, 63, 70] - 4028, [1, 2, 9, 11, 21, 31, 33, 41, 45, 47, 56, 57, 70] - 4562, [1, 3, 12, 13, 31, 32, 39, 50, 53, 60, 65, 68, 70] - 4871, [1, 2, 9, 11, 21, 31, 33, 41, 45, 47, 56, 57, 70] - 4562, [1, 2, 9, 11, 21, 31, 33, 41, 45, 47, 56, 57, 70] - 4562, [1, 3, 13, 22, 25, 26, 28, 34, 46, 47, 49, 58, 62, 70] - 4437]
melhor indiv??duo da gera????o:[1, 4, 10, 20, 32, 40, 44, 56, 63, 70] - 4028
gera????o: 7: 
[[1, 2, 9, 11, 21, 31, 33, 41, 45, 47, 56, 57, 70] - 4562, [1, 3, 13, 22, 25, 26, 28, 34, 46, 47, 49, 58, 62, 70] - 4437, [1, 2, 9, 11, 21, 31, 33, 41, 45, 47, 56, 57, 70] - 4562, [1, 3, 13, 22, 25, 26, 28, 34, 46, 47, 49, 58, 62, 70] - 4437, [1, 4, 10, 20, 32, 40, 44, 56, 63, 70] - 4028, [1, 3, 12, 13, 31, 32, 39, 50, 53, 60, 65, 68, 70] - 4871, [1, 2, 9, 11, 21, 31, 33, 41, 45, 47, 56, 57, 70] - 4562, [1, 4, 10, 20, 32, 40, 44, 56, 63, 70] - 4028, [1, 4, 10, 20, 32, 40, 44, 56, 63, 70] - 4028, [1, 2, 9, 11, 21, 31, 33, 41, 45, 47, 56, 57, 70] - 4562, [1, 4, 10, 20, 32, 40, 44, 56, 63, 70] - 4028, [1, 4, 10, 20, 32, 40, 44, 56, 63, 70] - 4028, [1, 4, 10, 20, 32, 40, 44, 56, 63, 70] - 4028, [1, 3, 13, 22, 25, 26, 28, 34, 46, 47, 49, 58, 62, 70] - 4437]
melhor indiv??duo da gera????o:[1, 4, 10, 20, 32, 40, 44, 56, 63, 70] - 4028
gera????o: 8: 
[[1, 3, 13, 22, 25, 26, 28, 34, 46, 47, 49, 58, 62, 70] - 4437, [1, 3, 13, 22, 25, 26, 28, 34, 46, 47, 49, 58, 62, 70] - 4437, [1, 3, 12, 13, 31, 32, 39, 50, 53, 60, 65, 68, 70] - 4871, [1, 4, 10, 20, 32, 40, 44, 56, 63, 70] - 4028, [1, 2, 9, 11, 21, 31, 33, 41, 45, 47, 56, 57, 70] - 4562, [1, 4, 10, 20, 32, 40, 44, 56, 63, 70] - 4028, [1, 3, 13, 22, 25, 26, 28, 34, 46, 47, 49, 58, 62, 70] - 4437, [1, 3, 13, 22, 25, 26, 28, 34, 46, 47, 49, 58, 62, 70] - 4437, [1, 2, 9, 11, 21, 31, 33, 41, 45, 47, 56, 57, 70] - 4562, [1, 2, 9, 11, 21, 31, 33, 41, 45, 47, 56, 57, 70] - 4562, [1, 4, 10, 20, 32, 40, 44, 56, 63, 70] - 4028, [1, 4, 10, 20, 32, 40, 44, 56, 63, 70] - 4028, [1, 4, 10, 20, 32, 40, 44, 56, 63, 70] - 4028]
melhor indiv??duo da gera????o:[1, 4, 10, 20, 32, 40, 44, 56, 63, 70] - 4028
gera????o: 9: 
[[1, 3, 13, 22, 25, 26, 28, 34, 46, 47, 49, 58, 62, 70] - 4437, [1, 4, 10, 20, 32, 40, 44, 56, 63, 70] - 4028, [1, 4, 10, 20, 32, 40, 44, 56, 63, 70] - 4028, [1, 3, 13, 22, 25, 26, 28, 34, 46, 47, 49, 58, 62, 70] - 4437, [1, 2, 9, 11, 21, 31, 33, 41, 45, 47, 56, 57, 70] - 4562, [1, 4, 10, 20, 32, 40, 44, 56, 63, 70] - 4028, [1, 3, 13, 22, 25, 26, 28, 34, 46, 47, 49, 58, 62, 70] - 4437, [1, 3, 13, 22, 25, 26, 28, 34, 46, 47, 49, 58, 62, 70] - 4437, [1, 4, 10, 20, 32, 40, 44, 56, 63, 70] - 4028, [1, 4, 10, 20, 32, 40, 44, 56, 63, 70] - 4028, [1, 4, 10, 20, 32, 40, 44, 56, 63, 70] - 4028, [1, 4, 10, 20, 32, 40, 44, 56, 63, 70] - 4028]
melhor indiv??duo da gera????o:[1, 4, 10, 20, 32, 40, 44, 56, 63, 70] - 4028
gera????o: 10: 
[[1, 4, 10, 20, 32, 40, 44, 56, 63, 70] - 4028, [1, 3, 13, 22, 25, 26, 28, 34, 46, 47, 49, 58, 62, 70] - 4437, [1, 4, 10, 20, 32, 40, 44, 56, 63, 70] - 4028, [1, 3, 13, 22, 25, 26, 28, 34, 46, 47, 49, 58, 62, 70] - 4437, [1, 4, 10, 20, 32, 40, 44, 56, 63, 70] - 4028, [1, 4, 10, 20, 32, 40, 44, 56, 63, 70] - 4028, [1, 4, 10, 20, 32, 40, 44, 56, 63, 70] - 4028, [1, 4, 10, 20, 32, 40, 44, 56, 63, 70] - 4028, [1, 4, 10, 20, 32, 40, 44, 56, 63, 70] - 4028, [1, 3, 13, 22, 25, 26, 28, 34, 46, 47, 49, 58, 62, 70] - 4437, [1, 4, 10, 20, 32, 40, 44, 56, 63, 70] - 4028]
melhor indiv??duo da gera????o:[1, 4, 10, 20, 32, 40, 44, 56, 63, 70] - 4028
melhor valor ?? da gera????o 9!!!!
______________________________________________________________________________________________________________________________
