geração: 1: 
[[1, 6, 8, 9, 13, 14, 10, 12, 19, 20] - 65, [1, 6, 8, 9, 13, 15, 20] - 36, [1, 6, 8, 3, 5, 12, 16, 10, 14, 13, 19, 20] - 59, [1, 2, 4, 5, 12, 13, 14, 15, 20] - 51, [1, 6, 8, 3, 5, 12, 16, 17, 18, 13, 19, 20] - 64, [1, 3, 8, 9, 12, 13, 14, 15, 20] - 40, [1, 3, 8, 9, 12, 16, 17, 18, 13, 14, 15, 20] - 65, [1, 2, 4, 11, 10, 14, 15, 20] - 38, [1, 6, 8, 3, 5, 10, 13, 9, 12, 16, 17, 18, 19, 20] - 91, [1, 6, 7, 9, 12, 19, 20] - 40, [1, 2, 4, 5, 12, 16, 17, 19, 20] - 57, [1, 6, 8, 9, 10, 13, 19, 20] - 41, [1, 3, 8, 9, 16, 10, 12, 19, 20] - 50, [1, 3, 8, 10, 13, 15, 20] - 36, [1, 3, 8, 9, 16, 12, 19, 20] - 37, [1, 2, 3, 8, 10, 12, 5] - 46, [1, 6, 8, 3, 5, 12, 13, 19, 20] - 39, [1, 6, 8, 3, 5, 10, 14, 15, 20] - 38, [1, 2, 3, 8, 10, 12, 19, 20] - 48, [1, 3, 6, 7, 8, 9, 12, 13, 15, 20] - 42, [1, 6, 7, 8, 10, 13, 19, 20] - 45, [1, 2, 4, 5, 12, 19, 20] - 43, [1, 2, 5, 8, 3, 6, 7, 9, 13, 14, 15, 20] - 66, [1, 2, 5, 12, 16, 10, 13, 15, 20] - 48, [1, 3, 8, 9, 10, 12, 5, 2, 4, 11, 13, 19, 20] - 73, [1, 6, 8, 3, 5, 10, 14, 13, 19, 20] - 44, [1, 3, 6, 8, 10, 13, 15, 20] - 42, [1, 6, 7, 9, 12, 13, 14, 10] - 45, [1, 3, 8, 10, 13, 19, 20] - 36, [1, 2, 5, 12, 19, 20] - 32, [1, 6, 7, 9, 13, 19, 20] - 41, [1, 2, 4, 11, 13, 19, 20] - 34, [1, 6, 7, 9, 10, 13, 14, 15, 20] - 56, [1, 3, 6, 7, 8, 10, 13, 15, 20] - 48, [1, 3, 8, 9, 12, 16, 10, 13, 15, 20] - 48, [1, 2, 5, 12, 16, 10, 14, 15, 20] - 44, [1, 2, 3, 5, 10, 13, 19, 20] - 38, [1, 2, 5, 12, 16, 10, 13, 9] - 58, [1, 3, 8, 9, 12, 19, 20] - 32, [1, 3, 8, 10, 14, 15, 20] - 32]
melhor indivíduo da geração:[1, 2, 5, 12, 19, 20] - 32
geração: 2: 
[[1, 6, 8, 9, 13, 15, 20] - 36, [1, 3, 8, 9, 12, 13, 14, 15, 20] - 40, [1, 2, 4, 11, 10, 14, 15, 20] - 38, [1, 6, 7, 9, 12, 19, 20] - 40, [1, 6, 8, 9, 10, 13, 19, 20] - 41, [1, 3, 8, 10, 13, 15, 20] - 36, [1, 3, 8, 9, 16, 12, 19, 20] - 37, [1, 2, 3, 8, 10, 12, 5] - 46, [1, 6, 8, 3, 5, 12, 13, 19, 20] - 39, [1, 6, 8, 3, 5, 10, 14, 15, 20] - 38, [1, 2, 3, 8, 10, 12, 19, 20] - 48, [1, 3, 6, 7, 8, 9, 12, 13, 15, 20] - 42, [1, 6, 7, 8, 10, 13, 19, 20] - 45, [1, 2, 4, 5, 12, 19, 20] - 43, [1, 2, 5, 12, 16, 10, 13, 15, 20] - 48, [1, 6, 8, 3, 5, 10, 14, 13, 19, 20] - 44, [1, 3, 6, 8, 10, 13, 15, 20] - 42, [1, 6, 7, 9, 12, 13, 14, 10] - 45, [1, 3, 8, 10, 13, 19, 20] - 36, [1, 2, 5, 12, 19, 20] - 32, [1, 6, 7, 9, 13, 19, 20] - 41, [1, 2, 4, 11, 13, 19, 20] - 34, [1, 3, 6, 7, 8, 10, 13, 15, 20] - 48, [1, 3, 8, 9, 12, 16, 10, 13, 15, 20] - 48, [1, 2, 5, 12, 16, 10, 14, 15, 20] - 44, [1, 2, 3, 5, 10, 13, 19, 20] - 38, [1, 3, 8, 9, 12, 19, 20] - 32, [1, 3, 8, 10, 14, 15, 20] - 32, [1, 3, 8, 9, 13, 19, 20] - 33]
melhor indivíduo da geração:[1, 2, 5, 12, 19, 20] - 32
geração: 3: 
[[1, 6, 8, 9, 13, 15, 20] - 36, [1, 3, 8, 9, 12, 13, 14, 15, 20] - 40, [1, 2, 4, 11, 10, 14, 15, 20] - 38, [1, 6, 7, 9, 12, 19, 20] - 40, [1, 3, 8, 10, 13, 15, 20] - 36, [1, 3, 8, 9, 16, 12, 19, 20] - 37, [1, 6, 8, 3, 5, 12, 13, 19, 20] - 39, [1, 6, 8, 3, 5, 10, 14, 15, 20] - 38, [1, 3, 8, 10, 13, 19, 20] - 36, [1, 2, 5, 12, 19, 20] - 32, [1, 2, 4, 11, 13, 19, 20] - 34, [1, 2, 3, 5, 10, 13, 19, 20] - 38, [1, 3, 8, 9, 12, 19, 20] - 32, [1, 3, 8, 10, 14, 15, 20] - 32, [1, 3, 8, 9, 13, 19, 20] - 33, [1, 6, 8, 9, 12, 19, 20] - 35]
melhor indivíduo da geração:[1, 2, 5, 12, 19, 20] - 32
geração: 4: 
[[1, 6, 8, 9, 13, 15, 20] - 36, [1, 2, 4, 11, 10, 14, 15, 20] - 38, [1, 3, 8, 10, 13, 15, 20] - 36, [1, 3, 8, 9, 16, 12, 19, 20] - 37, [1, 6, 8, 3, 5, 12, 13, 19, 20] - 39, [1, 6, 8, 3, 5, 10, 14, 15, 20] - 38, [1, 3, 8, 10, 13, 19, 20] - 36, [1, 2, 5, 12, 19, 20] - 32, [1, 2, 4, 11, 13, 19, 20] - 34, [1, 2, 3, 5, 10, 13, 19, 20] - 38, [1, 3, 8, 9, 12, 19, 20] - 32, [1, 3, 8, 10, 14, 15, 20] - 32, [1, 3, 8, 9, 13, 19, 20] - 33, [1, 6, 8, 9, 12, 19, 20] - 35]
melhor indivíduo da geração:[1, 2, 5, 12, 19, 20] - 32
geração: 5: 
[[1, 6, 8, 9, 13, 15, 20] - 36, [1, 2, 4, 11, 10, 14, 15, 20] - 38, [1, 3, 8, 10, 13, 15, 20] - 36, [1, 3, 8, 9, 16, 12, 19, 20] - 37, [1, 6, 8, 3, 5, 12, 13, 19, 20] - 39, [1, 6, 8, 3, 5, 10, 14, 15, 20] - 38, [1, 3, 8, 10, 13, 19, 20] - 36, [1, 2, 5, 12, 19, 20] - 32, [1, 2, 4, 11, 13, 19, 20] - 34, [1, 2, 3, 5, 10, 13, 19, 20] - 38, [1, 3, 8, 9, 12, 19, 20] - 32, [1, 3, 8, 10, 14, 15, 20] - 32, [1, 3, 8, 9, 13, 19, 20] - 33, [1, 6, 8, 9, 12, 19, 20] - 35, [1, 3, 5, 12, 19, 20] - 32, [1, 2, 5, 12, 13, 14, 10] - 37]
melhor indivíduo da geração:[1, 2, 5, 12, 19, 20] - 32
geração: 6: 
[[1, 6, 8, 9, 13, 15, 20] - 36, [1, 2, 4, 11, 10, 14, 15, 20] - 38, [1, 3, 8, 10, 13, 15, 20] - 36, [1, 3, 8, 9, 16, 12, 19, 20] - 37, [1, 6, 8, 3, 5, 12, 13, 19, 20] - 39, [1, 6, 8, 3, 5, 10, 14, 15, 20] - 38, [1, 3, 8, 10, 13, 19, 20] - 36, [1, 2, 5, 12, 19, 20] - 32, [1, 2, 4, 11, 13, 19, 20] - 34, [1, 2, 3, 5, 10, 13, 19, 20] - 38, [1, 3, 8, 9, 12, 19, 20] - 32, [1, 3, 8, 10, 14, 15, 20] - 32, [1, 3, 8, 9, 13, 19, 20] - 33, [1, 6, 8, 9, 12, 19, 20] - 35, [1, 3, 5, 12, 19, 20] - 32, [1, 2, 5, 12, 13, 14, 10] - 37, [1, 2, 3, 5, 12, 19, 20] - 37, [1, 6, 8, 10, 14, 15, 20] - 35, [1, 2, 4, 10, 13, 15, 20] - 35, [1, 2, 5, 10, 14, 15, 20] - 29]
melhor indivíduo da geração:[1, 2, 5, 10, 14, 15, 20] - 29
geração: 7: 
[[1, 6, 8, 9, 13, 15, 20] - 36, [1, 2, 4, 11, 10, 14, 15, 20] - 38, [1, 3, 8, 10, 13, 15, 20] - 36, [1, 3, 8, 9, 16, 12, 19, 20] - 37, [1, 6, 8, 3, 5, 12, 13, 19, 20] - 39, [1, 6, 8, 3, 5, 10, 14, 15, 20] - 38, [1, 3, 8, 10, 13, 19, 20] - 36, [1, 2, 5, 12, 19, 20] - 32, [1, 2, 4, 11, 13, 19, 20] - 34, [1, 2, 3, 5, 10, 13, 19, 20] - 38, [1, 3, 8, 9, 12, 19, 20] - 32, [1, 3, 8, 10, 14, 15, 20] - 32, [1, 3, 8, 9, 13, 19, 20] - 33, [1, 6, 8, 9, 12, 19, 20] - 35, [1, 3, 5, 12, 19, 20] - 32, [1, 2, 5, 12, 13, 14, 10] - 37, [1, 2, 3, 5, 12, 19, 20] - 37, [1, 6, 8, 10, 14, 15, 20] - 35, [1, 2, 4, 10, 13, 15, 20] - 35, [1, 2, 5, 10, 14, 15, 20] - 29, [1, 6, 8, 10, 13, 15, 20] - 39, [1, 2, 3, 8, 9, 12, 13, 15, 20] - 35]
melhor indivíduo da geração:[1, 2, 5, 10, 14, 15, 20] - 29
geração: 8: 
[[1, 6, 8, 9, 13, 15, 20] - 36, [1, 2, 4, 11, 10, 14, 15, 20] - 38, [1, 3, 8, 10, 13, 15, 20] - 36, [1, 3, 8, 9, 16, 12, 19, 20] - 37, [1, 6, 8, 3, 5, 10, 14, 15, 20] - 38, [1, 3, 8, 10, 13, 19, 20] - 36, [1, 2, 5, 12, 19, 20] - 32, [1, 2, 4, 11, 13, 19, 20] - 34, [1, 2, 3, 5, 10, 13, 19, 20] - 38, [1, 3, 8, 9, 12, 19, 20] - 32, [1, 3, 8, 10, 14, 15, 20] - 32, [1, 3, 8, 9, 13, 19, 20] - 33, [1, 6, 8, 9, 12, 19, 20] - 35, [1, 3, 5, 12, 19, 20] - 32, [1, 2, 5, 12, 13, 14, 10] - 37, [1, 2, 3, 5, 12, 19, 20] - 37, [1, 6, 8, 10, 14, 15, 20] - 35, [1, 2, 4, 10, 13, 15, 20] - 35, [1, 2, 5, 10, 14, 15, 20] - 29, [1, 2, 3, 8, 9, 12, 13, 15, 20] - 35]
melhor indivíduo da geração:[1, 2, 5, 10, 14, 15, 20] - 29
geração: 9: 
[[1, 6, 8, 9, 13, 15, 20] - 36, [1, 2, 4, 11, 10, 14, 15, 20] - 38, [1, 3, 8, 10, 13, 15, 20] - 36, [1, 3, 8, 9, 16, 12, 19, 20] - 37, [1, 6, 8, 3, 5, 10, 14, 15, 20] - 38, [1, 3, 8, 10, 13, 19, 20] - 36, [1, 2, 5, 12, 19, 20] - 32, [1, 2, 4, 11, 13, 19, 20] - 34, [1, 2, 3, 5, 10, 13, 19, 20] - 38, [1, 3, 8, 9, 12, 19, 20] - 32, [1, 3, 8, 10, 14, 15, 20] - 32, [1, 3, 8, 9, 13, 19, 20] - 33, [1, 6, 8, 9, 12, 19, 20] - 35, [1, 3, 5, 12, 19, 20] - 32, [1, 2, 5, 12, 13, 14, 10] - 37, [1, 2, 3, 5, 12, 19, 20] - 37, [1, 6, 8, 10, 14, 15, 20] - 35, [1, 2, 4, 10, 13, 15, 20] - 35, [1, 2, 5, 10, 14, 15, 20] - 29, [1, 2, 3, 8, 9, 12, 13, 15, 20] - 35, [1, 6, 8, 10, 13, 19, 20] - 39, [1, 2, 4, 11, 14, 15, 20] - 34, [1, 2, 5, 12, 13, 19, 20] - 30, [1, 3, 8, 9, 10, 13, 19, 20] - 38]
melhor indivíduo da geração:[1, 2, 5, 10, 14, 15, 20] - 29
geração: 10: 
[[1, 6, 8, 9, 13, 15, 20] - 36, [1, 3, 8, 10, 13, 15, 20] - 36, [1, 3, 8, 10, 13, 19, 20] - 36, [1, 2, 5, 12, 19, 20] - 32, [1, 2, 4, 11, 13, 19, 20] - 34, [1, 3, 8, 9, 12, 19, 20] - 32, [1, 3, 8, 10, 14, 15, 20] - 32, [1, 3, 8, 9, 13, 19, 20] - 33, [1, 6, 8, 9, 12, 19, 20] - 35, [1, 3, 5, 12, 19, 20] - 32, [1, 6, 8, 10, 14, 15, 20] - 35, [1, 2, 4, 10, 13, 15, 20] - 35, [1, 2, 5, 10, 14, 15, 20] - 29, [1, 2, 3, 8, 9, 12, 13, 15, 20] - 35, [1, 2, 4, 11, 14, 15, 20] - 34, [1, 2, 5, 12, 13, 19, 20] - 30, [1, 2, 4, 10, 14, 15, 20] - 31]
melhor indivíduo da geração:[1, 2, 5, 10, 14, 15, 20] - 29
geração: 11: 
[[1, 6, 8, 9, 13, 15, 20] - 36, [1, 3, 8, 10, 13, 15, 20] - 36, [1, 3, 8, 10, 13, 19, 20] - 36, [1, 2, 5, 12, 19, 20] - 32, [1, 2, 4, 11, 13, 19, 20] - 34, [1, 3, 8, 9, 12, 19, 20] - 32, [1, 3, 8, 10, 14, 15, 20] - 32, [1, 3, 8, 9, 13, 19, 20] - 33, [1, 6, 8, 9, 12, 19, 20] - 35, [1, 3, 5, 12, 19, 20] - 32, [1, 6, 8, 10, 14, 15, 20] - 35, [1, 2, 4, 10, 13, 15, 20] - 35, [1, 2, 5, 10, 14, 15, 20] - 29, [1, 2, 3, 8, 9, 12, 13, 15, 20] - 35, [1, 2, 4, 11, 14, 15, 20] - 34, [1, 2, 5, 12, 13, 19, 20] - 30, [1, 2, 4, 10, 14, 15, 20] - 31, [1, 2, 3, 5, 10, 14, 15, 20] - 34, [1, 3, 5, 2, 4, 11, 14, 15, 20] - 40, [1, 2, 5, 10, 13, 19, 20] - 33]
melhor indivíduo da geração:[1, 2, 5, 10, 14, 15, 20] - 29
geração: 12: 
[[1, 6, 8, 9, 13, 15, 20] - 36, [1, 3, 8, 10, 13, 15, 20] - 36, [1, 3, 8, 10, 13, 19, 20] - 36, [1, 2, 5, 12, 19, 20] - 32, [1, 2, 4, 11, 13, 19, 20] - 34, [1, 3, 8, 9, 12, 19, 20] - 32, [1, 3, 8, 10, 14, 15, 20] - 32, [1, 3, 8, 9, 13, 19, 20] - 33, [1, 6, 8, 9, 12, 19, 20] - 35, [1, 3, 5, 12, 19, 20] - 32, [1, 6, 8, 10, 14, 15, 20] - 35, [1, 2, 4, 10, 13, 15, 20] - 35, [1, 2, 5, 10, 14, 15, 20] - 29, [1, 2, 3, 8, 9, 12, 13, 15, 20] - 35, [1, 2, 4, 11, 14, 15, 20] - 34, [1, 2, 5, 12, 13, 19, 20] - 30, [1, 2, 4, 10, 14, 15, 20] - 31, [1, 2, 3, 5, 10, 14, 15, 20] - 34, [1, 2, 5, 10, 13, 19, 20] - 33, [1, 2, 3, 8, 9, 12, 19, 20] - 37]
melhor indivíduo da geração:[1, 2, 5, 10, 14, 15, 20] - 29
geração: 13: 
[[1, 6, 8, 9, 13, 15, 20] - 36, [1, 3, 8, 10, 13, 15, 20] - 36, [1, 3, 8, 10, 13, 19, 20] - 36, [1, 2, 5, 12, 19, 20] - 32, [1, 2, 4, 11, 13, 19, 20] - 34, [1, 3, 8, 9, 12, 19, 20] - 32, [1, 3, 8, 10, 14, 15, 20] - 32, [1, 3, 8, 9, 13, 19, 20] - 33, [1, 6, 8, 9, 12, 19, 20] - 35, [1, 3, 5, 12, 19, 20] - 32, [1, 6, 8, 10, 14, 15, 20] - 35, [1, 2, 4, 10, 13, 15, 20] - 35, [1, 2, 5, 10, 14, 15, 20] - 29, [1, 2, 3, 8, 9, 12, 13, 15, 20] - 35, [1, 2, 4, 11, 14, 15, 20] - 34, [1, 2, 5, 12, 13, 19, 20] - 30, [1, 2, 4, 10, 14, 15, 20] - 31, [1, 2, 3, 5, 10, 14, 15, 20] - 34, [1, 2, 5, 10, 13, 19, 20] - 33, [1, 2, 3, 8, 9, 12, 19, 20] - 37, [1, 2, 4, 10, 13, 19, 20] - 35, [1, 6, 8, 10, 13, 19, 20] - 39]
melhor indivíduo da geração:[1, 2, 5, 10, 14, 15, 20] - 29
geração: 14: 
[[1, 6, 8, 9, 13, 15, 20] - 36, [1, 3, 8, 10, 13, 15, 20] - 36, [1, 3, 8, 10, 13, 19, 20] - 36, [1, 2, 5, 12, 19, 20] - 32, [1, 2, 4, 11, 13, 19, 20] - 34, [1, 3, 8, 9, 12, 19, 20] - 32, [1, 3, 8, 10, 14, 15, 20] - 32, [1, 3, 8, 9, 13, 19, 20] - 33, [1, 6, 8, 9, 12, 19, 20] - 35, [1, 3, 5, 12, 19, 20] - 32, [1, 6, 8, 10, 14, 15, 20] - 35, [1, 2, 4, 10, 13, 15, 20] - 35, [1, 2, 5, 10, 14, 15, 20] - 29, [1, 2, 3, 8, 9, 12, 13, 15, 20] - 35, [1, 2, 4, 11, 14, 15, 20] - 34, [1, 2, 5, 12, 13, 19, 20] - 30, [1, 2, 4, 10, 14, 15, 20] - 31, [1, 2, 3, 5, 10, 14, 15, 20] - 34, [1, 2, 5, 10, 13, 19, 20] - 33, [1, 2, 3, 8, 9, 12, 19, 20] - 37, [1, 2, 4, 10, 13, 19, 20] - 35, [1, 6, 8, 10, 13, 19, 20] - 39]
melhor indivíduo da geração:[1, 2, 5, 10, 14, 15, 20] - 29
geração: 15: 
[[1, 2, 5, 12, 19, 20] - 32, [1, 2, 4, 11, 13, 19, 20] - 34, [1, 3, 8, 9, 12, 19, 20] - 32, [1, 3, 8, 10, 14, 15, 20] - 32, [1, 3, 8, 9, 13, 19, 20] - 33, [1, 6, 8, 9, 12, 19, 20] - 35, [1, 3, 5, 12, 19, 20] - 32, [1, 6, 8, 10, 14, 15, 20] - 35, [1, 2, 4, 10, 13, 15, 20] - 35, [1, 2, 5, 10, 14, 15, 20] - 29, [1, 2, 3, 8, 9, 12, 13, 15, 20] - 35, [1, 2, 4, 11, 14, 15, 20] - 34, [1, 2, 5, 12, 13, 19, 20] - 30, [1, 2, 4, 10, 14, 15, 20] - 31, [1, 2, 3, 5, 10, 14, 15, 20] - 34, [1, 2, 5, 10, 13, 19, 20] - 33, [1, 2, 4, 10, 13, 19, 20] - 35]
melhor indivíduo da geração:[1, 2, 5, 10, 14, 15, 20] - 29
geração: 16: 
[[1, 2, 5, 12, 19, 20] - 32, [1, 2, 4, 11, 13, 19, 20] - 34, [1, 3, 8, 9, 12, 19, 20] - 32, [1, 3, 8, 10, 14, 15, 20] - 32, [1, 3, 8, 9, 13, 19, 20] - 33, [1, 6, 8, 9, 12, 19, 20] - 35, [1, 3, 5, 12, 19, 20] - 32, [1, 6, 8, 10, 14, 15, 20] - 35, [1, 2, 4, 10, 13, 15, 20] - 35, [1, 2, 5, 10, 14, 15, 20] - 29, [1, 2, 3, 8, 9, 12, 13, 15, 20] - 35, [1, 2, 4, 11, 14, 15, 20] - 34, [1, 2, 5, 12, 13, 19, 20] - 30, [1, 2, 4, 10, 14, 15, 20] - 31, [1, 2, 3, 5, 10, 14, 15, 20] - 34, [1, 2, 5, 10, 13, 19, 20] - 33, [1, 2, 4, 10, 13, 19, 20] - 35, [1, 6, 7, 9, 12, 13, 15, 20] - 38, [1, 6, 7, 9, 12, 19, 20] - 40]
melhor indivíduo da geração:[1, 2, 5, 10, 14, 15, 20] - 29
geração: 17: 
[[1, 2, 5, 12, 19, 20] - 32, [1, 2, 4, 11, 13, 19, 20] - 34, [1, 3, 8, 9, 12, 19, 20] - 32, [1, 3, 8, 10, 14, 15, 20] - 32, [1, 3, 8, 9, 13, 19, 20] - 33, [1, 6, 8, 9, 12, 19, 20] - 35, [1, 3, 5, 12, 19, 20] - 32, [1, 6, 8, 10, 14, 15, 20] - 35, [1, 2, 4, 10, 13, 15, 20] - 35, [1, 2, 5, 10, 14, 15, 20] - 29, [1, 2, 3, 8, 9, 12, 13, 15, 20] - 35, [1, 2, 4, 11, 14, 15, 20] - 34, [1, 2, 5, 12, 13, 19, 20] - 30, [1, 2, 4, 10, 14, 15, 20] - 31, [1, 2, 3, 5, 10, 14, 15, 20] - 34, [1, 2, 5, 10, 13, 19, 20] - 33, [1, 2, 4, 10, 13, 19, 20] - 35, [1, 6, 7, 9, 12, 13, 15, 20] - 38, [1, 6, 7, 9, 12, 19, 20] - 40, [1, 3, 5, 10, 12, 19, 20] - 40]
melhor indivíduo da geração:[1, 2, 5, 10, 14, 15, 20] - 29
geração: 18: 
[[1, 2, 5, 12, 19, 20] - 32, [1, 2, 4, 11, 13, 19, 20] - 34, [1, 3, 8, 9, 12, 19, 20] - 32, [1, 3, 8, 10, 14, 15, 20] - 32, [1, 3, 8, 9, 13, 19, 20] - 33, [1, 6, 8, 9, 12, 19, 20] - 35, [1, 3, 5, 12, 19, 20] - 32, [1, 6, 8, 10, 14, 15, 20] - 35, [1, 2, 4, 10, 13, 15, 20] - 35, [1, 2, 5, 10, 14, 15, 20] - 29, [1, 2, 3, 8, 9, 12, 13, 15, 20] - 35, [1, 2, 4, 11, 14, 15, 20] - 34, [1, 2, 5, 12, 13, 19, 20] - 30, [1, 2, 4, 10, 14, 15, 20] - 31, [1, 2, 3, 5, 10, 14, 15, 20] - 34, [1, 2, 5, 10, 13, 19, 20] - 33, [1, 2, 4, 10, 13, 19, 20] - 35, [1, 6, 7, 9, 12, 13, 15, 20] - 38, [1, 6, 7, 9, 12, 19, 20] - 40, [1, 3, 5, 10, 12, 19, 20] - 40, [1, 6, 8, 9, 13, 15, 20] - 36, [1, 3, 5, 10, 14, 15, 20] - 29]
melhor indivíduo da geração:[1, 2, 5, 10, 14, 15, 20] - 29
geração: 19: 
[[1, 2, 5, 12, 19, 20] - 32, [1, 2, 4, 11, 13, 19, 20] - 34, [1, 3, 8, 9, 12, 19, 20] - 32, [1, 3, 8, 10, 14, 15, 20] - 32, [1, 3, 8, 9, 13, 19, 20] - 33, [1, 6, 8, 9, 12, 19, 20] - 35, [1, 3, 5, 12, 19, 20] - 32, [1, 6, 8, 10, 14, 15, 20] - 35, [1, 2, 4, 10, 13, 15, 20] - 35, [1, 2, 5, 10, 14, 15, 20] - 29, [1, 2, 3, 8, 9, 12, 13, 15, 20] - 35, [1, 2, 4, 11, 14, 15, 20] - 34, [1, 2, 5, 12, 13, 19, 20] - 30, [1, 2, 4, 10, 14, 15, 20] - 31, [1, 2, 3, 5, 10, 14, 15, 20] - 34, [1, 2, 5, 10, 13, 19, 20] - 33, [1, 2, 4, 10, 13, 19, 20] - 35, [1, 6, 8, 9, 13, 15, 20] - 36, [1, 3, 5, 10, 14, 15, 20] - 29]
melhor indivíduo da geração:[1, 2, 5, 10, 14, 15, 20] - 29
geração: 20: 
[[1, 2, 5, 12, 19, 20] - 32, [1, 2, 4, 11, 13, 19, 20] - 34, [1, 3, 8, 9, 12, 19, 20] - 32, [1, 3, 8, 10, 14, 15, 20] - 32, [1, 3, 8, 9, 13, 19, 20] - 33, [1, 6, 8, 9, 12, 19, 20] - 35, [1, 3, 5, 12, 19, 20] - 32, [1, 6, 8, 10, 14, 15, 20] - 35, [1, 2, 4, 10, 13, 15, 20] - 35, [1, 2, 5, 10, 14, 15, 20] - 29, [1, 2, 3, 8, 9, 12, 13, 15, 20] - 35, [1, 2, 4, 11, 14, 15, 20] - 34, [1, 2, 5, 12, 13, 19, 20] - 30, [1, 2, 4, 10, 14, 15, 20] - 31, [1, 2, 3, 5, 10, 14, 15, 20] - 34, [1, 2, 5, 10, 13, 19, 20] - 33, [1, 2, 4, 10, 13, 19, 20] - 35, [1, 6, 8, 9, 13, 15, 20] - 36, [1, 3, 5, 10, 14, 15, 20] - 29, [1, 3, 5, 10, 13, 19, 20] - 33]
melhor indivíduo da geração:[1, 2, 5, 10, 14, 15, 20] - 29
melhor valor é da geração 19!!!!
______________________________________________________________________________________________________________________________
