gera????o: 1: 
[[1, 2, 3, 12, 22, 23, 33, 49, 55, 57, 70] - 3737, [1, 3, 13, 31, 40, 41, 45, 57, 70] - 3811, [1, 4, 11, 21, 23, 33, 49, 55, 58, 62, 70] - 4013, [1, 3, 5, 6, 14, 26, 28, 34, 46, 49, 58, 62, 70] - 4036, [1, 2, 9, 13, 22, 23, 25, 26, 34, 35, 49, 58, 62, 70] - 4179, [1, 4, 10, 11, 21, 23, 25, 33, 47, 56, 63, 70] - 4238, [1, 2, 4, 10, 20, 21, 22, 33, 49, 58, 62, 70] - 4362, [1, 3, 9, 21, 31, 32, 39, 40, 44, 56, 61, 63, 70] - 4413, [1, 4, 11, 20, 30, 32, 40, 44, 56, 63, 70] - 4420, [1, 2, 4, 10, 11, 20, 31, 33, 47, 55, 58, 62, 70] - 4498, [1, 3, 23, 31, 41, 44, 53, 61, 63, 70] - 4614, [1, 2, 3, 12, 14, 25, 33, 40, 41, 44, 45, 57, 70] - 4625, [1, 4, 10, 11, 20, 31, 32, 40, 44, 55, 57, 70] - 4705, [1, 2, 3, 23, 33, 34, 35, 36, 48, 49, 58, 62, 70] - 4719, [1, 4, 11, 20, 21, 23, 33, 41, 45, 56, 63, 70] - 4725, [1, 4, 10, 11, 20, 39, 53, 54, 61, 68, 70] - 4804, [1, 4, 10, 20, 21, 22, 25, 33, 41, 44, 55, 57, 70] - 4901, [1, 4, 10, 11, 21, 23, 25, 33, 46, 49, 55, 56, 61, 63, 70] - 5053, [1, 4, 10, 11, 20, 31, 40, 44, 50, 53, 54, 56, 57, 70] - 5056, [1, 2, 4, 11, 21, 31, 41, 45, 47, 56, 61, 68, 70] - 5140, [1, 3, 23, 31, 32, 40, 41, 47, 55, 56, 61, 68, 70] - 5160, [1, 2, 9, 13, 21, 23, 25, 33, 40, 41, 46, 47, 49, 55, 57, 70] - 5260, [1, 3, 12, 14, 25, 26, 28, 36, 48, 49, 55, 56, 57, 70] - 5288, [1, 4, 11, 21, 22, 23, 31, 41, 44, 50, 53, 61, 68, 70] - 5348, [1, 4, 10, 11, 20, 21, 22, 23, 31, 41, 47, 49, 55, 57, 70] - 5458, [1, 3, 13, 22, 23, 31, 32, 39, 56, 60, 61, 63, 70] - 5465, [1, 2, 9, 11, 20, 30, 31, 32, 40, 44, 50, 53, 54, 61, 65, 68, 70] - 5469, [1, 2, 3, 12, 13, 23, 33, 39, 42, 52, 53, 61, 68, 70] - 5549, [1, 2, 3, 23, 31, 32, 37, 39, 42, 50, 53, 60, 61, 63, 70] - 5581, [1, 4, 11, 20, 21, 22, 25, 26, 33, 41, 44, 55, 58, 62, 70] - 5624, [1, 4, 10, 11, 20, 30, 32, 40, 41, 46, 49, 55, 56, 61, 63, 70] - 5754, [1, 4, 11, 20, 37, 42, 43, 51, 59, 64, 67, 68, 70] - 5874, [1, 2, 3, 9, 11, 20, 29, 38, 43, 51, 59, 66, 67, 69, 70] - 5935, [1, 4, 11, 20, 29, 37, 42, 52, 60, 65, 67, 68, 70] - 5986, [1, 2, 9, 21, 31, 41, 46, 47, 56, 60, 65, 68, 70] - 6044, [1, 2, 3, 9, 11, 20, 29, 38, 43, 51, 59, 64, 65, 67, 69, 70] - 6437, [1, 3, 9, 21, 22, 23, 31, 32, 37, 38, 43, 52, 59, 64, 67, 68, 70] - 6731, [1, 2, 9, 21, 31, 32, 37, 42, 43, 52, 53, 60, 64, 65, 66, 67, 69, 70] - 6795, [1, 2, 4, 11, 21, 23, 25, 26, 33, 39, 53, 61, 65, 67, 68, 70] - 6814, [1, 3, 23, 31, 40, 44, 50, 53, 54, 56, 60, 61, 65, 66, 67, 69, 70] - 6980]
melhor indiv??duo da gera????o:[1, 2, 3, 12, 22, 23, 33, 49, 55, 57, 70] - 3737
gera????o: 2: 
[[1, 3, 13, 31, 40, 41, 45, 57, 70] - 3811, [1, 4, 11, 21, 23, 33, 49, 55, 58, 62, 70] - 4013, [1, 2, 3, 23, 31, 33, 41, 45, 56, 63, 70] - 4117, [1, 3, 5, 12, 14, 26, 33, 47, 56, 63, 70] - 4189, [1, 2, 4, 10, 20, 21, 22, 33, 49, 58, 62, 70] - 4362, [1, 3, 9, 11, 21, 23, 33, 40, 44, 56, 57, 70] - 4398, [1, 4, 11, 20, 30, 32, 40, 44, 56, 63, 70] - 4420, [1, 3, 12, 22, 24, 28, 36, 48, 58, 62, 70] - 4506, [1, 2, 3, 12, 14, 25, 33, 40, 41, 44, 45, 57, 70] - 4625, [1, 2, 3, 23, 33, 34, 35, 36, 48, 49, 58, 62, 70] - 4719, [1, 4, 10, 11, 20, 39, 53, 54, 61, 68, 70] - 4804, [1, 4, 10, 20, 21, 22, 25, 33, 41, 44, 55, 57, 70] - 4901, [1, 4, 10, 11, 21, 31, 41, 44, 45, 47, 56, 57, 70] - 4991, [1, 4, 10, 11, 21, 23, 25, 33, 46, 49, 55, 56, 61, 63, 70] - 5053, [1, 2, 4, 11, 21, 31, 41, 45, 47, 56, 61, 68, 70] - 5140, [1, 2, 9, 13, 21, 23, 25, 33, 40, 41, 46, 47, 49, 55, 57, 70] - 5260, [1, 3, 23, 33, 39, 50, 53, 60, 61, 68, 70] - 5316, [1, 4, 10, 11, 20, 21, 22, 23, 31, 41, 47, 49, 55, 57, 70] - 5458, [1, 2, 9, 11, 20, 30, 31, 32, 40, 44, 50, 53, 54, 61, 65, 68, 70] - 5469, [1, 2, 3, 12, 13, 23, 33, 39, 42, 52, 53, 61, 68, 70] - 5549, [1, 4, 11, 20, 21, 22, 25, 26, 33, 41, 44, 55, 58, 62, 70] - 5624, [1, 4, 11, 21, 23, 33, 40, 44, 56, 60, 61, 68, 70] - 5755, [1, 2, 3, 9, 11, 20, 29, 38, 43, 51, 59, 66, 67, 69, 70] - 5935, [1, 4, 11, 20, 29, 37, 42, 52, 60, 65, 67, 68, 70] - 5986, [1, 3, 23, 33, 39, 53, 61, 65, 66, 67, 69, 70] - 6084, [1, 2, 4, 10, 11, 20, 29, 37, 38, 43, 52, 59, 66, 67, 68, 70] - 6616, [1, 2, 9, 21, 31, 32, 37, 42, 43, 52, 53, 60, 64, 65, 66, 67, 69, 70] - 6795, [1, 3, 23, 31, 40, 44, 50, 53, 54, 56, 60, 61, 65, 66, 67, 69, 70] - 6980]
melhor indiv??duo da gera????o:[1, 3, 13, 31, 40, 41, 45, 57, 70] - 3811
gera????o: 3: 
[[1, 3, 13, 31, 40, 41, 45, 57, 70] - 3811, [1, 2, 3, 23, 31, 33, 41, 45, 56, 63, 70] - 4117, [1, 2, 4, 11, 21, 23, 33, 46, 49, 58, 62, 70] - 4291, [1, 3, 9, 11, 21, 23, 33, 40, 44, 56, 57, 70] - 4398, [1, 3, 12, 22, 24, 28, 36, 48, 58, 62, 70] - 4506, [1, 2, 3, 12, 14, 25, 33, 40, 41, 44, 45, 57, 70] - 4625, [1, 3, 13, 22, 25, 26, 28, 35, 36, 48, 49, 55, 57, 70] - 4667, [1, 2, 3, 23, 33, 34, 35, 36, 48, 49, 58, 62, 70] - 4719, [1, 2, 3, 5, 12, 14, 25, 33, 40, 41, 45, 47, 49, 55, 57, 70] - 4846, [1, 3, 5, 6, 26, 31, 32, 40, 41, 45, 47, 49, 58, 62, 70] - 4973, [1, 4, 11, 20, 37, 42, 52, 53, 61, 68, 70] - 4998, [1, 2, 4, 11, 21, 31, 41, 45, 47, 56, 61, 68, 70] - 5140, [1, 2, 9, 13, 21, 23, 25, 33, 40, 41, 46, 47, 49, 55, 57, 70] - 5260, [1, 4, 10, 11, 20, 21, 22, 23, 31, 41, 47, 49, 55, 57, 70] - 5458, [1, 2, 3, 12, 13, 23, 33, 39, 42, 52, 53, 61, 68, 70] - 5549, [1, 4, 11, 21, 23, 33, 40, 44, 56, 60, 61, 68, 70] - 5755, [1, 4, 11, 21, 22, 25, 26, 31, 40, 41, 46, 47, 49, 55, 58, 62, 70] - 5947, [1, 3, 23, 33, 39, 53, 61, 65, 66, 67, 69, 70] - 6084, [1, 2, 4, 10, 11, 20, 29, 37, 38, 43, 52, 59, 66, 67, 68, 70] - 6616, [1, 3, 23, 31, 40, 44, 50, 53, 54, 56, 60, 61, 65, 66, 67, 69, 70] - 6980]
melhor indiv??duo da gera????o:[1, 3, 13, 31, 40, 41, 45, 57, 70] - 3811
gera????o: 4: 
[[1, 2, 3, 12, 14, 22, 23, 33, 49, 58, 62, 70] - 3813, [1, 2, 4, 10, 11, 21, 22, 33, 49, 55, 57, 70] - 3998, [1, 4, 11, 21, 31, 40, 44, 55, 58, 62, 70] - 4289, [1, 3, 9, 11, 21, 23, 33, 40, 44, 56, 57, 70] - 4398, [1, 3, 12, 22, 24, 28, 36, 48, 58, 62, 70] - 4506, [1, 4, 10, 11, 21, 31, 32, 39, 53, 61, 68, 70] - 4661, [1, 2, 3, 23, 33, 34, 35, 36, 48, 49, 58, 62, 70] - 4719, [1, 2, 3, 5, 12, 14, 25, 33, 40, 41, 45, 47, 49, 55, 57, 70] - 4846, [1, 4, 11, 20, 31, 33, 47, 49, 55, 58, 62, 70] - 4871, [1, 3, 5, 6, 26, 31, 32, 40, 41, 45, 47, 49, 58, 62, 70] - 4973, [1, 2, 4, 11, 21, 31, 41, 45, 47, 56, 61, 68, 70] - 5140, [1, 3, 23, 33, 39, 50, 53, 60, 61, 68, 70] - 5316, [1, 4, 10, 11, 20, 21, 22, 23, 31, 41, 47, 49, 55, 57, 70] - 5458, [1, 4, 11, 21, 23, 33, 40, 44, 56, 60, 61, 68, 70] - 5755, [1, 4, 11, 21, 22, 25, 26, 31, 40, 41, 46, 47, 49, 55, 58, 62, 70] - 5947, [1, 4, 11, 21, 23, 25, 33, 46, 47, 56, 60, 61, 65, 68, 70] - 6560, [1, 2, 4, 10, 11, 20, 29, 37, 38, 43, 52, 59, 66, 67, 68, 70] - 6616, [1, 3, 23, 31, 40, 44, 50, 53, 54, 56, 60, 61, 65, 66, 67, 69, 70] - 6980]
melhor indiv??duo da gera????o:[1, 2, 3, 12, 14, 22, 23, 33, 49, 58, 62, 70] - 3813
gera????o: 5: 
[[1, 4, 11, 21, 23, 33, 47, 55, 58, 62, 70] - 3901, [1, 2, 4, 10, 11, 21, 22, 33, 49, 55, 57, 70] - 3998, [1, 4, 11, 21, 31, 40, 44, 55, 58, 62, 70] - 4289, [1, 3, 13, 22, 23, 33, 40, 41, 45, 47, 55, 57, 70] - 4293, [1, 3, 9, 11, 21, 23, 33, 40, 44, 56, 57, 70] - 4398, [1, 2, 9, 21, 23, 31, 40, 41, 46, 49, 55, 57, 70] - 4626, [1, 2, 3, 23, 33, 34, 35, 36, 48, 49, 58, 62, 70] - 4719, [1, 2, 3, 5, 12, 14, 25, 33, 40, 41, 45, 47, 49, 55, 57, 70] - 4846, [1, 2, 4, 11, 20, 32, 40, 41, 45, 47, 49, 58, 62, 70] - 4931, [1, 4, 10, 11, 20, 30, 31, 32, 40, 44, 54, 61, 68, 70] - 4951, [1, 3, 12, 13, 31, 33, 40, 44, 53, 60, 61, 63, 70] - 5118, [1, 3, 13, 40, 44, 54, 61, 65, 67, 68, 70] - 5276, [1, 4, 10, 11, 20, 21, 22, 23, 31, 41, 47, 49, 55, 57, 70] - 5458, [1, 4, 11, 21, 23, 33, 40, 44, 56, 60, 61, 68, 70] - 5755, [1, 4, 11, 21, 23, 25, 33, 46, 47, 56, 60, 61, 65, 68, 70] - 6560, [1, 3, 23, 31, 40, 44, 50, 53, 54, 56, 60, 61, 65, 66, 67, 69, 70] - 6980]
melhor indiv??duo da gera????o:[1, 4, 11, 21, 23, 33, 47, 55, 58, 62, 70] - 3901
gera????o: 6: 
[[1, 4, 11, 21, 23, 33, 47, 55, 58, 62, 70] - 3901, [1, 4, 11, 21, 31, 40, 44, 55, 58, 62, 70] - 4289, [1, 3, 9, 11, 21, 23, 33, 40, 44, 56, 57, 70] - 4398, [1, 4, 10, 11, 20, 30, 31, 41, 47, 55, 57, 70] - 4613, [1, 4, 11, 20, 30, 32, 40, 44, 56, 57, 70] - 4658, [1, 2, 3, 23, 33, 34, 35, 36, 48, 49, 58, 62, 70] - 4719, [1, 2, 3, 5, 12, 14, 25, 33, 40, 41, 45, 47, 49, 55, 57, 70] - 4846, [1, 4, 10, 11, 20, 30, 31, 32, 40, 44, 54, 61, 68, 70] - 4951, [1, 3, 12, 13, 31, 33, 40, 44, 53, 60, 61, 63, 70] - 5118, [1, 3, 9, 21, 31, 33, 40, 41, 44, 45, 56, 61, 68, 70] - 5235, [1, 4, 11, 20, 39, 53, 54, 56, 61, 65, 68, 70] - 5386, [1, 4, 10, 11, 20, 21, 22, 23, 31, 41, 47, 49, 55, 57, 70] - 5458, [1, 4, 11, 21, 23, 33, 40, 44, 56, 60, 61, 68, 70] - 5755, [1, 2, 9, 11, 20, 29, 38, 43, 52, 53, 54, 61, 65, 67, 68, 70] - 6458, [1, 3, 23, 31, 40, 44, 50, 53, 54, 56, 60, 61, 65, 66, 67, 69, 70] - 6980]
melhor indiv??duo da gera????o:[1, 4, 11, 21, 23, 33, 47, 55, 58, 62, 70] - 3901
gera????o: 7: 
[[1, 3, 13, 31, 33, 41, 47, 55, 58, 62, 70] - 4125, [1, 3, 23, 31, 41, 44, 56, 57, 70] - 4304, [1, 3, 9, 11, 21, 23, 33, 40, 44, 56, 57, 70] - 4398, [1, 3, 5, 12, 13, 23, 33, 34, 35, 36, 48, 58, 62, 70] - 4613, [1, 2, 3, 23, 33, 34, 35, 36, 48, 49, 58, 62, 70] - 4719, [1, 2, 3, 9, 21, 31, 33, 41, 46, 49, 55, 58, 62, 70] - 4868, [1, 2, 3, 9, 11, 20, 21, 31, 40, 44, 55, 57, 70] - 4884, [1, 4, 10, 11, 20, 30, 31, 32, 40, 44, 54, 61, 68, 70] - 4951, [1, 3, 9, 21, 31, 33, 40, 41, 44, 45, 56, 61, 68, 70] - 5235, [1, 4, 10, 20, 37, 38, 43, 52, 53, 60, 65, 68, 70] - 5440, [1, 2, 9, 11, 20, 21, 23, 25, 26, 28, 36, 48, 49, 55, 58, 62, 70] - 5492, [1, 3, 5, 6, 7, 14, 17, 26, 31, 41, 46, 49, 55, 58, 62, 70] - 5666, [1, 4, 11, 21, 23, 33, 40, 44, 56, 60, 61, 68, 70] - 5755, [1, 3, 23, 31, 40, 44, 50, 53, 54, 56, 60, 61, 65, 66, 67, 69, 70] - 6980]
melhor indiv??duo da gera????o:[1, 3, 13, 31, 33, 41, 47, 55, 58, 62, 70] - 4125
gera????o: 8: 
[[1, 3, 13, 31, 33, 41, 47, 55, 58, 62, 70] - 4125, [1, 3, 9, 11, 21, 23, 33, 40, 44, 56, 57, 70] - 4398, [1, 3, 5, 12, 13, 23, 33, 34, 35, 36, 48, 58, 62, 70] - 4613, [1, 2, 3, 23, 33, 34, 35, 36, 48, 49, 58, 62, 70] - 4719, [1, 2, 3, 9, 11, 20, 21, 31, 40, 44, 55, 57, 70] - 4884, [1, 3, 9, 21, 31, 33, 41, 44, 50, 53, 61, 68, 70] - 4953, [1, 4, 11, 21, 22, 33, 40, 41, 47, 56, 57, 70] - 5234, [1, 3, 13, 31, 40, 44, 50, 53, 60, 64, 66, 67, 69, 70] - 5339, [1, 3, 9, 21, 31, 32, 40, 44, 56, 60, 61, 68, 70] - 5448, [1, 3, 5, 6, 7, 14, 17, 26, 31, 41, 46, 49, 55, 58, 62, 70] - 5666, [1, 4, 11, 20, 32, 37, 39, 53, 60, 64, 66, 67, 69, 70] - 6083, [1, 3, 5, 12, 22, 23, 25, 26, 33, 46, 47, 56, 60, 64, 66, 67, 68, 70] - 6792, [1, 4, 11, 20, 31, 32, 40, 41, 46, 47, 49, 55, 56, 60, 65, 68, 70] - 7410]
melhor indiv??duo da gera????o:[1, 3, 13, 31, 33, 41, 47, 55, 58, 62, 70] - 4125
gera????o: 9: 
[[1, 3, 5, 6, 22, 33, 46, 49, 55, 58, 62, 70] - 4222, [1, 3, 9, 11, 21, 23, 33, 40, 44, 56, 57, 70] - 4398, [1, 3, 23, 31, 33, 40, 44, 54, 56, 57, 70] - 4499, [1, 2, 3, 23, 33, 34, 35, 36, 48, 49, 58, 62, 70] - 4719, [1, 2, 3, 9, 11, 20, 21, 31, 40, 44, 55, 57, 70] - 4884, [1, 4, 10, 11, 20, 29, 37, 39, 53, 60, 61, 63, 70] - 5102, [1, 4, 11, 21, 22, 33, 40, 41, 47, 56, 57, 70] - 5234, [1, 3, 9, 21, 31, 32, 40, 44, 56, 60, 61, 68, 70] - 5448, [1, 3, 5, 6, 7, 14, 17, 26, 31, 41, 46, 49, 55, 58, 62, 70] - 5666, [1, 2, 4, 11, 20, 37, 39, 53, 60, 64, 67, 68, 70] - 5780, [1, 4, 11, 20, 32, 37, 39, 53, 60, 64, 66, 67, 69, 70] - 6083, [1, 3, 5, 12, 22, 23, 25, 26, 33, 46, 47, 56, 60, 64, 66, 67, 68, 70] - 6792]
melhor indiv??duo da gera????o:[1, 3, 5, 6, 22, 33, 46, 49, 55, 58, 62, 70] - 4222
gera????o: 10: 
[[1, 3, 5, 6, 22, 33, 46, 49, 55, 58, 62, 70] - 4222, [1, 3, 12, 14, 17, 24, 36, 49, 58, 62, 70] - 4456, [1, 2, 9, 13, 31, 41, 47, 56, 57, 70] - 4489, [1, 3, 12, 22, 24, 36, 49, 58, 62, 70] - 4501, [1, 2, 3, 9, 11, 20, 21, 31, 40, 44, 55, 57, 70] - 4884, [1, 4, 10, 11, 20, 29, 37, 39, 53, 60, 61, 63, 70] - 5102, [1, 4, 11, 21, 22, 33, 40, 41, 47, 56, 57, 70] - 5234, [1, 2, 3, 12, 14, 24, 34, 35, 46, 47, 56, 57, 70] - 5437, [1, 3, 5, 6, 7, 14, 17, 26, 31, 41, 46, 49, 55, 58, 62, 70] - 5666, [1, 2, 9, 21, 31, 41, 45, 56, 60, 65, 67, 69, 70] - 5803, [1, 2, 4, 11, 20, 32, 37, 38, 43, 51, 59, 64, 66, 67, 68, 70] - 6515]
melhor indiv??duo da gera????o:[1, 3, 5, 6, 22, 33, 46, 49, 55, 58, 62, 70] - 4222
melhor valor ?? da gera????o 4!!!!
______________________________________________________________________________________________________________________________
