geração: 1: 
[[1, 3, 6, 7, 9, 16, 10, 14, 15, 20] - 50, [1, 3, 6, 7, 9, 13, 15, 20] - 44, [1, 3, 5, 8, 10, 13, 19, 20] - 42, [1, 2, 5, 12, 19, 20] - 32, [1, 6, 8, 9, 12, 13, 15, 20] - 33, [1, 2, 5, 10, 13, 9, 16, 17, 19, 20] - 71, [1, 6, 8, 9, 16, 17, 19, 20] - 44, [1, 6, 8, 10, 13, 9, 16, 17, 18, 12, 19, 20] - 92, [1, 3, 6, 8, 9, 10, 12, 19, 20] - 51, [1, 2, 3, 8, 9, 13, 14, 15, 20] - 48, [1, 3, 8, 10, 12, 13, 15, 20] - 41, [1, 2, 4, 5, 10, 14, 13, 19, 20] - 46, [1, 6, 7, 8, 9, 12, 16, 17, 19, 20] - 55, [1, 2, 4, 10, 14, 15, 20] - 31, [1, 3, 8, 10, 13, 14, 15, 20] - 46, [1, 3, 5, 8, 10, 14, 15, 20] - 38, [1, 2, 5, 8, 3, 6, 7, 9, 10, 13, 19, 20] - 61, [1, 3, 6, 7, 8, 9, 13, 14, 10, 12, 16, 17, 18, 19, 20] - 94, [1, 6, 7, 9, 16, 17, 19, 20] - 49, [1, 3, 8, 10, 12, 19, 20] - 43, [1, 2, 4, 5, 12, 19, 20] - 43, [1, 2, 5, 8, 9, 13, 19, 20] - 39, [1, 3, 5, 10, 14, 15, 20] - 29, [1, 2, 3, 5, 8, 9, 16, 17, 19, 20] - 52, [1, 2, 5, 12, 16, 10, 14, 15, 20] - 44, [1, 2, 5, 8, 9, 16, 12, 19, 20] - 43, [1, 6, 8, 9, 16, 17, 18, 19, 20] - 50, [1, 3, 6, 8, 10, 13, 9, 16, 17, 18, 12, 19, 20] - 95, [1, 6, 7, 9, 16, 17, 18, 13, 15, 20] - 58, [1, 6, 7, 9, 16, 12, 13, 19, 20] - 43, [1, 3, 6, 8, 9, 10, 12, 5, 2, 4, 11, 13, 19, 20] - 79, [1, 3, 8, 9, 10, 12, 16, 17, 19, 20] - 59, [1, 3, 8, 9, 16, 10, 13, 19, 20] - 43, [1, 2, 4, 10, 14, 13, 15, 20] - 37, [1, 3, 8, 9, 12, 13, 19, 20] - 30, [1, 6, 8, 3, 5, 10, 12, 13, 14, 15, 20] - 57, [1, 6, 7, 8, 10, 14, 13, 9, 12, 16, 17, 18, 19, 20] - 96, [1, 2, 3, 5, 10, 14, 15, 20] - 34, [1, 3, 8, 9, 12, 5, 10, 14, 13, 19, 20] - 55, [1, 3, 8, 10, 12, 13, 19, 20] - 41]
melhor indivíduo da geração:[1, 3, 5, 10, 14, 15, 20] - 29
geração: 2: 
[[1, 3, 5, 10, 14, 15, 20] - 29, [1, 3, 8, 9, 12, 13, 19, 20] - 30, [1, 2, 4, 10, 14, 15, 20] - 31, [1, 2, 5, 12, 19, 20] - 32, [1, 6, 8, 9, 12, 13, 15, 20] - 33, [1, 2, 3, 5, 10, 14, 15, 20] - 34, [1, 2, 4, 10, 14, 13, 15, 20] - 37, [1, 3, 5, 8, 10, 14, 15, 20] - 38, [1, 2, 5, 8, 9, 13, 19, 20] - 39, [1, 3, 8, 10, 12, 13, 15, 20] - 41, [1, 3, 8, 10, 12, 13, 19, 20] - 41, [1, 3, 5, 8, 10, 13, 19, 20] - 42, [1, 3, 8, 10, 12, 19, 20] - 43, [1, 2, 4, 5, 12, 19, 20] - 43, [1, 2, 5, 8, 9, 16, 12, 19, 20] - 43, [1, 6, 7, 9, 16, 12, 13, 19, 20] - 43, [1, 3, 8, 9, 16, 10, 13, 19, 20] - 43, [1, 3, 6, 7, 9, 13, 15, 20] - 44, [1, 6, 8, 9, 16, 17, 19, 20] - 44, [1, 2, 5, 12, 16, 10, 14, 15, 20] - 44, [1, 2, 4, 5, 10, 14, 13, 19, 20] - 46, [1, 3, 8, 10, 13, 14, 15, 20] - 46, [1, 2, 3, 8, 9, 13, 14, 15, 20] - 48, [1, 6, 7, 9, 16, 17, 19, 20] - 49, [1, 3, 6, 7, 9, 16, 10, 14, 15, 20] - 50, [1, 6, 8, 9, 16, 17, 18, 19, 20] - 50, [1, 3, 6, 8, 9, 10, 12, 19, 20] - 51, [1, 2, 3, 5, 8, 9, 16, 17, 19, 20] - 52]
melhor indivíduo da geração:[1, 3, 5, 10, 14, 15, 20] - 29
geração: 3: 
[[1, 3, 5, 10, 14, 15, 20] - 29, [1, 3, 8, 9, 12, 13, 19, 20] - 30, [1, 2, 4, 10, 14, 15, 20] - 31, [1, 2, 5, 12, 19, 20] - 32, [1, 6, 8, 9, 12, 13, 15, 20] - 33, [1, 2, 3, 5, 10, 14, 15, 20] - 34, [1, 2, 4, 11, 14, 15, 20] - 34, [1, 2, 4, 10, 14, 13, 15, 20] - 37, [1, 3, 5, 8, 10, 14, 15, 20] - 38, [1, 2, 5, 8, 9, 13, 19, 20] - 39, [1, 3, 8, 10, 12, 13, 15, 20] - 41, [1, 3, 8, 10, 12, 13, 19, 20] - 41, [1, 6, 8, 3, 5, 12, 19, 20] - 41, [1, 3, 5, 8, 10, 13, 19, 20] - 42, [1, 3, 8, 10, 12, 19, 20] - 43, [1, 2, 4, 5, 12, 19, 20] - 43, [1, 2, 5, 8, 9, 16, 12, 19, 20] - 43, [1, 6, 7, 9, 16, 12, 13, 19, 20] - 43, [1, 3, 8, 9, 16, 10, 13, 19, 20] - 43, [1, 3, 6, 7, 9, 13, 15, 20] - 44, [1, 6, 8, 9, 16, 17, 19, 20] - 44, [1, 2, 5, 12, 16, 10, 14, 15, 20] - 44]
melhor indivíduo da geração:[1, 3, 5, 10, 14, 15, 20] - 29
geração: 4: 
[[1, 3, 5, 10, 14, 15, 20] - 29, [1, 3, 8, 9, 12, 13, 19, 20] - 30, [1, 2, 4, 10, 14, 15, 20] - 31, [1, 2, 5, 12, 19, 20] - 32, [1, 6, 8, 9, 12, 13, 15, 20] - 33, [1, 2, 3, 5, 10, 14, 15, 20] - 34, [1, 2, 4, 11, 14, 15, 20] - 34, [1, 2, 4, 10, 14, 13, 15, 20] - 37, [1, 3, 5, 8, 10, 14, 15, 20] - 38, [1, 3, 6, 8, 10, 14, 15, 20] - 38, [1, 2, 5, 8, 9, 13, 19, 20] - 39, [1, 3, 8, 10, 12, 13, 15, 20] - 41, [1, 3, 8, 10, 12, 13, 19, 20] - 41, [1, 6, 8, 3, 5, 12, 19, 20] - 41, [1, 3, 5, 8, 10, 13, 19, 20] - 42, [1, 3, 8, 10, 12, 19, 20] - 43, [1, 2, 4, 5, 12, 19, 20] - 43, [1, 2, 5, 8, 9, 16, 12, 19, 20] - 43, [1, 6, 7, 9, 16, 12, 13, 19, 20] - 43, [1, 3, 8, 9, 16, 10, 13, 19, 20] - 43]
melhor indivíduo da geração:[1, 3, 5, 10, 14, 15, 20] - 29
geração: 5: 
[[1, 3, 5, 10, 14, 15, 20] - 29, [1, 3, 8, 9, 12, 13, 19, 20] - 30, [1, 2, 4, 10, 14, 15, 20] - 31, [1, 2, 5, 12, 19, 20] - 32, [1, 6, 8, 9, 12, 13, 15, 20] - 33, [1, 3, 5, 10, 13, 15, 20] - 33, [1, 2, 3, 5, 10, 14, 15, 20] - 34, [1, 2, 4, 11, 14, 15, 20] - 34, [1, 2, 4, 11, 13, 15, 20] - 34, [1, 2, 4, 10, 14, 13, 15, 20] - 37, [1, 2, 3, 8, 10, 14, 15, 20] - 37, [1, 3, 5, 8, 10, 14, 15, 20] - 38, [1, 3, 6, 8, 10, 14, 15, 20] - 38, [1, 2, 5, 8, 9, 12, 19, 20] - 38, [1, 2, 5, 8, 9, 13, 19, 20] - 39, [1, 3, 6, 8, 9, 13, 19, 20] - 39, [1, 3, 8, 10, 12, 13, 15, 20] - 41, [1, 3, 8, 10, 12, 13, 19, 20] - 41, [1, 6, 8, 3, 5, 12, 19, 20] - 41, [1, 6, 8, 10, 14, 13, 15, 20] - 41]
melhor indivíduo da geração:[1, 3, 5, 10, 14, 15, 20] - 29
geração: 6: 
[[1, 3, 5, 10, 14, 15, 20] - 29, [1, 3, 8, 9, 12, 13, 19, 20] - 30, [1, 2, 4, 10, 14, 15, 20] - 31, [1, 2, 5, 12, 19, 20] - 32, [1, 6, 8, 9, 12, 13, 15, 20] - 33, [1, 3, 5, 10, 13, 15, 20] - 33, [1, 2, 3, 5, 10, 14, 15, 20] - 34, [1, 2, 4, 11, 14, 15, 20] - 34, [1, 2, 4, 11, 13, 15, 20] - 34, [1, 6, 8, 9, 13, 15, 20] - 36, [1, 2, 4, 10, 14, 13, 15, 20] - 37, [1, 2, 3, 8, 10, 14, 15, 20] - 37, [1, 3, 5, 8, 10, 14, 15, 20] - 38, [1, 3, 6, 8, 10, 14, 15, 20] - 38, [1, 2, 5, 8, 9, 12, 19, 20] - 38, [1, 2, 5, 8, 9, 13, 19, 20] - 39, [1, 3, 6, 8, 9, 13, 19, 20] - 39, [1, 3, 8, 10, 12, 13, 15, 20] - 41, [1, 3, 8, 10, 12, 13, 19, 20] - 41, [1, 6, 8, 3, 5, 12, 19, 20] - 41, [1, 6, 8, 10, 14, 13, 15, 20] - 41, [1, 2, 4, 5, 12, 13, 15, 20] - 41]
melhor indivíduo da geração:[1, 3, 5, 10, 14, 15, 20] - 29
geração: 7: 
[[1, 3, 5, 10, 14, 15, 20] - 29, [1, 3, 8, 9, 12, 13, 19, 20] - 30, [1, 2, 4, 10, 14, 15, 20] - 31, [1, 2, 5, 12, 19, 20] - 32, [1, 6, 8, 9, 12, 13, 15, 20] - 33, [1, 3, 5, 10, 13, 15, 20] - 33, [1, 2, 3, 5, 10, 14, 15, 20] - 34, [1, 2, 4, 11, 14, 15, 20] - 34, [1, 2, 4, 11, 13, 15, 20] - 34, [1, 6, 8, 9, 13, 15, 20] - 36, [1, 2, 4, 10, 14, 13, 15, 20] - 37, [1, 2, 3, 8, 10, 14, 15, 20] - 37, [1, 3, 5, 8, 10, 14, 15, 20] - 38, [1, 3, 6, 8, 10, 14, 15, 20] - 38, [1, 2, 5, 8, 9, 12, 19, 20] - 38, [1, 2, 5, 8, 9, 13, 19, 20] - 39, [1, 3, 6, 8, 9, 13, 19, 20] - 39]
melhor indivíduo da geração:[1, 3, 5, 10, 14, 15, 20] - 29
geração: 8: 
[[1, 3, 5, 10, 14, 15, 20] - 29, [1, 3, 8, 9, 12, 13, 19, 20] - 30, [1, 2, 4, 10, 14, 15, 20] - 31, [1, 2, 5, 12, 19, 20] - 32, [1, 3, 5, 12, 19, 20] - 32, [1, 6, 8, 9, 12, 13, 15, 20] - 33, [1, 3, 5, 10, 13, 15, 20] - 33, [1, 2, 3, 5, 10, 14, 15, 20] - 34, [1, 2, 4, 11, 14, 15, 20] - 34, [1, 2, 4, 11, 13, 15, 20] - 34, [1, 6, 8, 9, 13, 15, 20] - 36, [1, 3, 6, 8, 9, 12, 13, 15, 20] - 36, [1, 2, 4, 10, 14, 13, 15, 20] - 37, [1, 2, 3, 8, 10, 14, 15, 20] - 37, [1, 3, 5, 8, 10, 14, 15, 20] - 38, [1, 3, 6, 8, 10, 14, 15, 20] - 38, [1, 2, 5, 8, 9, 12, 19, 20] - 38]
melhor indivíduo da geração:[1, 3, 5, 10, 14, 15, 20] - 29
geração: 9: 
[[1, 3, 5, 10, 14, 15, 20] - 29, [1, 3, 8, 9, 12, 13, 19, 20] - 30, [1, 2, 4, 10, 14, 15, 20] - 31, [1, 2, 5, 12, 19, 20] - 32, [1, 3, 5, 12, 19, 20] - 32, [1, 3, 8, 9, 12, 19, 20] - 32, [1, 6, 8, 9, 12, 13, 15, 20] - 33, [1, 3, 5, 10, 13, 15, 20] - 33, [1, 2, 3, 5, 10, 14, 15, 20] - 34, [1, 2, 4, 11, 14, 15, 20] - 34, [1, 2, 4, 11, 13, 15, 20] - 34, [1, 3, 8, 9, 10, 14, 15, 20] - 34, [1, 6, 8, 9, 13, 15, 20] - 36, [1, 3, 6, 8, 9, 12, 13, 15, 20] - 36, [1, 2, 4, 10, 14, 13, 15, 20] - 37, [1, 2, 3, 8, 10, 14, 15, 20] - 37, [1, 3, 5, 8, 10, 14, 15, 20] - 38, [1, 3, 6, 8, 10, 14, 15, 20] - 38, [1, 2, 5, 8, 9, 12, 19, 20] - 38]
melhor indivíduo da geração:[1, 3, 5, 10, 14, 15, 20] - 29
geração: 10: 
[[1, 3, 5, 10, 14, 15, 20] - 29, [1, 3, 8, 9, 12, 13, 19, 20] - 30, [1, 2, 4, 10, 14, 15, 20] - 31, [1, 2, 5, 12, 19, 20] - 32, [1, 3, 5, 12, 19, 20] - 32, [1, 3, 8, 9, 12, 19, 20] - 32, [1, 6, 8, 9, 12, 13, 15, 20] - 33, [1, 3, 5, 10, 13, 15, 20] - 33, [1, 3, 5, 10, 13, 19, 20] - 33, [1, 2, 3, 5, 10, 14, 15, 20] - 34, [1, 2, 4, 11, 14, 15, 20] - 34, [1, 2, 4, 11, 13, 15, 20] - 34, [1, 3, 8, 9, 10, 14, 15, 20] - 34, [1, 6, 8, 9, 13, 15, 20] - 36, [1, 3, 6, 8, 9, 12, 13, 15, 20] - 36, [1, 2, 4, 10, 14, 13, 15, 20] - 37, [1, 2, 3, 8, 10, 14, 15, 20] - 37, [1, 3, 5, 8, 10, 14, 15, 20] - 38, [1, 3, 6, 8, 10, 14, 15, 20] - 38, [1, 2, 5, 8, 9, 12, 19, 20] - 38]
melhor indivíduo da geração:[1, 3, 5, 10, 14, 15, 20] - 29
geração: 11: 
[[1, 3, 5, 10, 14, 15, 20] - 29, [1, 3, 8, 9, 12, 13, 19, 20] - 30, [1, 2, 4, 10, 14, 15, 20] - 31, [1, 2, 5, 12, 19, 20] - 32, [1, 3, 5, 12, 19, 20] - 32, [1, 3, 8, 9, 12, 19, 20] - 32, [1, 6, 8, 9, 12, 13, 15, 20] - 33, [1, 3, 5, 10, 13, 15, 20] - 33, [1, 3, 5, 10, 13, 19, 20] - 33, [1, 2, 3, 5, 10, 14, 15, 20] - 34, [1, 2, 4, 11, 14, 15, 20] - 34, [1, 2, 4, 11, 13, 15, 20] - 34, [1, 3, 8, 9, 10, 14, 15, 20] - 34, [1, 6, 8, 9, 13, 15, 20] - 36, [1, 3, 6, 8, 9, 12, 13, 15, 20] - 36, [1, 2, 4, 10, 14, 13, 15, 20] - 37, [1, 2, 3, 8, 10, 14, 15, 20] - 37, [1, 3, 5, 8, 10, 14, 15, 20] - 38, [1, 3, 6, 8, 10, 14, 15, 20] - 38, [1, 2, 5, 8, 9, 12, 19, 20] - 38]
melhor indivíduo da geração:[1, 3, 5, 10, 14, 15, 20] - 29
geração: 12: 
[[1, 3, 5, 10, 14, 15, 20] - 29, [1, 3, 8, 9, 12, 13, 19, 20] - 30, [1, 2, 4, 10, 14, 15, 20] - 31, [1, 2, 5, 12, 19, 20] - 32, [1, 3, 5, 12, 19, 20] - 32, [1, 3, 8, 9, 12, 19, 20] - 32, [1, 6, 8, 9, 12, 13, 15, 20] - 33, [1, 3, 5, 10, 13, 15, 20] - 33, [1, 3, 5, 10, 13, 19, 20] - 33, [1, 2, 3, 5, 10, 14, 15, 20] - 34, [1, 2, 4, 11, 14, 15, 20] - 34, [1, 2, 4, 11, 13, 15, 20] - 34, [1, 3, 8, 9, 10, 14, 15, 20] - 34, [1, 6, 8, 9, 13, 15, 20] - 36, [1, 3, 6, 8, 9, 12, 13, 15, 20] - 36, [1, 2, 4, 10, 14, 13, 15, 20] - 37, [1, 2, 3, 8, 10, 14, 15, 20] - 37, [1, 3, 5, 8, 10, 14, 15, 20] - 38, [1, 3, 6, 8, 10, 14, 15, 20] - 38, [1, 2, 5, 8, 9, 12, 19, 20] - 38]
melhor indivíduo da geração:[1, 3, 5, 10, 14, 15, 20] - 29
geração: 13: 
[[1, 3, 5, 10, 14, 15, 20] - 29, [1, 3, 8, 9, 12, 13, 19, 20] - 30, [1, 2, 4, 10, 14, 15, 20] - 31, [1, 2, 5, 12, 19, 20] - 32, [1, 3, 5, 12, 19, 20] - 32, [1, 3, 8, 9, 12, 19, 20] - 32, [1, 6, 8, 9, 12, 13, 15, 20] - 33, [1, 3, 5, 10, 13, 15, 20] - 33, [1, 3, 5, 10, 13, 19, 20] - 33, [1, 2, 3, 5, 10, 14, 15, 20] - 34, [1, 2, 4, 11, 14, 15, 20] - 34, [1, 2, 4, 11, 13, 15, 20] - 34, [1, 3, 8, 9, 10, 14, 15, 20] - 34, [1, 6, 8, 9, 13, 15, 20] - 36, [1, 3, 6, 8, 9, 12, 13, 15, 20] - 36, [1, 2, 4, 10, 14, 13, 15, 20] - 37, [1, 2, 3, 8, 10, 14, 15, 20] - 37, [1, 3, 5, 8, 10, 14, 15, 20] - 38, [1, 3, 6, 8, 10, 14, 15, 20] - 38, [1, 2, 5, 8, 9, 12, 19, 20] - 38, [1, 3, 8, 10, 14, 13, 19, 20] - 38]
melhor indivíduo da geração:[1, 3, 5, 10, 14, 15, 20] - 29
geração: 14: 
[[1, 3, 5, 10, 14, 15, 20] - 29, [1, 3, 8, 9, 12, 13, 19, 20] - 30, [1, 2, 4, 10, 14, 15, 20] - 31, [1, 2, 5, 12, 19, 20] - 32, [1, 3, 5, 12, 19, 20] - 32, [1, 3, 8, 9, 12, 19, 20] - 32, [1, 6, 8, 9, 12, 13, 15, 20] - 33, [1, 3, 5, 10, 13, 15, 20] - 33, [1, 3, 5, 10, 13, 19, 20] - 33, [1, 2, 3, 5, 10, 14, 15, 20] - 34, [1, 2, 4, 11, 14, 15, 20] - 34, [1, 2, 4, 11, 13, 15, 20] - 34, [1, 3, 8, 9, 10, 14, 15, 20] - 34, [1, 6, 8, 9, 13, 15, 20] - 36, [1, 3, 6, 8, 9, 12, 13, 15, 20] - 36, [1, 2, 4, 10, 14, 13, 15, 20] - 37, [1, 2, 3, 8, 10, 14, 15, 20] - 37]
melhor indivíduo da geração:[1, 3, 5, 10, 14, 15, 20] - 29
geração: 15: 
[[1, 3, 5, 10, 14, 15, 20] - 29, [1, 3, 8, 9, 12, 13, 19, 20] - 30, [1, 2, 4, 10, 14, 15, 20] - 31, [1, 2, 5, 12, 19, 20] - 32, [1, 3, 5, 12, 19, 20] - 32, [1, 3, 8, 9, 12, 19, 20] - 32, [1, 6, 8, 9, 12, 13, 15, 20] - 33, [1, 3, 5, 10, 13, 15, 20] - 33, [1, 3, 5, 10, 13, 19, 20] - 33, [1, 3, 8, 9, 13, 19, 20] - 33, [1, 2, 3, 5, 10, 14, 15, 20] - 34, [1, 2, 4, 11, 14, 15, 20] - 34, [1, 2, 4, 11, 13, 15, 20] - 34, [1, 3, 8, 9, 10, 14, 15, 20] - 34, [1, 6, 8, 9, 13, 15, 20] - 36, [1, 3, 6, 8, 9, 12, 13, 15, 20] - 36, [1, 6, 8, 9, 13, 19, 20] - 36]
melhor indivíduo da geração:[1, 3, 5, 10, 14, 15, 20] - 29
geração: 16: 
[[1, 3, 5, 10, 14, 15, 20] - 29, [1, 3, 8, 9, 12, 13, 19, 20] - 30, [1, 2, 4, 10, 14, 15, 20] - 31, [1, 2, 5, 12, 19, 20] - 32, [1, 3, 5, 12, 19, 20] - 32, [1, 3, 8, 9, 12, 19, 20] - 32, [1, 6, 8, 9, 12, 13, 15, 20] - 33, [1, 3, 5, 10, 13, 15, 20] - 33, [1, 3, 5, 10, 13, 19, 20] - 33, [1, 3, 8, 9, 13, 19, 20] - 33, [1, 2, 3, 5, 10, 14, 15, 20] - 34, [1, 2, 4, 11, 14, 15, 20] - 34, [1, 2, 4, 11, 13, 15, 20] - 34, [1, 3, 8, 9, 10, 14, 15, 20] - 34, [1, 6, 8, 9, 13, 15, 20] - 36, [1, 3, 6, 8, 9, 12, 13, 15, 20] - 36, [1, 6, 8, 9, 13, 19, 20] - 36]
melhor indivíduo da geração:[1, 3, 5, 10, 14, 15, 20] - 29
geração: 17: 
[[1, 3, 5, 10, 14, 15, 20] - 29, [1, 3, 8, 9, 12, 13, 19, 20] - 30, [1, 2, 4, 10, 14, 15, 20] - 31, [1, 2, 5, 12, 19, 20] - 32, [1, 3, 5, 12, 19, 20] - 32, [1, 3, 8, 9, 12, 19, 20] - 32, [1, 6, 8, 9, 12, 13, 15, 20] - 33, [1, 3, 5, 10, 13, 15, 20] - 33, [1, 3, 5, 10, 13, 19, 20] - 33, [1, 3, 8, 9, 13, 19, 20] - 33, [1, 2, 3, 5, 10, 14, 15, 20] - 34, [1, 2, 4, 11, 14, 15, 20] - 34, [1, 2, 4, 11, 13, 15, 20] - 34, [1, 3, 8, 9, 10, 14, 15, 20] - 34, [1, 6, 8, 9, 13, 15, 20] - 36, [1, 3, 6, 8, 9, 12, 13, 15, 20] - 36, [1, 6, 8, 9, 13, 19, 20] - 36]
melhor indivíduo da geração:[1, 3, 5, 10, 14, 15, 20] - 29
geração: 18: 
[[1, 3, 5, 10, 14, 15, 20] - 29, [1, 3, 8, 9, 12, 13, 19, 20] - 30, [1, 2, 4, 10, 14, 15, 20] - 31, [1, 2, 5, 12, 19, 20] - 32, [1, 3, 5, 12, 19, 20] - 32, [1, 3, 8, 9, 12, 19, 20] - 32, [1, 6, 8, 9, 12, 13, 15, 20] - 33, [1, 3, 5, 10, 13, 15, 20] - 33, [1, 3, 5, 10, 13, 19, 20] - 33, [1, 3, 8, 9, 13, 19, 20] - 33, [1, 2, 3, 5, 10, 14, 15, 20] - 34, [1, 2, 4, 11, 14, 15, 20] - 34, [1, 2, 4, 11, 13, 15, 20] - 34, [1, 3, 8, 9, 10, 14, 15, 20] - 34, [1, 6, 8, 10, 14, 15, 20] - 35, [1, 6, 8, 9, 13, 15, 20] - 36, [1, 3, 6, 8, 9, 12, 13, 15, 20] - 36, [1, 6, 8, 9, 13, 19, 20] - 36]
melhor indivíduo da geração:[1, 3, 5, 10, 14, 15, 20] - 29
geração: 19: 
[[1, 3, 5, 10, 14, 15, 20] - 29, [1, 3, 8, 9, 12, 13, 19, 20] - 30, [1, 2, 4, 10, 14, 15, 20] - 31, [1, 2, 5, 12, 19, 20] - 32, [1, 3, 5, 12, 19, 20] - 32, [1, 3, 8, 9, 12, 19, 20] - 32, [1, 6, 8, 9, 12, 13, 15, 20] - 33, [1, 3, 5, 10, 13, 15, 20] - 33, [1, 3, 5, 10, 13, 19, 20] - 33, [1, 3, 8, 9, 13, 19, 20] - 33, [1, 2, 3, 5, 10, 14, 15, 20] - 34, [1, 2, 4, 11, 14, 15, 20] - 34, [1, 2, 4, 11, 13, 15, 20] - 34, [1, 3, 8, 9, 10, 14, 15, 20] - 34, [1, 6, 8, 10, 14, 15, 20] - 35, [1, 6, 8, 9, 13, 15, 20] - 36, [1, 3, 6, 8, 9, 12, 13, 15, 20] - 36, [1, 6, 8, 9, 13, 19, 20] - 36]
melhor indivíduo da geração:[1, 3, 5, 10, 14, 15, 20] - 29
geração: 20: 
[[1, 3, 5, 10, 14, 15, 20] - 29, [1, 3, 8, 9, 12, 13, 19, 20] - 30, [1, 2, 4, 10, 14, 15, 20] - 31, [1, 2, 5, 12, 19, 20] - 32, [1, 3, 5, 12, 19, 20] - 32, [1, 3, 8, 9, 12, 19, 20] - 32, [1, 3, 8, 10, 14, 15, 20] - 32, [1, 6, 8, 9, 12, 13, 15, 20] - 33, [1, 3, 5, 10, 13, 15, 20] - 33, [1, 3, 5, 10, 13, 19, 20] - 33, [1, 3, 8, 9, 13, 19, 20] - 33, [1, 2, 3, 5, 10, 14, 15, 20] - 34, [1, 2, 4, 11, 14, 15, 20] - 34, [1, 2, 4, 11, 13, 15, 20] - 34, [1, 3, 8, 9, 10, 14, 15, 20] - 34, [1, 6, 8, 10, 14, 15, 20] - 35, [1, 6, 8, 9, 13, 15, 20] - 36, [1, 3, 6, 8, 9, 12, 13, 15, 20] - 36, [1, 6, 8, 9, 13, 19, 20] - 36]
melhor indivíduo da geração:[1, 3, 5, 10, 14, 15, 20] - 29
geração: 21: 
[[1, 3, 5, 10, 14, 15, 20] - 29, [1, 2, 5, 10, 14, 15, 20] - 29, [1, 3, 8, 9, 12, 13, 19, 20] - 30, [1, 3, 5, 12, 13, 15, 20] - 30, [1, 2, 4, 10, 14, 15, 20] - 31, [1, 2, 5, 12, 19, 20] - 32, [1, 3, 5, 12, 19, 20] - 32, [1, 3, 8, 9, 12, 19, 20] - 32, [1, 3, 8, 10, 14, 15, 20] - 32, [1, 6, 8, 9, 12, 13, 15, 20] - 33, [1, 3, 5, 10, 13, 15, 20] - 33, [1, 3, 5, 10, 13, 19, 20] - 33, [1, 3, 8, 9, 13, 19, 20] - 33, [1, 2, 3, 5, 10, 14, 15, 20] - 34, [1, 2, 4, 11, 14, 15, 20] - 34, [1, 2, 4, 11, 13, 15, 20] - 34, [1, 3, 8, 9, 10, 14, 15, 20] - 34, [1, 6, 8, 10, 14, 15, 20] - 35]
melhor indivíduo da geração:[1, 3, 5, 10, 14, 15, 20] - 29
geração: 22: 
[[1, 3, 5, 10, 14, 15, 20] - 29, [1, 2, 5, 10, 14, 15, 20] - 29, [1, 3, 8, 9, 12, 13, 19, 20] - 30, [1, 3, 5, 12, 13, 15, 20] - 30, [1, 2, 4, 10, 14, 15, 20] - 31, [1, 2, 5, 12, 19, 20] - 32, [1, 3, 5, 12, 19, 20] - 32, [1, 3, 8, 9, 12, 19, 20] - 32, [1, 3, 8, 10, 14, 15, 20] - 32, [1, 6, 8, 9, 12, 13, 15, 20] - 33, [1, 3, 5, 10, 13, 15, 20] - 33, [1, 3, 5, 10, 13, 19, 20] - 33, [1, 3, 8, 9, 13, 19, 20] - 33, [1, 2, 3, 5, 10, 14, 15, 20] - 34, [1, 2, 4, 11, 14, 15, 20] - 34, [1, 2, 4, 11, 13, 15, 20] - 34, [1, 3, 8, 9, 10, 14, 15, 20] - 34, [1, 6, 8, 10, 14, 15, 20] - 35]
melhor indivíduo da geração:[1, 3, 5, 10, 14, 15, 20] - 29
geração: 23: 
[[1, 3, 5, 10, 14, 15, 20] - 29, [1, 2, 5, 10, 14, 15, 20] - 29, [1, 3, 8, 9, 12, 13, 19, 20] - 30, [1, 3, 5, 12, 13, 15, 20] - 30, [1, 2, 4, 10, 14, 15, 20] - 31, [1, 2, 5, 12, 19, 20] - 32, [1, 3, 5, 12, 19, 20] - 32, [1, 3, 8, 9, 12, 19, 20] - 32, [1, 3, 8, 10, 14, 15, 20] - 32, [1, 6, 8, 9, 12, 13, 15, 20] - 33, [1, 3, 5, 10, 13, 15, 20] - 33, [1, 3, 5, 10, 13, 19, 20] - 33, [1, 3, 8, 9, 13, 19, 20] - 33, [1, 2, 3, 5, 10, 14, 15, 20] - 34, [1, 2, 4, 11, 14, 15, 20] - 34, [1, 2, 4, 11, 13, 15, 20] - 34, [1, 3, 8, 9, 10, 14, 15, 20] - 34, [1, 6, 8, 10, 14, 15, 20] - 35]
melhor indivíduo da geração:[1, 3, 5, 10, 14, 15, 20] - 29
geração: 24: 
[[1, 3, 5, 10, 14, 15, 20] - 29, [1, 2, 5, 10, 14, 15, 20] - 29, [1, 3, 8, 9, 12, 13, 19, 20] - 30, [1, 3, 5, 12, 13, 15, 20] - 30, [1, 2, 4, 10, 14, 15, 20] - 31, [1, 2, 5, 12, 19, 20] - 32, [1, 3, 5, 12, 19, 20] - 32, [1, 3, 8, 9, 12, 19, 20] - 32, [1, 3, 8, 10, 14, 15, 20] - 32, [1, 6, 8, 9, 12, 13, 15, 20] - 33, [1, 3, 5, 10, 13, 15, 20] - 33, [1, 3, 5, 10, 13, 19, 20] - 33, [1, 3, 8, 9, 13, 19, 20] - 33, [1, 2, 3, 5, 10, 14, 15, 20] - 34, [1, 2, 4, 11, 14, 15, 20] - 34, [1, 2, 4, 11, 13, 15, 20] - 34, [1, 3, 8, 9, 10, 14, 15, 20] - 34, [1, 6, 8, 10, 14, 15, 20] - 35]
melhor indivíduo da geração:[1, 3, 5, 10, 14, 15, 20] - 29
geração: 25: 
[[1, 3, 5, 10, 14, 15, 20] - 29, [1, 2, 5, 10, 14, 15, 20] - 29, [1, 3, 8, 9, 12, 13, 19, 20] - 30, [1, 3, 5, 12, 13, 15, 20] - 30, [1, 2, 4, 10, 14, 15, 20] - 31, [1, 2, 5, 12, 19, 20] - 32, [1, 3, 5, 12, 19, 20] - 32, [1, 3, 8, 9, 12, 19, 20] - 32, [1, 3, 8, 10, 14, 15, 20] - 32, [1, 6, 8, 9, 12, 13, 15, 20] - 33, [1, 3, 5, 10, 13, 15, 20] - 33, [1, 3, 5, 10, 13, 19, 20] - 33, [1, 3, 8, 9, 13, 19, 20] - 33, [1, 2, 5, 10, 13, 19, 20] - 33, [1, 2, 3, 5, 10, 14, 15, 20] - 34, [1, 2, 4, 11, 14, 15, 20] - 34, [1, 2, 4, 11, 13, 15, 20] - 34, [1, 3, 8, 9, 10, 14, 15, 20] - 34]
melhor indivíduo da geração:[1, 3, 5, 10, 14, 15, 20] - 29
geração: 26: 
[[1, 3, 5, 10, 14, 15, 20] - 29, [1, 2, 5, 10, 14, 15, 20] - 29, [1, 3, 8, 9, 12, 13, 19, 20] - 30, [1, 3, 5, 12, 13, 15, 20] - 30, [1, 2, 4, 10, 14, 15, 20] - 31, [1, 2, 5, 12, 19, 20] - 32, [1, 3, 5, 12, 19, 20] - 32, [1, 3, 8, 9, 12, 19, 20] - 32, [1, 3, 8, 10, 14, 15, 20] - 32, [1, 6, 8, 9, 12, 13, 15, 20] - 33, [1, 3, 5, 10, 13, 15, 20] - 33, [1, 3, 5, 10, 13, 19, 20] - 33, [1, 3, 8, 9, 13, 19, 20] - 33, [1, 2, 5, 10, 13, 19, 20] - 33, [1, 2, 3, 5, 10, 14, 15, 20] - 34, [1, 2, 4, 11, 14, 15, 20] - 34, [1, 2, 4, 11, 13, 15, 20] - 34, [1, 3, 8, 9, 10, 14, 15, 20] - 34]
melhor indivíduo da geração:[1, 3, 5, 10, 14, 15, 20] - 29
geração: 27: 
[[1, 3, 5, 10, 14, 15, 20] - 29, [1, 2, 5, 10, 14, 15, 20] - 29, [1, 3, 8, 9, 12, 13, 19, 20] - 30, [1, 3, 5, 12, 13, 15, 20] - 30, [1, 3, 5, 12, 13, 19, 20] - 30, [1, 2, 4, 10, 14, 15, 20] - 31, [1, 2, 5, 12, 19, 20] - 32, [1, 3, 5, 12, 19, 20] - 32, [1, 3, 8, 9, 12, 19, 20] - 32, [1, 3, 8, 10, 14, 15, 20] - 32, [1, 6, 8, 9, 12, 13, 15, 20] - 33, [1, 3, 5, 10, 13, 15, 20] - 33, [1, 3, 5, 10, 13, 19, 20] - 33, [1, 3, 8, 9, 13, 19, 20] - 33, [1, 2, 5, 10, 13, 19, 20] - 33, [1, 2, 3, 5, 10, 14, 15, 20] - 34, [1, 2, 4, 11, 14, 15, 20] - 34, [1, 2, 4, 11, 13, 15, 20] - 34, [1, 3, 8, 9, 10, 14, 15, 20] - 34]
melhor indivíduo da geração:[1, 3, 5, 10, 14, 15, 20] - 29
geração: 28: 
[[1, 3, 5, 10, 14, 15, 20] - 29, [1, 2, 5, 10, 14, 15, 20] - 29, [1, 3, 8, 9, 12, 13, 19, 20] - 30, [1, 3, 5, 12, 13, 15, 20] - 30, [1, 3, 5, 12, 13, 19, 20] - 30, [1, 2, 4, 10, 14, 15, 20] - 31, [1, 2, 5, 12, 19, 20] - 32, [1, 3, 5, 12, 19, 20] - 32, [1, 3, 8, 9, 12, 19, 20] - 32, [1, 3, 8, 10, 14, 15, 20] - 32, [1, 6, 8, 9, 12, 13, 15, 20] - 33, [1, 3, 5, 10, 13, 15, 20] - 33, [1, 3, 5, 10, 13, 19, 20] - 33, [1, 3, 8, 9, 13, 19, 20] - 33, [1, 2, 5, 10, 13, 19, 20] - 33, [1, 2, 3, 5, 10, 14, 15, 20] - 34, [1, 2, 4, 11, 14, 15, 20] - 34, [1, 2, 4, 11, 13, 15, 20] - 34, [1, 3, 8, 9, 10, 14, 15, 20] - 34, [1, 2, 4, 11, 13, 19, 20] - 34]
melhor indivíduo da geração:[1, 3, 5, 10, 14, 15, 20] - 29
geração: 29: 
[[1, 3, 5, 10, 14, 15, 20] - 29, [1, 2, 5, 10, 14, 15, 20] - 29, [1, 3, 8, 9, 12, 13, 19, 20] - 30, [1, 3, 5, 12, 13, 15, 20] - 30, [1, 3, 5, 12, 13, 19, 20] - 30, [1, 2, 4, 10, 14, 15, 20] - 31, [1, 2, 5, 12, 19, 20] - 32, [1, 3, 5, 12, 19, 20] - 32, [1, 3, 8, 9, 12, 19, 20] - 32, [1, 3, 8, 10, 14, 15, 20] - 32, [1, 6, 8, 9, 12, 13, 15, 20] - 33, [1, 3, 5, 10, 13, 15, 20] - 33, [1, 3, 5, 10, 13, 19, 20] - 33, [1, 3, 8, 9, 13, 19, 20] - 33, [1, 2, 5, 10, 13, 19, 20] - 33, [1, 2, 3, 5, 10, 14, 15, 20] - 34, [1, 2, 4, 11, 14, 15, 20] - 34, [1, 2, 4, 11, 13, 15, 20] - 34, [1, 3, 8, 9, 10, 14, 15, 20] - 34, [1, 2, 4, 11, 13, 19, 20] - 34]
melhor indivíduo da geração:[1, 3, 5, 10, 14, 15, 20] - 29
geração: 30: 
[[1, 3, 5, 10, 14, 15, 20] - 29, [1, 2, 5, 10, 14, 15, 20] - 29, [1, 3, 8, 9, 12, 13, 19, 20] - 30, [1, 3, 5, 12, 13, 15, 20] - 30, [1, 3, 5, 12, 13, 19, 20] - 30, [1, 2, 4, 10, 14, 15, 20] - 31, [1, 2, 5, 12, 19, 20] - 32, [1, 3, 5, 12, 19, 20] - 32, [1, 3, 8, 9, 12, 19, 20] - 32, [1, 3, 8, 10, 14, 15, 20] - 32, [1, 6, 8, 9, 12, 13, 15, 20] - 33, [1, 3, 5, 10, 13, 15, 20] - 33, [1, 3, 5, 10, 13, 19, 20] - 33, [1, 3, 8, 9, 13, 19, 20] - 33, [1, 2, 5, 10, 13, 19, 20] - 33, [1, 2, 3, 5, 10, 14, 15, 20] - 34, [1, 2, 4, 11, 14, 15, 20] - 34, [1, 2, 4, 11, 13, 15, 20] - 34, [1, 3, 8, 9, 10, 14, 15, 20] - 34, [1, 2, 4, 11, 13, 19, 20] - 34]
melhor indivíduo da geração:[1, 3, 5, 10, 14, 15, 20] - 29
melhor valor é da geração 26!!!!
______________________________________________________________________________________________________________________________
