gera????o: 1: 
[[1, 4, 10, 11, 20, 29, 37, 38, 43, 51, 59, 66, 67, 68, 70] - 6053, [1, 2, 3, 5, 12, 14, 22, 23, 25, 33, 39, 44, 53, 60, 61, 68, 70] - 6304, [1, 4, 11, 21, 22, 33, 47, 56, 57, 70] - 4520, [1, 4, 10, 11, 21, 31, 40, 41, 44, 56, 61, 63, 70] - 4354, [1, 2, 4, 11, 21, 23, 31, 41, 44, 50, 53, 61, 65, 67, 68, 70] - 6414, [1, 3, 9, 11, 20, 29, 37, 42, 51, 59, 66, 67, 69, 70] - 5855, [1, 4, 11, 21, 31, 33, 47, 55, 57, 70] - 3831, [1, 3, 9, 11, 20, 30, 31, 40, 41, 47, 49, 58, 62, 70] - 4925, [1, 4, 11, 21, 23, 31, 32, 39, 50, 53, 54, 61, 63, 70] - 4596, [1, 3, 13, 14, 25, 26, 34, 46, 47, 49, 55, 57, 70] - 4485, [1, 3, 13, 31, 41, 45, 57, 70] - 3777, [1, 2, 9, 11, 21, 22, 24, 34, 41, 44, 45, 47, 56, 57, 70] - 5838, [1, 3, 23, 31, 32, 39, 50, 53, 54, 56, 63, 70] - 4249, [1, 4, 11, 21, 22, 23, 25, 33, 41, 44, 54, 56, 60, 64, 67, 69, 70] - 6250, [1, 4, 10, 20, 21, 22, 33, 49, 58, 62, 70] - 4285, [1, 4, 11, 21, 22, 23, 25, 26, 28, 35, 46, 49, 55, 58, 62, 70] - 5027, [1, 3, 23, 25, 33, 41, 46, 47, 56, 63, 70] - 4740, [1, 4, 10, 11, 20, 30, 32, 40, 44, 50, 53, 54, 61, 68, 70] - 5134, [1, 4, 11, 20, 31, 40, 41, 46, 49, 55, 58, 62, 70] - 5344, [1, 4, 11, 21, 23, 33, 46, 49, 58, 62, 70] - 4214, [1, 3, 12, 22, 25, 26, 28, 36, 48, 49, 55, 58, 62, 70] - 4626, [1, 3, 5, 6, 14, 26, 28, 34, 35, 49, 55, 57, 70] - 4301, [1, 2, 9, 11, 20, 30, 31, 41, 45, 56, 57, 70] - 4610, [1, 3, 12, 14, 24, 34, 35, 36, 49, 58, 62, 70] - 4808, [1, 4, 10, 20, 29, 37, 38, 43, 51, 59, 66, 67, 68, 70] - 5809, [1, 3, 12, 14, 17, 24, 34, 46, 47, 49, 55, 56, 63, 70] - 5084, [1, 4, 11, 20, 21, 31, 40, 41, 47, 49, 55, 58, 62, 70] - 5366, [1, 4, 11, 20, 30, 31, 40, 44, 56, 60, 61, 65, 67, 68, 70] - 7133, [1, 2, 9, 13, 23, 25, 33, 34, 46, 49, 58, 62, 70] - 4146, [1, 3, 23, 33, 40, 41, 45, 47, 49, 55, 57, 70] - 4506, [1, 4, 11, 20, 21, 22, 24, 28, 36, 49, 58, 62, 70] - 5566, [1, 4, 10, 20, 30, 31, 41, 45, 56, 57, 70] - 4531, [1, 3, 5, 12, 14, 22, 23, 25, 26, 28, 36, 49, 55, 58, 62, 70] - 4831, [1, 3, 23, 25, 26, 33, 39, 40, 44, 53, 54, 56, 57, 70] - 5594, [1, 4, 10, 20, 21, 23, 31, 33, 46, 47, 55, 56, 63, 70] - 5297, [1, 2, 9, 11, 20, 39, 56, 60, 65, 67, 69, 70] - 6195, [1, 2, 4, 11, 20, 37, 38, 43, 52, 60, 64, 65, 66, 67, 69, 70] - 6651, [1, 3, 9, 21, 31, 32, 37, 42, 50, 53, 61, 65, 66, 67, 69, 70] - 6258, [1, 4, 10, 20, 29, 38, 43, 52, 59, 66, 67, 69, 70] - 6054, [1, 4, 10, 11, 20, 21, 31, 32, 39, 44, 50, 53, 60, 64, 67, 69, 70] - 6392]
melhor indiv??duo da gera????o:[1, 3, 13, 31, 41, 45, 57, 70] - 3777
gera????o: 2: 
[[1, 2, 3, 5, 12, 14, 22, 23, 25, 33, 39, 44, 53, 60, 61, 68, 70] - 6304, [1, 4, 10, 11, 21, 31, 40, 41, 44, 56, 61, 63, 70] - 4354, [1, 3, 9, 11, 20, 29, 37, 42, 51, 59, 66, 67, 69, 70] - 5855, [1, 3, 9, 11, 20, 30, 31, 40, 41, 47, 49, 58, 62, 70] - 4925, [1, 3, 13, 14, 25, 26, 34, 46, 47, 49, 55, 57, 70] - 4485, [1, 2, 9, 11, 21, 22, 24, 34, 41, 44, 45, 47, 56, 57, 70] - 5838, [1, 4, 11, 21, 22, 23, 25, 33, 41, 44, 54, 56, 60, 64, 67, 69, 70] - 6250, [1, 4, 11, 21, 22, 23, 25, 26, 28, 35, 46, 49, 55, 58, 62, 70] - 5027, [1, 4, 10, 11, 20, 30, 32, 40, 44, 50, 53, 54, 61, 68, 70] - 5134, [1, 4, 11, 21, 23, 33, 46, 49, 58, 62, 70] - 4214, [1, 3, 5, 6, 14, 26, 28, 34, 35, 49, 55, 57, 70] - 4301, [1, 3, 12, 14, 24, 34, 35, 36, 49, 58, 62, 70] - 4808, [1, 3, 12, 14, 17, 24, 34, 46, 47, 49, 55, 56, 63, 70] - 5084, [1, 4, 11, 20, 30, 31, 40, 44, 56, 60, 61, 65, 67, 68, 70] - 7133, [1, 3, 23, 33, 40, 41, 45, 47, 49, 55, 57, 70] - 4506, [1, 4, 10, 20, 30, 31, 41, 45, 56, 57, 70] - 4531, [1, 3, 23, 25, 26, 33, 39, 40, 44, 53, 54, 56, 57, 70] - 5594, [1, 2, 9, 11, 20, 39, 56, 60, 65, 67, 69, 70] - 6195, [1, 3, 9, 21, 31, 32, 37, 42, 50, 53, 61, 65, 66, 67, 69, 70] - 6258, [1, 4, 10, 11, 20, 21, 31, 32, 39, 44, 50, 53, 60, 64, 67, 69, 70] - 6392, [1, 3, 13, 31, 41, 45, 57, 70] - 3777, [1, 4, 10, 20, 29, 38, 43, 52, 59, 66, 67, 69, 70] - 6054, [1, 3, 13, 31, 41, 45, 57, 70] - 3777, [1, 3, 12, 14, 24, 34, 35, 36, 49, 58, 62, 70] - 4808, [1, 2, 9, 11, 20, 30, 31, 41, 45, 56, 57, 70] - 4610, [1, 2, 3, 5, 12, 14, 22, 23, 25, 33, 39, 44, 53, 60, 61, 68, 70] - 6304, [1, 2, 9, 13, 23, 25, 33, 34, 46, 49, 58, 62, 70] - 4146, [1, 3, 13, 14, 25, 26, 34, 46, 47, 49, 55, 57, 70] - 4485]
melhor indiv??duo da gera????o:[1, 3, 13, 31, 41, 45, 57, 70] - 3777
gera????o: 3: 
[[1, 4, 10, 11, 21, 31, 40, 41, 44, 56, 61, 63, 70] - 4354, [1, 3, 9, 11, 20, 30, 31, 40, 41, 47, 49, 58, 62, 70] - 4925, [1, 2, 9, 11, 21, 22, 24, 34, 41, 44, 45, 47, 56, 57, 70] - 5838, [1, 4, 11, 21, 22, 23, 25, 26, 28, 35, 46, 49, 55, 58, 62, 70] - 5027, [1, 4, 11, 21, 23, 33, 46, 49, 58, 62, 70] - 4214, [1, 3, 12, 14, 24, 34, 35, 36, 49, 58, 62, 70] - 4808, [1, 4, 11, 20, 30, 31, 40, 44, 56, 60, 61, 65, 67, 68, 70] - 7133, [1, 4, 10, 20, 30, 31, 41, 45, 56, 57, 70] - 4531, [1, 2, 9, 11, 20, 39, 56, 60, 65, 67, 69, 70] - 6195, [1, 4, 10, 11, 20, 21, 31, 32, 39, 44, 50, 53, 60, 64, 67, 69, 70] - 6392, [1, 4, 10, 20, 29, 38, 43, 52, 59, 66, 67, 69, 70] - 6054, [1, 3, 12, 14, 24, 34, 35, 36, 49, 58, 62, 70] - 4808, [1, 2, 3, 5, 12, 14, 22, 23, 25, 33, 39, 44, 53, 60, 61, 68, 70] - 6304, [1, 3, 13, 14, 25, 26, 34, 46, 47, 49, 55, 57, 70] - 4485, [1, 3, 23, 33, 40, 41, 45, 47, 49, 55, 57, 70] - 4506, [1, 2, 3, 5, 12, 14, 22, 23, 25, 33, 39, 44, 53, 60, 61, 68, 70] - 6304, [1, 4, 10, 20, 29, 38, 43, 52, 59, 66, 67, 69, 70] - 6054, [1, 3, 9, 21, 31, 32, 37, 42, 50, 53, 61, 65, 66, 67, 69, 70] - 6258, [1, 2, 9, 11, 20, 39, 56, 60, 65, 67, 69, 70] - 6195, [1, 2, 9, 11, 20, 39, 56, 60, 65, 67, 69, 70] - 6195]
melhor indiv??duo da gera????o:[1, 4, 11, 21, 23, 33, 46, 49, 58, 62, 70] - 4214
gera????o: 4: 
[[1, 3, 9, 11, 20, 30, 31, 40, 41, 47, 49, 58, 62, 70] - 4925, [1, 4, 11, 21, 22, 23, 25, 26, 28, 35, 46, 49, 55, 58, 62, 70] - 5027, [1, 3, 12, 14, 24, 34, 35, 36, 49, 58, 62, 70] - 4808, [1, 4, 10, 20, 30, 31, 41, 45, 56, 57, 70] - 4531, [1, 4, 10, 11, 20, 21, 31, 32, 39, 44, 50, 53, 60, 64, 67, 69, 70] - 6392, [1, 3, 12, 14, 24, 34, 35, 36, 49, 58, 62, 70] - 4808, [1, 3, 13, 14, 25, 26, 34, 46, 47, 49, 55, 57, 70] - 4485, [1, 2, 3, 5, 12, 14, 22, 23, 25, 33, 39, 44, 53, 60, 61, 68, 70] - 6304, [1, 3, 9, 21, 31, 32, 37, 42, 50, 53, 61, 65, 66, 67, 69, 70] - 6258, [1, 2, 9, 11, 20, 39, 56, 60, 65, 67, 69, 70] - 6195, [1, 3, 12, 14, 24, 34, 35, 36, 49, 58, 62, 70] - 4808, [1, 3, 12, 14, 24, 34, 35, 36, 49, 58, 62, 70] - 4808, [1, 3, 12, 14, 24, 34, 35, 36, 49, 58, 62, 70] - 4808, [1, 3, 23, 33, 40, 41, 45, 47, 49, 55, 57, 70] - 4506, [1, 2, 3, 5, 12, 14, 22, 23, 25, 33, 39, 44, 53, 60, 61, 68, 70] - 6304, [1, 3, 23, 33, 40, 41, 45, 47, 49, 55, 57, 70] - 4506, [1, 3, 23, 33, 40, 41, 45, 47, 49, 55, 57, 70] - 4506, [1, 3, 23, 33, 40, 41, 45, 47, 49, 55, 57, 70] - 4506]
melhor indiv??duo da gera????o:[1, 3, 13, 14, 25, 26, 34, 46, 47, 49, 55, 57, 70] - 4485
gera????o: 5: 
[[1, 4, 11, 21, 22, 23, 25, 26, 28, 35, 46, 49, 55, 58, 62, 70] - 5027, [1, 4, 10, 20, 30, 31, 41, 45, 56, 57, 70] - 4531, [1, 3, 12, 14, 24, 34, 35, 36, 49, 58, 62, 70] - 4808, [1, 2, 3, 5, 12, 14, 22, 23, 25, 33, 39, 44, 53, 60, 61, 68, 70] - 6304, [1, 2, 9, 11, 20, 39, 56, 60, 65, 67, 69, 70] - 6195, [1, 3, 12, 14, 24, 34, 35, 36, 49, 58, 62, 70] - 4808, [1, 3, 23, 33, 40, 41, 45, 47, 49, 55, 57, 70] - 4506, [1, 3, 23, 33, 40, 41, 45, 47, 49, 55, 57, 70] - 4506, [1, 3, 23, 33, 40, 41, 45, 47, 49, 55, 57, 70] - 4506, [1, 3, 23, 33, 40, 41, 45, 47, 49, 55, 57, 70] - 4506, [1, 4, 10, 20, 30, 31, 41, 45, 56, 57, 70] - 4531, [1, 3, 23, 33, 40, 41, 45, 47, 49, 55, 57, 70] - 4506, [1, 3, 23, 33, 40, 41, 45, 47, 49, 55, 57, 70] - 4506, [1, 3, 12, 14, 24, 34, 35, 36, 49, 58, 62, 70] - 4808, [1, 3, 12, 14, 24, 34, 35, 36, 49, 58, 62, 70] - 4808, [1, 2, 9, 11, 20, 39, 56, 60, 65, 67, 69, 70] - 6195]
melhor indiv??duo da gera????o:[1, 3, 23, 33, 40, 41, 45, 47, 49, 55, 57, 70] - 4506
gera????o: 6: 
[[1, 4, 10, 20, 30, 31, 41, 45, 56, 57, 70] - 4531, [1, 2, 3, 5, 12, 14, 22, 23, 25, 33, 39, 44, 53, 60, 61, 68, 70] - 6304, [1, 3, 12, 14, 24, 34, 35, 36, 49, 58, 62, 70] - 4808, [1, 3, 23, 33, 40, 41, 45, 47, 49, 55, 57, 70] - 4506, [1, 3, 23, 33, 40, 41, 45, 47, 49, 55, 57, 70] - 4506, [1, 3, 23, 33, 40, 41, 45, 47, 49, 55, 57, 70] - 4506, [1, 3, 12, 14, 24, 34, 35, 36, 49, 58, 62, 70] - 4808, [1, 2, 9, 11, 20, 39, 56, 60, 65, 67, 69, 70] - 6195, [1, 3, 23, 33, 40, 41, 45, 47, 49, 55, 57, 70] - 4506, [1, 3, 23, 33, 40, 41, 45, 47, 49, 55, 57, 70] - 4506, [1, 2, 9, 11, 20, 39, 56, 60, 65, 67, 69, 70] - 6195, [1, 3, 23, 33, 40, 41, 45, 47, 49, 55, 57, 70] - 4506, [1, 3, 12, 14, 24, 34, 35, 36, 49, 58, 62, 70] - 4808, [1, 3, 23, 33, 40, 41, 45, 47, 49, 55, 57, 70] - 4506, [1, 3, 23, 33, 40, 41, 45, 47, 49, 55, 57, 70] - 4506]
melhor indiv??duo da gera????o:[1, 3, 23, 33, 40, 41, 45, 47, 49, 55, 57, 70] - 4506
gera????o: 7: 
[[1, 2, 3, 5, 12, 14, 22, 23, 25, 33, 39, 44, 53, 60, 61, 68, 70] - 6304, [1, 3, 23, 33, 40, 41, 45, 47, 49, 55, 57, 70] - 4506, [1, 3, 23, 33, 40, 41, 45, 47, 49, 55, 57, 70] - 4506, [1, 2, 9, 11, 20, 39, 56, 60, 65, 67, 69, 70] - 6195, [1, 3, 23, 33, 40, 41, 45, 47, 49, 55, 57, 70] - 4506, [1, 3, 23, 33, 40, 41, 45, 47, 49, 55, 57, 70] - 4506, [1, 3, 23, 33, 40, 41, 45, 47, 49, 55, 57, 70] - 4506, [1, 3, 23, 33, 40, 41, 45, 47, 49, 55, 57, 70] - 4506, [1, 3, 23, 33, 40, 41, 45, 47, 49, 55, 57, 70] - 4506, [1, 3, 23, 33, 40, 41, 45, 47, 49, 55, 57, 70] - 4506, [1, 3, 23, 33, 40, 41, 45, 47, 49, 55, 57, 70] - 4506, [1, 3, 23, 33, 40, 41, 45, 47, 49, 55, 57, 70] - 4506, [1, 3, 23, 33, 40, 41, 45, 47, 49, 55, 57, 70] - 4506, [1, 3, 23, 33, 40, 41, 45, 47, 49, 55, 57, 70] - 4506]
melhor indiv??duo da gera????o:[1, 3, 23, 33, 40, 41, 45, 47, 49, 55, 57, 70] - 4506
gera????o: 8: 
[[1, 3, 23, 33, 40, 41, 45, 47, 49, 55, 57, 70] - 4506, [1, 2, 9, 11, 20, 39, 56, 60, 65, 67, 69, 70] - 6195, [1, 3, 23, 33, 40, 41, 45, 47, 49, 55, 57, 70] - 4506, [1, 3, 23, 33, 40, 41, 45, 47, 49, 55, 57, 70] - 4506, [1, 3, 23, 33, 40, 41, 45, 47, 49, 55, 57, 70] - 4506, [1, 3, 23, 33, 40, 41, 45, 47, 49, 55, 57, 70] - 4506, [1, 3, 23, 33, 40, 41, 45, 47, 49, 55, 57, 70] - 4506, [1, 3, 23, 33, 40, 41, 45, 47, 49, 55, 57, 70] - 4506, [1, 3, 23, 33, 40, 41, 45, 47, 49, 55, 57, 70] - 4506, [1, 3, 23, 33, 40, 41, 45, 47, 49, 55, 57, 70] - 4506, [1, 3, 23, 33, 40, 41, 45, 47, 49, 55, 57, 70] - 4506, [1, 3, 23, 33, 40, 41, 45, 47, 49, 55, 57, 70] - 4506, [1, 3, 23, 33, 40, 41, 45, 47, 49, 55, 57, 70] - 4506]
melhor indiv??duo da gera????o:[1, 3, 23, 33, 40, 41, 45, 47, 49, 55, 57, 70] - 4506
gera????o: 9: 
[[1, 2, 9, 11, 20, 39, 56, 60, 65, 67, 69, 70] - 6195, [1, 3, 23, 33, 40, 41, 45, 47, 49, 55, 57, 70] - 4506, [1, 3, 23, 33, 40, 41, 45, 47, 49, 55, 57, 70] - 4506, [1, 3, 23, 33, 40, 41, 45, 47, 49, 55, 57, 70] - 4506, [1, 3, 23, 33, 40, 41, 45, 47, 49, 55, 57, 70] - 4506, [1, 3, 23, 33, 40, 41, 45, 47, 49, 55, 57, 70] - 4506, [1, 3, 23, 33, 40, 41, 45, 47, 49, 55, 57, 70] - 4506, [1, 3, 23, 33, 40, 41, 45, 47, 49, 55, 57, 70] - 4506, [1, 3, 23, 33, 40, 41, 45, 47, 49, 55, 57, 70] - 4506, [1, 2, 9, 11, 20, 39, 56, 60, 65, 67, 69, 70] - 6195, [1, 3, 23, 33, 40, 41, 45, 47, 49, 55, 57, 70] - 4506, [1, 3, 23, 33, 40, 41, 45, 47, 49, 55, 57, 70] - 4506]
melhor indiv??duo da gera????o:[1, 3, 23, 33, 40, 41, 45, 47, 49, 55, 57, 70] - 4506
gera????o: 10: 
[[1, 3, 23, 33, 40, 41, 45, 47, 49, 55, 57, 70] - 4506, [1, 3, 23, 33, 40, 41, 45, 47, 49, 55, 57, 70] - 4506, [1, 3, 23, 33, 40, 41, 45, 47, 49, 55, 57, 70] - 4506, [1, 3, 23, 33, 40, 41, 45, 47, 49, 55, 57, 70] - 4506, [1, 2, 9, 11, 20, 39, 56, 60, 65, 67, 69, 70] - 6195, [1, 3, 23, 33, 40, 41, 45, 47, 49, 55, 57, 70] - 4506, [1, 3, 23, 33, 40, 41, 45, 47, 49, 55, 57, 70] - 4506, [1, 2, 9, 11, 20, 39, 56, 60, 65, 67, 69, 70] - 6195, [1, 3, 23, 33, 40, 41, 45, 47, 49, 55, 57, 70] - 4506, [1, 3, 23, 33, 40, 41, 45, 47, 49, 55, 57, 70] - 4506, [1, 3, 23, 33, 40, 41, 45, 47, 49, 55, 57, 70] - 4506]
melhor indiv??duo da gera????o:[1, 3, 23, 33, 40, 41, 45, 47, 49, 55, 57, 70] - 4506
______________________________________________________________________________________________________________________________
