gera????o: 1: 
[[1, 3, 13, 23, 31, 41, 45, 57, 70] - 3947, [1, 4, 10, 11, 21, 23, 33, 47, 49, 58, 62, 70] - 3969, [1, 3, 12, 13, 23, 33, 46, 49, 55, 57, 70] - 4064, [1, 2, 9, 21, 22, 25, 33, 47, 56, 57, 70] - 4282, [1, 3, 5, 12, 13, 21, 23, 31, 41, 47, 55, 57, 70] - 4285, [1, 4, 11, 21, 31, 33, 34, 46, 49, 58, 62, 70] - 4365, [1, 3, 13, 14, 25, 33, 41, 47, 49, 58, 62, 70] - 4459, [1, 4, 10, 11, 21, 31, 40, 44, 45, 47, 56, 63, 70] - 4501, [1, 4, 11, 20, 37, 39, 44, 54, 61, 63, 70] - 4510, [1, 2, 3, 23, 25, 33, 49, 55, 56, 57, 70] - 4534, [1, 3, 23, 25, 26, 34, 35, 36, 48, 49, 58, 62, 70] - 4534, [1, 3, 5, 12, 13, 23, 31, 40, 41, 44, 55, 58, 62, 70] - 4576, [1, 2, 4, 10, 11, 21, 31, 40, 41, 46, 49, 58, 62, 70] - 4591, [1, 3, 5, 6, 8, 15, 16, 24, 36, 48, 49, 58, 62, 70] - 4618, [1, 3, 13, 21, 31, 41, 44, 53, 61, 63, 70] - 4656, [1, 3, 9, 13, 21, 31, 40, 41, 44, 50, 53, 54, 61, 63, 70] - 4677, [1, 3, 23, 33, 41, 45, 47, 56, 61, 68, 70] - 4716, [1, 3, 12, 13, 14, 24, 26, 34, 41, 45, 57, 70] - 4838, [1, 3, 12, 14, 24, 27, 28, 36, 49, 58, 62, 70] - 4968, [1, 2, 4, 11, 21, 31, 33, 34, 35, 36, 48, 49, 58, 62, 70] - 5065, [1, 2, 3, 13, 14, 26, 31, 41, 45, 56, 57, 70] - 5102, [1, 4, 10, 20, 29, 38, 43, 51, 59, 60, 65, 68, 70] - 5155, [1, 2, 3, 13, 14, 24, 36, 48, 49, 55, 58, 62, 70] - 5193, [1, 3, 9, 11, 21, 23, 25, 26, 31, 33, 46, 47, 55, 58, 62, 70] - 5194, [1, 4, 11, 20, 39, 42, 50, 53, 54, 56, 57, 70] - 5236, [1, 2, 4, 11, 21, 31, 32, 37, 38, 43, 51, 59, 60, 61, 63, 70] - 5318, [1, 2, 4, 10, 11, 21, 31, 41, 44, 50, 53, 60, 61, 68, 70] - 5446, [1, 3, 13, 40, 44, 56, 61, 65, 66, 67, 69, 70] - 5506, [1, 3, 9, 11, 20, 30, 31, 32, 39, 50, 53, 61, 65, 68, 70] - 5537, [1, 4, 11, 21, 31, 33, 39, 53, 54, 61, 65, 68, 70] - 5549, [1, 3, 9, 11, 21, 22, 24, 26, 31, 33, 47, 49, 55, 58, 62, 70] - 5677, [1, 4, 11, 20, 37, 42, 51, 59, 64, 67, 68, 70] - 5870, [1, 3, 23, 25, 26, 33, 40, 44, 56, 60, 64, 67, 69, 70] - 6058, [1, 2, 9, 13, 21, 23, 33, 39, 42, 51, 59, 66, 67, 69, 70] - 6233, [1, 4, 10, 11, 20, 39, 53, 60, 65, 66, 67, 68, 70] - 6239, [1, 2, 9, 21, 23, 25, 26, 34, 46, 47, 49, 55, 56, 60, 61, 68, 70] - 6293, [1, 4, 11, 20, 39, 56, 60, 64, 67, 68, 70] - 6327, [1, 4, 10, 11, 20, 39, 56, 60, 64, 66, 67, 68, 70] - 6379, [1, 3, 23, 31, 41, 46, 49, 55, 56, 60, 64, 66, 67, 69, 70] - 6830, [1, 4, 10, 11, 20, 30, 31, 32, 37, 38, 43, 52, 53, 60, 65, 67, 69, 70] - 7010]
melhor indiv??duo da gera????o:[1, 3, 13, 23, 31, 41, 45, 57, 70] - 3947
gera????o: 2: 
[[1, 4, 10, 11, 21, 23, 33, 47, 49, 58, 62, 70] - 3969, [1, 3, 13, 22, 23, 25, 26, 33, 49, 58, 62, 70] - 4037, [1, 4, 11, 21, 31, 32, 40, 41, 45, 56, 63, 70] - 4194, [1, 2, 3, 12, 14, 22, 23, 33, 47, 55, 56, 63, 70] - 4245, [1, 2, 9, 21, 22, 25, 33, 47, 56, 57, 70] - 4282, [1, 2, 9, 21, 22, 25, 26, 33, 47, 56, 63, 70] - 4303, [1, 4, 11, 21, 31, 33, 34, 46, 49, 58, 62, 70] - 4365, [1, 4, 10, 11, 21, 31, 40, 44, 45, 47, 56, 63, 70] - 4501, [1, 2, 3, 23, 25, 33, 49, 55, 56, 57, 70] - 4534, [1, 2, 3, 23, 25, 26, 33, 46, 47, 55, 58, 62, 70] - 4552, [1, 2, 4, 10, 11, 21, 31, 40, 41, 46, 49, 58, 62, 70] - 4591, [1, 3, 5, 6, 8, 15, 16, 24, 36, 48, 49, 58, 62, 70] - 4618, [1, 3, 9, 13, 21, 31, 40, 41, 44, 50, 53, 54, 61, 63, 70] - 4677, [1, 3, 5, 12, 22, 24, 36, 49, 55, 58, 62, 70] - 4753, [1, 3, 12, 14, 24, 27, 28, 36, 49, 58, 62, 70] - 4968, [1, 2, 4, 11, 21, 31, 33, 34, 35, 36, 48, 49, 58, 62, 70] - 5065, [1, 2, 3, 13, 14, 26, 31, 41, 45, 56, 57, 70] - 5102, [1, 2, 3, 13, 14, 24, 36, 48, 49, 55, 58, 62, 70] - 5193, [1, 4, 11, 20, 39, 42, 50, 53, 54, 56, 57, 70] - 5236, [1, 2, 4, 10, 11, 21, 31, 41, 44, 50, 53, 60, 61, 68, 70] - 5446, [1, 2, 9, 11, 20, 37, 38, 43, 51, 59, 60, 61, 65, 68, 70] - 5521, [1, 4, 11, 21, 31, 33, 39, 53, 54, 61, 65, 68, 70] - 5549, [1, 2, 4, 11, 20, 39, 42, 43, 52, 53, 54, 56, 61, 63, 70] - 5719, [1, 4, 10, 20, 29, 37, 42, 51, 59, 66, 67, 68, 70] - 5803, [1, 4, 11, 20, 37, 42, 43, 51, 59, 64, 66, 67, 68, 70] - 6004, [1, 2, 4, 10, 11, 20, 21, 31, 41, 46, 47, 56, 61, 68, 70] - 6167, [1, 2, 3, 23, 33, 39, 53, 60, 64, 65, 67, 69, 70] - 6196, [1, 4, 10, 11, 20, 39, 53, 60, 65, 66, 67, 68, 70] - 6239, [1, 4, 11, 20, 39, 56, 60, 64, 67, 68, 70] - 6327, [1, 4, 10, 11, 20, 39, 56, 60, 64, 66, 67, 68, 70] - 6379, [1, 4, 10, 11, 20, 30, 31, 32, 37, 38, 43, 52, 53, 60, 65, 67, 69, 70] - 7010]
melhor indiv??duo da gera????o:[1, 4, 10, 11, 21, 23, 33, 47, 49, 58, 62, 70] - 3969
gera????o: 3: 
[[1, 2, 3, 23, 33, 47, 49, 58, 62, 70] - 3850, [1, 3, 13, 22, 23, 25, 26, 33, 49, 58, 62, 70] - 4037, [1, 2, 3, 9, 21, 31, 40, 44, 56, 61, 63, 70] - 4175, [1, 2, 3, 12, 14, 22, 23, 33, 47, 55, 56, 63, 70] - 4245, [1, 2, 9, 21, 22, 25, 26, 33, 47, 56, 63, 70] - 4303, [1, 4, 11, 21, 22, 33, 41, 47, 55, 58, 62, 70] - 4379, [1, 4, 10, 11, 21, 31, 40, 44, 45, 47, 56, 63, 70] - 4501, [1, 2, 3, 23, 25, 26, 33, 46, 47, 55, 58, 62, 70] - 4552, [1, 2, 3, 12, 22, 23, 33, 41, 45, 47, 56, 57, 70] - 4599, [1, 3, 5, 6, 8, 15, 16, 24, 36, 48, 49, 58, 62, 70] - 4618, [1, 2, 9, 13, 14, 22, 33, 34, 35, 49, 55, 58, 62, 70] - 4723, [1, 2, 3, 23, 33, 39, 50, 53, 54, 56, 61, 63, 70] - 4835, [1, 4, 11, 21, 22, 24, 28, 36, 49, 58, 62, 70] - 4874, [1, 2, 9, 13, 22, 25, 33, 34, 41, 45, 47, 49, 55, 58, 62, 70] - 4976, [1, 2, 3, 13, 14, 26, 31, 41, 45, 56, 57, 70] - 5102, [1, 4, 11, 20, 39, 42, 50, 53, 54, 56, 57, 70] - 5236, [1, 2, 4, 10, 11, 21, 31, 41, 44, 50, 53, 60, 61, 68, 70] - 5446, [1, 4, 11, 21, 31, 33, 39, 53, 54, 61, 65, 68, 70] - 5549, [1, 3, 9, 21, 23, 31, 32, 37, 42, 50, 53, 60, 61, 68, 70] - 5688, [1, 4, 10, 20, 29, 37, 42, 51, 59, 66, 67, 68, 70] - 5803, [1, 2, 4, 10, 11, 20, 21, 31, 41, 46, 47, 56, 61, 68, 70] - 6167, [1, 4, 10, 11, 20, 39, 53, 60, 65, 66, 67, 68, 70] - 6239, [1, 4, 10, 11, 20, 39, 56, 60, 64, 66, 67, 68, 70] - 6379, [1, 3, 23, 33, 40, 41, 44, 55, 56, 60, 65, 67, 69, 70] - 6888]
melhor indiv??duo da gera????o:[1, 2, 3, 23, 33, 47, 49, 58, 62, 70] - 3850
gera????o: 4: 
[[1, 3, 13, 22, 23, 25, 26, 33, 49, 58, 62, 70] - 4037, [1, 2, 3, 12, 14, 22, 23, 33, 47, 55, 56, 63, 70] - 4245, [1, 2, 9, 21, 22, 25, 26, 33, 47, 56, 63, 70] - 4303, [1, 4, 11, 21, 22, 33, 41, 47, 55, 58, 62, 70] - 4379, [1, 4, 11, 21, 31, 32, 40, 44, 45, 56, 57, 70] - 4465, [1, 2, 3, 23, 25, 26, 33, 46, 47, 55, 58, 62, 70] - 4552, [1, 3, 5, 6, 8, 15, 16, 24, 36, 48, 49, 58, 62, 70] - 4618, [1, 2, 3, 23, 33, 39, 50, 53, 54, 56, 61, 63, 70] - 4835, [1, 4, 11, 21, 22, 24, 28, 36, 49, 58, 62, 70] - 4874, [1, 3, 12, 22, 24, 27, 28, 36, 48, 58, 62, 70] - 5013, [1, 2, 3, 13, 14, 26, 31, 41, 45, 56, 57, 70] - 5102, [1, 4, 10, 11, 21, 22, 33, 34, 41, 46, 49, 55, 58, 62, 70] - 5410, [1, 4, 11, 21, 31, 33, 39, 53, 54, 61, 65, 68, 70] - 5549, [1, 4, 10, 20, 39, 42, 51, 59, 64, 67, 69, 70] - 5733, [1, 3, 23, 31, 40, 44, 53, 54, 61, 65, 66, 67, 69, 70] - 5903, [1, 4, 10, 11, 20, 39, 53, 60, 65, 66, 67, 68, 70] - 6239, [1, 4, 10, 11, 20, 39, 56, 60, 64, 66, 67, 68, 70] - 6379, [1, 4, 11, 21, 23, 31, 41, 47, 49, 55, 56, 60, 65, 67, 68, 70] - 7361]
melhor indiv??duo da gera????o:[1, 3, 13, 22, 23, 25, 26, 33, 49, 58, 62, 70] - 4037
gera????o: 5: 
[[1, 4, 11, 21, 23, 25, 33, 49, 58, 62, 70] - 3949, [1, 2, 3, 12, 14, 22, 23, 33, 47, 55, 56, 63, 70] - 4245, [1, 2, 9, 21, 22, 25, 26, 33, 47, 56, 63, 70] - 4303, [1, 3, 12, 14, 25, 33, 34, 35, 49, 58, 62, 70] - 4325, [1, 4, 11, 21, 31, 32, 40, 44, 45, 56, 57, 70] - 4465, [1, 2, 3, 23, 25, 26, 33, 46, 47, 55, 58, 62, 70] - 4552, [1, 4, 11, 20, 31, 41, 45, 47, 55, 58, 62, 70] - 4785, [1, 2, 3, 23, 33, 39, 50, 53, 54, 56, 61, 63, 70] - 4835, [1, 2, 4, 10, 20, 30, 32, 40, 44, 45, 47, 49, 55, 58, 62, 70] - 4938, [1, 3, 12, 22, 24, 27, 28, 36, 48, 58, 62, 70] - 5013, [1, 3, 13, 23, 25, 26, 34, 41, 45, 56, 61, 65, 68, 70] - 5198, [1, 4, 10, 11, 21, 22, 33, 34, 41, 46, 49, 55, 58, 62, 70] - 5410, [1, 2, 9, 13, 23, 25, 26, 34, 41, 46, 49, 55, 56, 57, 70] - 5555, [1, 2, 9, 11, 20, 30, 31, 33, 40, 41, 46, 47, 55, 56, 63, 70] - 5731, [1, 3, 23, 33, 34, 41, 44, 53, 60, 64, 65, 68, 70] - 5890, [1, 4, 10, 11, 20, 39, 53, 60, 65, 66, 67, 68, 70] - 6239, [1, 2, 4, 10, 11, 21, 22, 25, 26, 33, 40, 44, 56, 60, 64, 67, 69, 70] - 6374, [1, 3, 9, 11, 21, 23, 33, 39, 40, 41, 45, 47, 56, 60, 61, 65, 68, 70] - 7097]
melhor indiv??duo da gera????o:[1, 4, 11, 21, 23, 25, 33, 49, 58, 62, 70] - 3949
gera????o: 6: 
[[1, 3, 12, 14, 25, 33, 46, 49, 58, 62, 70] - 4065, [1, 2, 3, 12, 14, 22, 23, 33, 47, 55, 56, 63, 70] - 4245, [1, 3, 12, 14, 25, 33, 34, 35, 49, 58, 62, 70] - 4325, [1, 2, 4, 11, 21, 22, 25, 26, 34, 46, 49, 55, 58, 62, 70] - 4531, [1, 2, 3, 12, 14, 24, 28, 36, 49, 58, 62, 70] - 4594, [1, 2, 3, 23, 33, 39, 50, 53, 54, 56, 61, 63, 70] - 4835, [1, 4, 11, 20, 31, 32, 40, 41, 45, 56, 57, 70] - 4958, [1, 3, 12, 22, 24, 27, 28, 36, 48, 58, 62, 70] - 5013, [1, 3, 13, 23, 25, 26, 34, 41, 45, 56, 61, 65, 68, 70] - 5198, [1, 3, 5, 12, 22, 25, 33, 40, 41, 47, 55, 56, 61, 68, 70] - 5255, [1, 4, 10, 11, 21, 22, 33, 34, 41, 46, 49, 55, 58, 62, 70] - 5410, [1, 2, 9, 13, 23, 25, 26, 34, 41, 46, 49, 55, 56, 57, 70] - 5555, [1, 2, 9, 11, 20, 30, 31, 33, 40, 41, 46, 47, 55, 56, 63, 70] - 5731, [1, 3, 23, 33, 34, 41, 44, 53, 60, 64, 65, 68, 70] - 5890, [1, 2, 4, 10, 11, 21, 31, 32, 37, 38, 43, 51, 59, 60, 65, 67, 69, 70] - 6085, [1, 4, 10, 20, 39, 50, 53, 54, 56, 60, 64, 66, 67, 68, 70] - 6245, [1, 2, 4, 10, 20, 29, 37, 38, 43, 52, 59, 64, 66, 67, 68, 70] - 6458, [1, 3, 9, 11, 21, 23, 33, 39, 40, 41, 45, 47, 56, 60, 61, 65, 68, 70] - 7097]
melhor indiv??duo da gera????o:[1, 3, 12, 14, 25, 33, 46, 49, 58, 62, 70] - 4065
gera????o: 7: 
[[1, 3, 12, 13, 14, 26, 33, 47, 55, 57, 70] - 3982, [1, 3, 12, 14, 25, 33, 46, 49, 58, 62, 70] - 4065, [1, 4, 10, 20, 29, 37, 39, 56, 63, 70] - 4274, [1, 2, 4, 11, 21, 22, 25, 26, 34, 46, 49, 55, 58, 62, 70] - 4531, [1, 2, 4, 11, 21, 31, 32, 37, 39, 50, 53, 61, 63, 70] - 4739, [1, 4, 10, 11, 21, 22, 23, 33, 34, 46, 49, 55, 56, 63, 70] - 4896, [1, 4, 11, 20, 31, 32, 40, 41, 45, 56, 57, 70] - 4958, [1, 3, 12, 22, 24, 27, 28, 36, 48, 58, 62, 70] - 5013, [1, 4, 11, 21, 31, 41, 44, 55, 56, 57, 70] - 5097, [1, 2, 9, 13, 22, 25, 26, 31, 33, 49, 55, 56, 57, 70] - 5130, [1, 3, 13, 23, 25, 26, 34, 41, 45, 56, 61, 65, 68, 70] - 5198, [1, 2, 9, 13, 14, 17, 18, 24, 34, 41, 45, 57, 70] - 5288, [1, 2, 9, 13, 23, 25, 26, 34, 41, 46, 49, 55, 56, 57, 70] - 5555, [1, 3, 23, 33, 34, 41, 44, 53, 60, 64, 65, 68, 70] - 5890, [1, 2, 4, 10, 11, 21, 31, 32, 37, 38, 43, 51, 59, 60, 65, 67, 69, 70] - 6085, [1, 2, 4, 10, 20, 29, 37, 38, 43, 52, 59, 64, 66, 67, 68, 70] - 6458, [1, 4, 10, 20, 31, 33, 34, 46, 49, 55, 56, 60, 61, 68, 70] - 6620, [1, 3, 5, 6, 14, 25, 26, 31, 32, 39, 42, 51, 59, 60, 65, 66, 67, 69, 70] - 6955]
melhor indiv??duo da gera????o:[1, 3, 12, 13, 14, 26, 33, 47, 55, 57, 70] - 3982
gera????o: 8: 
[[1, 3, 12, 14, 25, 33, 46, 49, 58, 62, 70] - 4065, [1, 2, 9, 13, 40, 41, 47, 49, 58, 62, 70] - 4172, [1, 4, 10, 20, 29, 37, 39, 56, 63, 70] - 4274, [1, 2, 4, 11, 20, 31, 33, 49, 58, 62, 70] - 4462, [1, 2, 3, 9, 13, 40, 41, 47, 49, 55, 57, 70] - 4544, [1, 4, 10, 20, 30, 32, 40, 44, 50, 53, 61, 63, 70] - 4573, [1, 2, 4, 10, 11, 20, 21, 31, 33, 47, 49, 58, 62, 70] - 4810, [1, 3, 5, 6, 22, 25, 33, 40, 41, 46, 49, 55, 58, 62, 70] - 4934, [1, 3, 12, 22, 24, 27, 28, 36, 48, 58, 62, 70] - 5013, [1, 2, 9, 13, 22, 25, 26, 31, 33, 49, 55, 56, 57, 70] - 5130, [1, 3, 5, 12, 22, 23, 25, 33, 34, 46, 47, 55, 56, 61, 68, 70] - 5197, [1, 2, 9, 13, 14, 17, 18, 24, 34, 41, 45, 57, 70] - 5288, [1, 4, 10, 20, 39, 53, 60, 65, 67, 69, 70] - 5533, [1, 2, 4, 10, 20, 37, 38, 43, 51, 59, 66, 67, 68, 70] - 5675, [1, 3, 13, 23, 25, 26, 31, 40, 41, 46, 47, 56, 61, 63, 70] - 5815, [1, 2, 4, 10, 11, 21, 31, 32, 37, 38, 43, 51, 59, 60, 65, 67, 69, 70] - 6085, [1, 2, 4, 10, 20, 29, 37, 38, 43, 52, 59, 64, 66, 67, 68, 70] - 6458, [1, 3, 23, 25, 26, 34, 35, 46, 47, 56, 60, 65, 67, 69, 70] - 6673]
melhor indiv??duo da gera????o:[1, 3, 12, 14, 25, 33, 46, 49, 58, 62, 70] - 4065
gera????o: 9: 
[[1, 2, 9, 13, 22, 25, 33, 46, 49, 58, 62, 70] - 3983, [1, 2, 9, 21, 23, 25, 33, 46, 49, 58, 62, 70] - 4117, [1, 3, 23, 31, 41, 44, 45, 56, 63, 70] - 4248, [1, 4, 10, 20, 29, 37, 39, 56, 63, 70] - 4274, [1, 4, 11, 21, 31, 41, 47, 49, 55, 57, 70] - 4498, [1, 4, 10, 20, 30, 32, 40, 44, 50, 53, 61, 63, 70] - 4573, [1, 3, 5, 6, 12, 14, 24, 34, 41, 45, 56, 63, 70] - 4711, [1, 3, 9, 11, 20, 39, 53, 54, 61, 68, 70] - 4794, [1, 3, 5, 6, 22, 25, 33, 40, 41, 46, 49, 55, 58, 62, 70] - 4934, [1, 2, 9, 13, 22, 25, 26, 31, 33, 49, 55, 56, 57, 70] - 5130, [1, 2, 4, 10, 20, 31, 32, 37, 42, 52, 53, 54, 56, 57, 70] - 5264, [1, 4, 11, 21, 22, 33, 39, 44, 45, 47, 56, 63, 70] - 5529, [1, 2, 4, 11, 21, 22, 23, 31, 41, 46, 47, 56, 57, 70] - 5586, [1, 2, 4, 10, 20, 37, 38, 43, 51, 59, 66, 67, 68, 70] - 5675, [1, 4, 10, 11, 20, 29, 37, 39, 53, 61, 65, 67, 69, 70] - 5941, [1, 2, 3, 13, 21, 23, 33, 39, 42, 43, 51, 59, 66, 67, 69, 70] - 6442, [1, 3, 23, 25, 26, 34, 35, 46, 47, 56, 60, 65, 67, 69, 70] - 6673, [1, 2, 4, 10, 11, 21, 22, 25, 33, 34, 46, 47, 49, 55, 56, 61, 65, 67, 68, 70] - 6922]
melhor indiv??duo da gera????o:[1, 2, 9, 13, 22, 25, 33, 46, 49, 58, 62, 70] - 3983
gera????o: 10: 
[[1, 2, 9, 21, 23, 25, 33, 46, 49, 58, 62, 70] - 4117, [1, 3, 23, 31, 41, 44, 45, 56, 63, 70] - 4248, [1, 3, 9, 21, 23, 25, 33, 46, 49, 55, 57, 70] - 4356, [1, 4, 11, 21, 31, 41, 47, 49, 55, 57, 70] - 4498, [1, 4, 11, 20, 30, 31, 41, 45, 57, 70] - 4540, [1, 4, 10, 11, 21, 22, 25, 26, 33, 46, 47, 55, 58, 62, 70] - 4658, [1, 2, 3, 13, 31, 40, 44, 54, 56, 61, 65, 68, 70] - 4793, [1, 3, 5, 6, 22, 25, 33, 40, 41, 46, 49, 55, 58, 62, 70] - 4934, [1, 4, 11, 20, 39, 56, 61, 68, 70] - 4977, [1, 4, 11, 20, 39, 44, 45, 47, 56, 63, 70] - 5116, [1, 2, 3, 23, 33, 39, 40, 41, 44, 55, 58, 62, 70] - 5200, [1, 3, 12, 22, 24, 34, 41, 47, 56, 57, 70] - 5367, [1, 2, 4, 11, 21, 22, 23, 31, 41, 46, 47, 56, 57, 70] - 5586, [1, 2, 9, 13, 40, 41, 44, 50, 53, 60, 65, 67, 69, 70] - 5710, [1, 2, 4, 11, 20, 37, 38, 43, 51, 59, 64, 66, 67, 69, 70] - 5901, [1, 4, 10, 20, 39, 56, 60, 64, 65, 67, 69, 70] - 6369, [1, 4, 11, 20, 32, 39, 42, 50, 53, 61, 65, 67, 68, 70] - 6643, [1, 2, 4, 10, 11, 21, 22, 25, 33, 34, 46, 47, 49, 55, 56, 61, 65, 67, 68, 70] - 6922]
melhor indiv??duo da gera????o:[1, 2, 9, 21, 23, 25, 33, 46, 49, 58, 62, 70] - 4117
melhor valor ?? da gera????o 2!!!!
______________________________________________________________________________________________________________________________
