gera????o: 1: 
[[1, 4, 11, 21, 22, 23, 33, 49, 55, 58, 62, 70] - 4150, [1, 2, 3, 13, 22, 23, 25, 33, 34, 35, 36, 49, 55, 58, 62, 70] - 5135, [1, 4, 11, 21, 23, 31, 40, 41, 47, 49, 58, 62, 70] - 4657, [1, 4, 11, 21, 23, 33, 49, 55, 57, 70] - 3871, [1, 3, 12, 14, 24, 28, 35, 36, 48, 49, 55, 57, 70] - 4763, [1, 3, 23, 25, 33, 41, 44, 50, 53, 60, 65, 67, 68, 70] - 5949, [1, 4, 10, 20, 32, 37, 42, 50, 53, 54, 61, 65, 66, 67, 68, 70] - 6504, [1, 4, 11, 20, 39, 53, 54, 61, 65, 66, 67, 69, 70] - 6106, [1, 3, 12, 14, 24, 27, 28, 34, 35, 46, 47, 55, 56, 63, 70] - 5595, [1, 4, 11, 20, 30, 32, 37, 38, 43, 51, 59, 66, 67, 68, 70] - 6422, [1, 3, 9, 11, 21, 23, 25, 33, 34, 35, 36, 49, 58, 62, 70] - 4859, [1, 4, 10, 20, 30, 32, 37, 42, 51, 59, 64, 66, 67, 68, 70] - 6180, [1, 3, 5, 12, 22, 25, 26, 33, 39, 42, 43, 51, 59, 60, 65, 68, 70] - 6005, [1, 3, 5, 6, 22, 24, 34, 41, 47, 55, 56, 60, 64, 65, 68, 70] - 6883, [1, 4, 11, 20, 39, 40, 41, 45, 57, 70] - 4546, [1, 2, 4, 11, 21, 22, 25, 26, 28, 34, 41, 44, 55, 58, 62, 70] - 5386, [1, 2, 3, 5, 12, 14, 17, 24, 36, 48, 58, 62, 70] - 4651, [1, 4, 10, 11, 21, 23, 33, 39, 53, 54, 61, 68, 70] - 5089, [1, 2, 3, 5, 6, 8, 15, 17, 26, 34, 46, 47, 56, 63, 70] - 4690, [1, 3, 23, 33, 41, 44, 54, 56, 57, 70] - 4140, [1, 2, 3, 12, 22, 24, 36, 49, 58, 62, 70] - 4634, [1, 2, 3, 12, 22, 24, 36, 48, 58, 62, 70] - 4670, [1, 2, 4, 11, 21, 31, 32, 37, 38, 43, 51, 59, 60, 61, 65, 67, 69, 70] - 6602, [1, 2, 9, 11, 21, 23, 25, 26, 33, 40, 44, 53, 54, 56, 60, 65, 66, 67, 69, 70] - 7226, [1, 4, 11, 20, 29, 38, 43, 52, 60, 64, 66, 67, 68, 70] - 6212, [1, 4, 11, 21, 23, 31, 40, 44, 56, 57, 70] - 4382, [1, 3, 9, 11, 21, 31, 41, 45, 57, 70] - 3887, [1, 4, 11, 21, 22, 23, 25, 26, 34, 46, 49, 58, 62, 70] - 4378, [1, 3, 5, 6, 14, 24, 36, 49, 58, 62, 70] - 4442, [1, 3, 13, 14, 17, 26, 31, 32, 37, 38, 43, 52, 59, 66, 67, 69, 70] - 7425, [1, 4, 10, 20, 37, 42, 51, 59, 64, 67, 68, 70] - 5548, [1, 4, 10, 11, 21, 31, 40, 41, 46, 49, 58, 62, 70] - 4514, [1, 2, 9, 11, 21, 23, 31, 41, 45, 56, 57, 70] - 4254, [1, 2, 3, 13, 22, 23, 25, 33, 47, 56, 60, 61, 63, 70] - 5445, [1, 3, 5, 6, 8, 17, 18, 19, 24, 28, 36, 48, 49, 55, 58, 62, 70] - 5248, [1, 2, 3, 23, 33, 34, 46, 49, 55, 58, 62, 70] - 4322, [1, 4, 10, 20, 39, 40, 44, 53, 60, 64, 65, 66, 67, 68, 70] - 6703, [1, 4, 10, 20, 29, 37, 42, 52, 53, 54, 61, 65, 66, 67, 69, 70] - 6088, [1, 4, 10, 11, 21, 23, 25, 33, 40, 44, 55, 57, 70] - 4544, [1, 2, 9, 13, 23, 31, 32, 40, 44, 53, 61, 63, 70] - 4493]
melhor indiv??duo da gera????o:[1, 4, 11, 21, 23, 33, 49, 55, 57, 70] - 3871
gera????o: 2: 
[[1, 4, 11, 21, 22, 23, 33, 49, 55, 58, 62, 70] - 4150, [1, 4, 11, 21, 23, 31, 40, 41, 47, 49, 58, 62, 70] - 4657, [1, 4, 11, 21, 23, 33, 49, 55, 57, 70] - 3871, [1, 3, 23, 25, 33, 41, 44, 50, 53, 60, 65, 67, 68, 70] - 5949, [1, 4, 11, 20, 39, 53, 54, 61, 65, 66, 67, 69, 70] - 6106, [1, 4, 11, 20, 30, 32, 37, 38, 43, 51, 59, 66, 67, 68, 70] - 6422, [1, 4, 10, 20, 30, 32, 37, 42, 51, 59, 64, 66, 67, 68, 70] - 6180, [1, 3, 5, 6, 22, 24, 34, 41, 47, 55, 56, 60, 64, 65, 68, 70] - 6883, [1, 2, 4, 11, 21, 22, 25, 26, 28, 34, 41, 44, 55, 58, 62, 70] - 5386, [1, 4, 10, 11, 21, 23, 33, 39, 53, 54, 61, 68, 70] - 5089, [1, 3, 23, 33, 41, 44, 54, 56, 57, 70] - 4140, [1, 2, 3, 12, 22, 24, 36, 48, 58, 62, 70] - 4670, [1, 2, 9, 11, 21, 23, 25, 26, 33, 40, 44, 53, 54, 56, 60, 65, 66, 67, 69, 70] - 7226, [1, 4, 11, 21, 23, 31, 40, 44, 56, 57, 70] - 4382, [1, 3, 9, 11, 21, 31, 41, 45, 57, 70] - 3887, [1, 3, 5, 6, 14, 24, 36, 49, 58, 62, 70] - 4442, [1, 4, 10, 20, 37, 42, 51, 59, 64, 67, 68, 70] - 5548, [1, 2, 9, 11, 21, 23, 31, 41, 45, 56, 57, 70] - 4254, [1, 3, 5, 6, 8, 17, 18, 19, 24, 28, 36, 48, 49, 55, 58, 62, 70] - 5248, [1, 4, 10, 20, 39, 40, 44, 53, 60, 64, 65, 66, 67, 68, 70] - 6703, [1, 4, 10, 11, 21, 23, 25, 33, 40, 44, 55, 57, 70] - 4544, [1, 2, 3, 5, 12, 14, 17, 24, 36, 48, 58, 62, 70] - 4651, [1, 2, 3, 5, 12, 14, 17, 24, 36, 48, 58, 62, 70] - 4651, [1, 4, 11, 21, 23, 33, 49, 55, 57, 70] - 3871, [1, 3, 23, 33, 41, 44, 54, 56, 57, 70] - 4140, [1, 4, 11, 20, 30, 32, 37, 38, 43, 51, 59, 66, 67, 68, 70] - 6422, [1, 2, 3, 12, 22, 24, 36, 49, 58, 62, 70] - 4634, [1, 4, 11, 21, 23, 33, 49, 55, 57, 70] - 3871, [1, 4, 10, 20, 30, 32, 37, 42, 51, 59, 64, 66, 67, 68, 70] - 6180, [1, 3, 23, 33, 41, 44, 54, 56, 57, 70] - 4140, [1, 4, 10, 11, 21, 23, 33, 39, 53, 54, 61, 68, 70] - 5089]
melhor indiv??duo da gera????o:[1, 4, 11, 21, 23, 33, 49, 55, 57, 70] - 3871
gera????o: 3: 
[[1, 4, 11, 21, 22, 23, 33, 49, 55, 58, 62, 70] - 4150, [1, 4, 11, 21, 23, 33, 49, 55, 57, 70] - 3871, [1, 4, 11, 20, 39, 53, 54, 61, 65, 66, 67, 69, 70] - 6106, [1, 4, 10, 20, 30, 32, 37, 42, 51, 59, 64, 66, 67, 68, 70] - 6180, [1, 2, 4, 11, 21, 22, 25, 26, 28, 34, 41, 44, 55, 58, 62, 70] - 5386, [1, 3, 23, 33, 41, 44, 54, 56, 57, 70] - 4140, [1, 2, 9, 11, 21, 23, 25, 26, 33, 40, 44, 53, 54, 56, 60, 65, 66, 67, 69, 70] - 7226, [1, 3, 9, 11, 21, 31, 41, 45, 57, 70] - 3887, [1, 4, 10, 20, 37, 42, 51, 59, 64, 67, 68, 70] - 5548, [1, 3, 5, 6, 8, 17, 18, 19, 24, 28, 36, 48, 49, 55, 58, 62, 70] - 5248, [1, 4, 10, 11, 21, 23, 25, 33, 40, 44, 55, 57, 70] - 4544, [1, 2, 3, 5, 12, 14, 17, 24, 36, 48, 58, 62, 70] - 4651, [1, 4, 11, 21, 23, 33, 49, 55, 57, 70] - 3871, [1, 3, 23, 33, 41, 44, 54, 56, 57, 70] - 4140, [1, 2, 3, 12, 22, 24, 36, 49, 58, 62, 70] - 4634, [1, 4, 11, 21, 23, 33, 49, 55, 57, 70] - 3871, [1, 3, 23, 33, 41, 44, 54, 56, 57, 70] - 4140, [1, 4, 11, 21, 23, 33, 49, 55, 57, 70] - 3871, [1, 2, 3, 12, 22, 24, 36, 49, 58, 62, 70] - 4634, [1, 3, 23, 25, 33, 41, 44, 50, 53, 60, 65, 67, 68, 70] - 5949, [1, 4, 11, 21, 23, 33, 49, 55, 57, 70] - 3871, [1, 4, 10, 11, 21, 23, 25, 33, 40, 44, 55, 57, 70] - 4544, [1, 3, 23, 25, 33, 41, 44, 50, 53, 60, 65, 67, 68, 70] - 5949, [1, 4, 11, 21, 23, 33, 49, 55, 57, 70] - 3871]
melhor indiv??duo da gera????o:[1, 4, 11, 21, 23, 33, 49, 55, 57, 70] - 3871
gera????o: 4: 
[[1, 4, 11, 21, 23, 33, 49, 55, 57, 70] - 3871, [1, 4, 10, 20, 30, 32, 37, 42, 51, 59, 64, 66, 67, 68, 70] - 6180, [1, 3, 23, 33, 41, 44, 54, 56, 57, 70] - 4140, [1, 3, 9, 11, 21, 31, 41, 45, 57, 70] - 3887, [1, 3, 5, 6, 8, 17, 18, 19, 24, 28, 36, 48, 49, 55, 58, 62, 70] - 5248, [1, 2, 3, 5, 12, 14, 17, 24, 36, 48, 58, 62, 70] - 4651, [1, 3, 23, 33, 41, 44, 54, 56, 57, 70] - 4140, [1, 4, 11, 21, 23, 33, 49, 55, 57, 70] - 3871, [1, 4, 11, 21, 23, 33, 49, 55, 57, 70] - 3871, [1, 3, 23, 25, 33, 41, 44, 50, 53, 60, 65, 67, 68, 70] - 5949, [1, 4, 10, 11, 21, 23, 25, 33, 40, 44, 55, 57, 70] - 4544, [1, 4, 11, 21, 23, 33, 49, 55, 57, 70] - 3871, [1, 4, 11, 21, 23, 33, 49, 55, 57, 70] - 3871, [1, 4, 11, 21, 22, 23, 33, 49, 55, 58, 62, 70] - 4150, [1, 4, 10, 11, 21, 23, 25, 33, 40, 44, 55, 57, 70] - 4544, [1, 3, 23, 33, 41, 44, 54, 56, 57, 70] - 4140]
melhor indiv??duo da gera????o:[1, 4, 11, 21, 23, 33, 49, 55, 57, 70] - 3871
gera????o: 5: 
[[1, 4, 10, 20, 30, 32, 37, 42, 51, 59, 64, 66, 67, 68, 70] - 6180, [1, 3, 9, 11, 21, 31, 41, 45, 57, 70] - 3887, [1, 2, 3, 5, 12, 14, 17, 24, 36, 48, 58, 62, 70] - 4651, [1, 4, 11, 21, 23, 33, 49, 55, 57, 70] - 3871, [1, 3, 23, 25, 33, 41, 44, 50, 53, 60, 65, 67, 68, 70] - 5949, [1, 4, 11, 21, 23, 33, 49, 55, 57, 70] - 3871, [1, 4, 11, 21, 22, 23, 33, 49, 55, 58, 62, 70] - 4150, [1, 3, 23, 33, 41, 44, 54, 56, 57, 70] - 4140, [1, 4, 11, 21, 22, 23, 33, 49, 55, 58, 62, 70] - 4150, [1, 3, 23, 33, 41, 44, 54, 56, 57, 70] - 4140, [1, 4, 11, 21, 23, 33, 49, 55, 57, 70] - 3871, [1, 3, 23, 33, 41, 44, 54, 56, 57, 70] - 4140, [1, 3, 9, 11, 21, 31, 41, 45, 57, 70] - 3887, [1, 4, 11, 21, 23, 33, 49, 55, 57, 70] - 3871, [1, 4, 11, 21, 23, 33, 49, 55, 57, 70] - 3871]
melhor indiv??duo da gera????o:[1, 4, 11, 21, 23, 33, 49, 55, 57, 70] - 3871
gera????o: 6: 
[[1, 3, 9, 11, 21, 31, 41, 45, 57, 70] - 3887, [1, 4, 11, 21, 23, 33, 49, 55, 57, 70] - 3871, [1, 4, 11, 21, 23, 33, 49, 55, 57, 70] - 3871, [1, 3, 23, 33, 41, 44, 54, 56, 57, 70] - 4140, [1, 3, 23, 33, 41, 44, 54, 56, 57, 70] - 4140, [1, 3, 23, 33, 41, 44, 54, 56, 57, 70] - 4140, [1, 4, 11, 21, 23, 33, 49, 55, 57, 70] - 3871, [1, 2, 3, 5, 12, 14, 17, 24, 36, 48, 58, 62, 70] - 4651, [1, 4, 11, 21, 23, 33, 49, 55, 57, 70] - 3871, [1, 4, 11, 21, 23, 33, 49, 55, 57, 70] - 3871, [1, 3, 9, 11, 21, 31, 41, 45, 57, 70] - 3887, [1, 4, 11, 21, 23, 33, 49, 55, 57, 70] - 3871, [1, 4, 11, 21, 23, 33, 49, 55, 57, 70] - 3871, [1, 4, 11, 21, 23, 33, 49, 55, 57, 70] - 3871]
melhor indiv??duo da gera????o:[1, 4, 11, 21, 23, 33, 49, 55, 57, 70] - 3871
gera????o: 7: 
[[1, 4, 11, 21, 23, 33, 49, 55, 57, 70] - 3871, [1, 3, 23, 33, 41, 44, 54, 56, 57, 70] - 4140, [1, 3, 23, 33, 41, 44, 54, 56, 57, 70] - 4140, [1, 2, 3, 5, 12, 14, 17, 24, 36, 48, 58, 62, 70] - 4651, [1, 4, 11, 21, 23, 33, 49, 55, 57, 70] - 3871, [1, 4, 11, 21, 23, 33, 49, 55, 57, 70] - 3871, [1, 4, 11, 21, 23, 33, 49, 55, 57, 70] - 3871, [1, 4, 11, 21, 23, 33, 49, 55, 57, 70] - 3871, [1, 3, 23, 33, 41, 44, 54, 56, 57, 70] - 4140, [1, 4, 11, 21, 23, 33, 49, 55, 57, 70] - 3871, [1, 3, 23, 33, 41, 44, 54, 56, 57, 70] - 4140, [1, 4, 11, 21, 23, 33, 49, 55, 57, 70] - 3871, [1, 4, 11, 21, 23, 33, 49, 55, 57, 70] - 3871]
melhor indiv??duo da gera????o:[1, 4, 11, 21, 23, 33, 49, 55, 57, 70] - 3871
gera????o: 8: 
[[1, 3, 23, 33, 41, 44, 54, 56, 57, 70] - 4140, [1, 2, 3, 5, 12, 14, 17, 24, 36, 48, 58, 62, 70] - 4651, [1, 4, 11, 21, 23, 33, 49, 55, 57, 70] - 3871, [1, 4, 11, 21, 23, 33, 49, 55, 57, 70] - 3871, [1, 4, 11, 21, 23, 33, 49, 55, 57, 70] - 3871, [1, 4, 11, 21, 23, 33, 49, 55, 57, 70] - 3871, [1, 3, 23, 33, 41, 44, 54, 56, 57, 70] - 4140, [1, 3, 23, 33, 41, 44, 54, 56, 57, 70] - 4140, [1, 4, 11, 21, 23, 33, 49, 55, 57, 70] - 3871, [1, 4, 11, 21, 23, 33, 49, 55, 57, 70] - 3871, [1, 4, 11, 21, 23, 33, 49, 55, 57, 70] - 3871, [1, 4, 11, 21, 23, 33, 49, 55, 57, 70] - 3871]
melhor indiv??duo da gera????o:[1, 4, 11, 21, 23, 33, 49, 55, 57, 70] - 3871
gera????o: 9: 
[[1, 2, 3, 5, 12, 14, 17, 24, 36, 48, 58, 62, 70] - 4651, [1, 4, 11, 21, 23, 33, 49, 55, 57, 70] - 3871, [1, 4, 11, 21, 23, 33, 49, 55, 57, 70] - 3871, [1, 3, 23, 33, 41, 44, 54, 56, 57, 70] - 4140, [1, 4, 11, 21, 23, 33, 49, 55, 57, 70] - 3871, [1, 4, 11, 21, 23, 33, 49, 55, 57, 70] - 3871, [1, 4, 11, 21, 23, 33, 49, 55, 57, 70] - 3871, [1, 3, 23, 33, 41, 44, 54, 56, 57, 70] - 4140, [1, 3, 23, 33, 41, 44, 54, 56, 57, 70] - 4140, [1, 4, 11, 21, 23, 33, 49, 55, 57, 70] - 3871, [1, 4, 11, 21, 23, 33, 49, 55, 57, 70] - 3871]
melhor indiv??duo da gera????o:[1, 4, 11, 21, 23, 33, 49, 55, 57, 70] - 3871
______________________________________________________________________________________________________________________________
