geração: 1: 
[[1, 6, 8, 10, 14, 13, 15, 20] - 41, [1, 2, 4, 11, 10, 14, 13, 9, 16, 12, 5, 8, 3, 6, 7] - 95, [1, 2, 4, 10, 13, 14, 15, 20] - 45, [1, 3, 5, 10, 12, 16, 17, 18, 19, 20] - 60, [1, 6, 8, 9, 12, 5, 10, 14, 15, 20] - 52, [1, 6, 7, 9, 13, 19, 20] - 41, [1, 3, 8, 9, 16, 12, 13, 15, 20] - 35, [1, 3, 8, 9, 10, 13, 19, 20] - 38, [1, 2, 5, 8, 10, 13, 15, 20] - 42, [1, 3, 6, 8, 10, 12, 13, 19, 20] - 47, [1, 3, 6, 7, 8, 10, 13, 19, 20] - 48, [1, 2, 3, 5, 10, 12, 19, 20] - 45, [1, 6, 7, 8, 10, 12, 5, 2, 4, 11, 14, 13, 9, 16, 17, 18, 19, 20] - 130, [1, 3, 8, 10, 12, 5, 2, 4, 11, 14, 13, 15, 20] - 77, [1, 6, 7, 9, 16, 17, 18, 13, 15, 20] - 58, [1, 2, 4, 11, 10, 14, 13, 15, 20] - 44, [1, 2, 3, 5, 10, 12, 16, 17, 18, 13, 19, 20] - 68, [1, 3, 8, 10, 13, 14, 15, 20] - 46, [1, 6, 8, 3, 5, 12, 16, 17, 19, 20] - 55, [1, 2, 3, 5, 10, 14, 15, 20] - 34, [1, 2, 5, 10, 12, 16, 17, 18, 13, 14, 15, 20] - 73, [1, 6, 8, 3, 5, 2, 4, 11, 13, 15, 20] - 49, [1, 2, 3, 6, 8, 9, 10, 12, 19, 20] - 56, [1, 2, 4, 11, 13, 19, 20] - 34, [1, 3, 5, 2, 4, 11, 13, 15, 20] - 40, [1, 2, 4, 11, 10, 14, 15, 20] - 38, [1, 2, 4, 10, 12, 13, 14, 15, 20] - 50, [1, 2, 4, 5, 12, 19, 20] - 43, [1, 2, 5, 10, 12, 19, 20] - 40, [1, 6, 8, 9, 13, 15, 20] - 36, [1, 2, 5, 8, 3, 6, 7, 9, 16, 17, 18, 12, 19, 20] - 79, [1, 6, 8, 10, 13, 9, 16, 17, 19, 20] - 77, [1, 2, 4, 11, 13, 9, 12, 19, 20] - 63, [1, 2, 3, 6, 8, 9, 12, 16, 17, 18, 13, 14, 10] - 73, [1, 3, 5, 12, 13, 14, 15, 20] - 40, [1, 6, 8, 10, 12, 13, 19, 20] - 44, [1, 2, 5, 8, 3, 6, 7, 9, 10, 14, 15, 20] - 57, [1, 3, 6, 7, 9, 10, 13, 15, 20] - 49, [1, 3, 6, 7, 8, 10, 13, 15, 20] - 48, [1, 2, 5, 8, 10, 12, 16, 17, 19, 20] - 63]
melhor indivíduo da geração:[1, 2, 3, 5, 10, 14, 15, 20] - 34
geração: 2: 
[[1, 6, 8, 10, 14, 13, 15, 20] - 41, [1, 2, 4, 10, 13, 14, 15, 20] - 45, [1, 6, 8, 9, 12, 5, 10, 14, 15, 20] - 52, [1, 6, 7, 9, 13, 19, 20] - 41, [1, 3, 8, 9, 16, 12, 13, 15, 20] - 35, [1, 3, 8, 9, 10, 13, 19, 20] - 38, [1, 2, 5, 8, 10, 13, 15, 20] - 42, [1, 3, 6, 8, 10, 12, 13, 19, 20] - 47, [1, 3, 6, 7, 8, 10, 13, 19, 20] - 48, [1, 2, 3, 5, 10, 12, 19, 20] - 45, [1, 2, 4, 11, 10, 14, 13, 15, 20] - 44, [1, 3, 8, 10, 13, 14, 15, 20] - 46, [1, 2, 3, 5, 10, 14, 15, 20] - 34, [1, 6, 8, 3, 5, 2, 4, 11, 13, 15, 20] - 49, [1, 2, 4, 11, 13, 19, 20] - 34, [1, 3, 5, 2, 4, 11, 13, 15, 20] - 40, [1, 2, 4, 11, 10, 14, 15, 20] - 38, [1, 2, 4, 10, 12, 13, 14, 15, 20] - 50, [1, 2, 4, 5, 12, 19, 20] - 43, [1, 2, 5, 10, 12, 19, 20] - 40, [1, 6, 8, 9, 13, 15, 20] - 36, [1, 3, 5, 12, 13, 14, 15, 20] - 40, [1, 6, 8, 10, 12, 13, 19, 20] - 44, [1, 3, 6, 7, 9, 10, 13, 15, 20] - 49, [1, 3, 6, 7, 8, 10, 13, 15, 20] - 48, [1, 6, 7, 8, 10, 14, 15, 20] - 41, [1, 3, 5, 10, 13, 15, 20] - 33, [1, 6, 8, 3, 5, 10, 12, 13, 15, 20] - 47, [1, 6, 7, 9, 10, 13, 15, 20] - 46]
melhor indivíduo da geração:[1, 3, 5, 10, 13, 15, 20] - 33
geração: 3: 
[[1, 6, 8, 10, 14, 13, 15, 20] - 41, [1, 6, 7, 9, 13, 19, 20] - 41, [1, 3, 8, 9, 16, 12, 13, 15, 20] - 35, [1, 3, 8, 9, 10, 13, 19, 20] - 38, [1, 2, 5, 8, 10, 13, 15, 20] - 42, [1, 2, 4, 11, 10, 14, 13, 15, 20] - 44, [1, 2, 3, 5, 10, 14, 15, 20] - 34, [1, 2, 4, 11, 13, 19, 20] - 34, [1, 3, 5, 2, 4, 11, 13, 15, 20] - 40, [1, 2, 4, 11, 10, 14, 15, 20] - 38, [1, 2, 4, 5, 12, 19, 20] - 43, [1, 2, 5, 10, 12, 19, 20] - 40, [1, 6, 8, 9, 13, 15, 20] - 36, [1, 3, 5, 12, 13, 14, 15, 20] - 40, [1, 6, 8, 10, 12, 13, 19, 20] - 44, [1, 6, 7, 8, 10, 14, 15, 20] - 41, [1, 3, 5, 10, 13, 15, 20] - 33]
melhor indivíduo da geração:[1, 3, 5, 10, 13, 15, 20] - 33
geração: 4: 
[[1, 6, 8, 10, 14, 13, 15, 20] - 41, [1, 6, 7, 9, 13, 19, 20] - 41, [1, 3, 8, 9, 16, 12, 13, 15, 20] - 35, [1, 3, 8, 9, 10, 13, 19, 20] - 38, [1, 2, 5, 8, 10, 13, 15, 20] - 42, [1, 2, 3, 5, 10, 14, 15, 20] - 34, [1, 2, 4, 11, 13, 19, 20] - 34, [1, 3, 5, 2, 4, 11, 13, 15, 20] - 40, [1, 2, 4, 11, 10, 14, 15, 20] - 38, [1, 2, 4, 5, 12, 19, 20] - 43, [1, 2, 5, 10, 12, 19, 20] - 40, [1, 6, 8, 9, 13, 15, 20] - 36, [1, 3, 5, 12, 13, 14, 15, 20] - 40, [1, 6, 7, 8, 10, 14, 15, 20] - 41, [1, 3, 5, 10, 13, 15, 20] - 33, [1, 6, 8, 10, 14, 13, 19, 20] - 41, [1, 2, 5, 8, 9, 13, 15, 20] - 39, [1, 2, 4, 10, 14, 13, 15, 20] - 37]
melhor indivíduo da geração:[1, 3, 5, 10, 13, 15, 20] - 33
geração: 5: 
[[1, 6, 8, 10, 14, 13, 15, 20] - 41, [1, 6, 7, 9, 13, 19, 20] - 41, [1, 3, 8, 9, 16, 12, 13, 15, 20] - 35, [1, 3, 8, 9, 10, 13, 19, 20] - 38, [1, 2, 5, 8, 10, 13, 15, 20] - 42, [1, 2, 3, 5, 10, 14, 15, 20] - 34, [1, 2, 4, 11, 13, 19, 20] - 34, [1, 3, 5, 2, 4, 11, 13, 15, 20] - 40, [1, 2, 4, 11, 10, 14, 15, 20] - 38, [1, 2, 4, 5, 12, 19, 20] - 43, [1, 2, 5, 10, 12, 19, 20] - 40, [1, 6, 8, 9, 13, 15, 20] - 36, [1, 3, 5, 12, 13, 14, 15, 20] - 40, [1, 6, 7, 8, 10, 14, 15, 20] - 41, [1, 3, 5, 10, 13, 15, 20] - 33, [1, 6, 8, 10, 14, 13, 19, 20] - 41, [1, 2, 5, 8, 9, 13, 15, 20] - 39, [1, 2, 4, 10, 14, 13, 15, 20] - 37, [1, 2, 5, 8, 10, 14, 15, 20] - 38, [1, 6, 7, 9, 16, 12, 19, 20] - 45, [1, 6, 7, 8, 9, 12, 13, 15, 20] - 39]
melhor indivíduo da geração:[1, 3, 5, 10, 13, 15, 20] - 33
______________________________________________________________________________________________________________________________
