gera????o: 1: 
[[1, 4, 11, 21, 23, 33, 40, 41, 46, 49, 55, 56, 60, 65, 66, 67, 68, 70] - 7923, [1, 2, 3, 13, 31, 32, 39, 44, 50, 53, 60, 64, 66, 67, 69, 70] - 5843, [1, 3, 5, 12, 14, 22, 33, 46, 49, 55, 58, 62, 70] - 4350, [1, 2, 3, 5, 6, 17, 18, 24, 28, 35, 46, 49, 55, 56, 63, 70] - 5354, [1, 4, 11, 20, 31, 41, 47, 56, 61, 63, 70] - 5258, [1, 2, 9, 13, 31, 33, 46, 49, 58, 62, 70] - 4016, [1, 4, 11, 20, 29, 37, 39, 40, 41, 47, 55, 58, 62, 70] - 5009, [1, 3, 9, 13, 21, 31, 33, 40, 44, 53, 61, 63, 70] - 4872, [1, 4, 11, 20, 32, 40, 41, 46, 49, 55, 58, 62, 70] - 5233, [1, 4, 11, 21, 23, 33, 46, 49, 58, 62, 70] - 4214, [1, 2, 3, 23, 25, 33, 34, 41, 47, 49, 58, 62, 70] - 4955, [1, 2, 4, 11, 20, 30, 31, 33, 41, 45, 47, 55, 56, 57, 70] - 5512, [1, 3, 12, 13, 23, 31, 40, 41, 45, 57, 70] - 3984, [1, 4, 10, 20, 39, 44, 50, 53, 61, 63, 70] - 4625, [1, 2, 4, 10, 11, 21, 31, 32, 40, 44, 53, 60, 64, 65, 67, 69, 70] - 6135, [1, 3, 5, 12, 13, 21, 22, 24, 34, 41, 46, 49, 55, 58, 62, 70] - 5746, [1, 2, 9, 11, 20, 39, 50, 53, 61, 65, 66, 67, 69, 70] - 5897, [1, 2, 3, 13, 21, 23, 33, 46, 47, 56, 61, 65, 68, 70] - 5496, [1, 4, 10, 11, 20, 37, 38, 43, 52, 59, 64, 66, 67, 68, 70] - 6414, [1, 4, 10, 20, 32, 39, 44, 54, 56, 63, 70] - 4351, [1, 2, 3, 23, 33, 47, 56, 61, 65, 68, 70] - 4818, [1, 4, 11, 21, 22, 25, 33, 49, 55, 58, 62, 70] - 4162, [1, 2, 9, 11, 20, 21, 22, 33, 41, 46, 49, 58, 62, 70] - 5118, [1, 2, 3, 5, 12, 14, 26, 31, 41, 45, 57, 70] - 4604, [1, 3, 12, 14, 22, 25, 26, 34, 41, 47, 49, 55, 58, 62, 70] - 4907, [1, 3, 13, 23, 31, 40, 41, 46, 47, 49, 58, 62, 70] - 4824, [1, 2, 4, 10, 11, 20, 39, 53, 61, 63, 70] - 4564, [1, 3, 13, 21, 23, 33, 34, 35, 36, 48, 58, 62, 70] - 4742, [1, 2, 9, 11, 21, 31, 33, 40, 41, 44, 56, 60, 65, 66, 67, 68, 70] - 6837, [1, 4, 11, 21, 22, 25, 33, 46, 47, 55, 58, 62, 70] - 4477, [1, 4, 10, 20, 39, 53, 61, 68, 70] - 4583, [1, 4, 10, 11, 20, 31, 33, 47, 49, 55, 58, 62, 70] - 4793, [1, 2, 9, 13, 31, 41, 44, 50, 53, 54, 56, 60, 64, 66, 67, 68, 70] - 6383, [1, 2, 4, 10, 20, 32, 40, 41, 45, 57, 70] - 4179, [1, 2, 9, 21, 22, 23, 31, 41, 44, 53, 54, 61, 65, 67, 68, 70] - 6265, [1, 3, 12, 13, 31, 33, 39, 42, 50, 53, 61, 65, 68, 70] - 5850, [1, 3, 9, 21, 23, 33, 39, 50, 53, 54, 61, 68, 70] - 5074, [1, 4, 10, 11, 21, 23, 33, 34, 46, 49, 58, 62, 70] - 4215, [1, 2, 4, 11, 21, 31, 40, 41, 45, 56, 60, 61, 63, 70] - 5328, [1, 2, 4, 11, 20, 37, 38, 43, 52, 53, 54, 61, 68, 70] - 5500]
melhor indiv??duo da gera????o:[1, 3, 12, 13, 23, 31, 40, 41, 45, 57, 70] - 3984
gera????o: 2: 
[[1, 2, 3, 13, 31, 32, 39, 44, 50, 53, 60, 64, 66, 67, 69, 70] - 5843, [1, 2, 3, 5, 6, 17, 18, 24, 28, 35, 46, 49, 55, 56, 63, 70] - 5354, [1, 2, 9, 13, 31, 33, 46, 49, 58, 62, 70] - 4016, [1, 3, 9, 13, 21, 31, 33, 40, 44, 53, 61, 63, 70] - 4872, [1, 4, 11, 21, 23, 33, 46, 49, 58, 62, 70] - 4214, [1, 2, 4, 11, 20, 30, 31, 33, 41, 45, 47, 55, 56, 57, 70] - 5512, [1, 4, 10, 20, 39, 44, 50, 53, 61, 63, 70] - 4625, [1, 3, 5, 12, 13, 21, 22, 24, 34, 41, 46, 49, 55, 58, 62, 70] - 5746, [1, 2, 3, 13, 21, 23, 33, 46, 47, 56, 61, 65, 68, 70] - 5496, [1, 4, 10, 20, 32, 39, 44, 54, 56, 63, 70] - 4351, [1, 4, 11, 21, 22, 25, 33, 49, 55, 58, 62, 70] - 4162, [1, 2, 3, 5, 12, 14, 26, 31, 41, 45, 57, 70] - 4604, [1, 3, 13, 23, 31, 40, 41, 46, 47, 49, 58, 62, 70] - 4824, [1, 3, 13, 21, 23, 33, 34, 35, 36, 48, 58, 62, 70] - 4742, [1, 4, 11, 21, 22, 25, 33, 46, 47, 55, 58, 62, 70] - 4477, [1, 4, 10, 11, 20, 31, 33, 47, 49, 55, 58, 62, 70] - 4793, [1, 2, 4, 10, 20, 32, 40, 41, 45, 57, 70] - 4179, [1, 3, 12, 13, 31, 33, 39, 42, 50, 53, 61, 65, 68, 70] - 5850, [1, 4, 10, 11, 21, 23, 33, 34, 46, 49, 58, 62, 70] - 4215, [1, 2, 4, 11, 20, 37, 38, 43, 52, 53, 54, 61, 68, 70] - 5500, [1, 4, 10, 20, 39, 53, 61, 68, 70] - 4583, [1, 2, 9, 13, 31, 33, 46, 49, 58, 62, 70] - 4016, [1, 4, 11, 21, 22, 25, 33, 49, 55, 58, 62, 70] - 4162, [1, 2, 9, 13, 31, 41, 44, 50, 53, 54, 56, 60, 64, 66, 67, 68, 70] - 6383, [1, 3, 9, 13, 21, 31, 33, 40, 44, 53, 61, 63, 70] - 4872, [1, 2, 4, 10, 11, 20, 39, 53, 61, 63, 70] - 4564, [1, 3, 9, 13, 21, 31, 33, 40, 44, 53, 61, 63, 70] - 4872, [1, 2, 9, 13, 31, 41, 44, 50, 53, 54, 56, 60, 64, 66, 67, 68, 70] - 6383]
melhor indiv??duo da gera????o:[1, 2, 9, 13, 31, 33, 46, 49, 58, 62, 70] - 4016
gera????o: 3: 
[[1, 2, 3, 5, 6, 17, 18, 24, 28, 35, 46, 49, 55, 56, 63, 70] - 5354, [1, 3, 9, 13, 21, 31, 33, 40, 44, 53, 61, 63, 70] - 4872, [1, 2, 4, 11, 20, 30, 31, 33, 41, 45, 47, 55, 56, 57, 70] - 5512, [1, 3, 5, 12, 13, 21, 22, 24, 34, 41, 46, 49, 55, 58, 62, 70] - 5746, [1, 4, 10, 20, 32, 39, 44, 54, 56, 63, 70] - 4351, [1, 2, 3, 5, 12, 14, 26, 31, 41, 45, 57, 70] - 4604, [1, 3, 13, 21, 23, 33, 34, 35, 36, 48, 58, 62, 70] - 4742, [1, 4, 10, 11, 20, 31, 33, 47, 49, 55, 58, 62, 70] - 4793, [1, 3, 12, 13, 31, 33, 39, 42, 50, 53, 61, 65, 68, 70] - 5850, [1, 2, 4, 11, 20, 37, 38, 43, 52, 53, 54, 61, 68, 70] - 5500, [1, 2, 9, 13, 31, 33, 46, 49, 58, 62, 70] - 4016, [1, 2, 9, 13, 31, 41, 44, 50, 53, 54, 56, 60, 64, 66, 67, 68, 70] - 6383, [1, 2, 4, 10, 11, 20, 39, 53, 61, 63, 70] - 4564, [1, 2, 9, 13, 31, 41, 44, 50, 53, 54, 56, 60, 64, 66, 67, 68, 70] - 6383, [1, 2, 9, 13, 31, 33, 46, 49, 58, 62, 70] - 4016, [1, 2, 3, 13, 21, 23, 33, 46, 47, 56, 61, 65, 68, 70] - 5496, [1, 2, 9, 13, 31, 33, 46, 49, 58, 62, 70] - 4016, [1, 2, 9, 13, 31, 33, 46, 49, 58, 62, 70] - 4016, [1, 2, 3, 5, 12, 14, 26, 31, 41, 45, 57, 70] - 4604, [1, 4, 11, 21, 22, 25, 33, 46, 47, 55, 58, 62, 70] - 4477]
melhor indiv??duo da gera????o:[1, 2, 9, 13, 31, 33, 46, 49, 58, 62, 70] - 4016
gera????o: 4: 
[[1, 3, 9, 13, 21, 31, 33, 40, 44, 53, 61, 63, 70] - 4872, [1, 3, 5, 12, 13, 21, 22, 24, 34, 41, 46, 49, 55, 58, 62, 70] - 5746, [1, 2, 3, 5, 12, 14, 26, 31, 41, 45, 57, 70] - 4604, [1, 4, 10, 11, 20, 31, 33, 47, 49, 55, 58, 62, 70] - 4793, [1, 2, 4, 11, 20, 37, 38, 43, 52, 53, 54, 61, 68, 70] - 5500, [1, 2, 9, 13, 31, 41, 44, 50, 53, 54, 56, 60, 64, 66, 67, 68, 70] - 6383, [1, 2, 9, 13, 31, 41, 44, 50, 53, 54, 56, 60, 64, 66, 67, 68, 70] - 6383, [1, 2, 3, 13, 21, 23, 33, 46, 47, 56, 61, 65, 68, 70] - 5496, [1, 2, 9, 13, 31, 33, 46, 49, 58, 62, 70] - 4016, [1, 4, 11, 21, 22, 25, 33, 46, 47, 55, 58, 62, 70] - 4477, [1, 2, 9, 13, 31, 33, 46, 49, 58, 62, 70] - 4016, [1, 2, 9, 13, 31, 33, 46, 49, 58, 62, 70] - 4016, [1, 4, 10, 11, 20, 31, 33, 47, 49, 55, 58, 62, 70] - 4793, [1, 4, 10, 11, 20, 31, 33, 47, 49, 55, 58, 62, 70] - 4793, [1, 2, 9, 13, 31, 33, 46, 49, 58, 62, 70] - 4016, [1, 2, 3, 5, 12, 14, 26, 31, 41, 45, 57, 70] - 4604, [1, 2, 9, 13, 31, 41, 44, 50, 53, 54, 56, 60, 64, 66, 67, 68, 70] - 6383, [1, 2, 9, 13, 31, 33, 46, 49, 58, 62, 70] - 4016]
melhor indiv??duo da gera????o:[1, 2, 9, 13, 31, 33, 46, 49, 58, 62, 70] - 4016
gera????o: 5: 
[[1, 3, 5, 12, 13, 21, 22, 24, 34, 41, 46, 49, 55, 58, 62, 70] - 5746, [1, 4, 10, 11, 20, 31, 33, 47, 49, 55, 58, 62, 70] - 4793, [1, 2, 9, 13, 31, 41, 44, 50, 53, 54, 56, 60, 64, 66, 67, 68, 70] - 6383, [1, 2, 3, 13, 21, 23, 33, 46, 47, 56, 61, 65, 68, 70] - 5496, [1, 4, 11, 21, 22, 25, 33, 46, 47, 55, 58, 62, 70] - 4477, [1, 2, 9, 13, 31, 33, 46, 49, 58, 62, 70] - 4016, [1, 4, 10, 11, 20, 31, 33, 47, 49, 55, 58, 62, 70] - 4793, [1, 2, 3, 5, 12, 14, 26, 31, 41, 45, 57, 70] - 4604, [1, 2, 9, 13, 31, 33, 46, 49, 58, 62, 70] - 4016, [1, 2, 9, 13, 31, 41, 44, 50, 53, 54, 56, 60, 64, 66, 67, 68, 70] - 6383, [1, 4, 10, 11, 20, 31, 33, 47, 49, 55, 58, 62, 70] - 4793, [1, 2, 9, 13, 31, 33, 46, 49, 58, 62, 70] - 4016, [1, 2, 9, 13, 31, 33, 46, 49, 58, 62, 70] - 4016, [1, 4, 10, 11, 20, 31, 33, 47, 49, 55, 58, 62, 70] - 4793, [1, 3, 9, 13, 21, 31, 33, 40, 44, 53, 61, 63, 70] - 4872, [1, 4, 10, 11, 20, 31, 33, 47, 49, 55, 58, 62, 70] - 4793]
melhor indiv??duo da gera????o:[1, 2, 9, 13, 31, 33, 46, 49, 58, 62, 70] - 4016
gera????o: 6: 
[[1, 4, 10, 11, 20, 31, 33, 47, 49, 55, 58, 62, 70] - 4793, [1, 2, 3, 13, 21, 23, 33, 46, 47, 56, 61, 65, 68, 70] - 5496, [1, 2, 9, 13, 31, 33, 46, 49, 58, 62, 70] - 4016, [1, 2, 3, 5, 12, 14, 26, 31, 41, 45, 57, 70] - 4604, [1, 2, 9, 13, 31, 41, 44, 50, 53, 54, 56, 60, 64, 66, 67, 68, 70] - 6383, [1, 2, 9, 13, 31, 33, 46, 49, 58, 62, 70] - 4016, [1, 4, 10, 11, 20, 31, 33, 47, 49, 55, 58, 62, 70] - 4793, [1, 4, 10, 11, 20, 31, 33, 47, 49, 55, 58, 62, 70] - 4793, [1, 2, 9, 13, 31, 33, 46, 49, 58, 62, 70] - 4016, [1, 2, 3, 13, 21, 23, 33, 46, 47, 56, 61, 65, 68, 70] - 5496, [1, 2, 9, 13, 31, 33, 46, 49, 58, 62, 70] - 4016, [1, 4, 11, 21, 22, 25, 33, 46, 47, 55, 58, 62, 70] - 4477, [1, 2, 9, 13, 31, 33, 46, 49, 58, 62, 70] - 4016, [1, 2, 9, 13, 31, 33, 46, 49, 58, 62, 70] - 4016, [1, 2, 9, 13, 31, 33, 46, 49, 58, 62, 70] - 4016]
melhor indiv??duo da gera????o:[1, 2, 9, 13, 31, 33, 46, 49, 58, 62, 70] - 4016
gera????o: 7: 
[[1, 2, 3, 13, 21, 23, 33, 46, 47, 56, 61, 65, 68, 70] - 5496, [1, 2, 3, 5, 12, 14, 26, 31, 41, 45, 57, 70] - 4604, [1, 2, 9, 13, 31, 33, 46, 49, 58, 62, 70] - 4016, [1, 4, 10, 11, 20, 31, 33, 47, 49, 55, 58, 62, 70] - 4793, [1, 2, 3, 13, 21, 23, 33, 46, 47, 56, 61, 65, 68, 70] - 5496, [1, 4, 11, 21, 22, 25, 33, 46, 47, 55, 58, 62, 70] - 4477, [1, 2, 9, 13, 31, 33, 46, 49, 58, 62, 70] - 4016, [1, 2, 9, 13, 31, 33, 46, 49, 58, 62, 70] - 4016, [1, 2, 9, 13, 31, 33, 46, 49, 58, 62, 70] - 4016, [1, 4, 10, 11, 20, 31, 33, 47, 49, 55, 58, 62, 70] - 4793, [1, 4, 11, 21, 22, 25, 33, 46, 47, 55, 58, 62, 70] - 4477, [1, 4, 10, 11, 20, 31, 33, 47, 49, 55, 58, 62, 70] - 4793, [1, 2, 9, 13, 31, 33, 46, 49, 58, 62, 70] - 4016, [1, 2, 9, 13, 31, 33, 46, 49, 58, 62, 70] - 4016]
melhor indiv??duo da gera????o:[1, 2, 9, 13, 31, 33, 46, 49, 58, 62, 70] - 4016
gera????o: 8: 
[[1, 2, 3, 5, 12, 14, 26, 31, 41, 45, 57, 70] - 4604, [1, 4, 10, 11, 20, 31, 33, 47, 49, 55, 58, 62, 70] - 4793, [1, 4, 11, 21, 22, 25, 33, 46, 47, 55, 58, 62, 70] - 4477, [1, 2, 9, 13, 31, 33, 46, 49, 58, 62, 70] - 4016, [1, 4, 10, 11, 20, 31, 33, 47, 49, 55, 58, 62, 70] - 4793, [1, 4, 10, 11, 20, 31, 33, 47, 49, 55, 58, 62, 70] - 4793, [1, 2, 9, 13, 31, 33, 46, 49, 58, 62, 70] - 4016, [1, 2, 9, 13, 31, 33, 46, 49, 58, 62, 70] - 4016, [1, 2, 3, 5, 12, 14, 26, 31, 41, 45, 57, 70] - 4604, [1, 2, 9, 13, 31, 33, 46, 49, 58, 62, 70] - 4016, [1, 2, 3, 13, 21, 23, 33, 46, 47, 56, 61, 65, 68, 70] - 5496, [1, 2, 9, 13, 31, 33, 46, 49, 58, 62, 70] - 4016, [1, 2, 9, 13, 31, 33, 46, 49, 58, 62, 70] - 4016]
melhor indiv??duo da gera????o:[1, 2, 9, 13, 31, 33, 46, 49, 58, 62, 70] - 4016
gera????o: 9: 
[[1, 4, 10, 11, 20, 31, 33, 47, 49, 55, 58, 62, 70] - 4793, [1, 2, 9, 13, 31, 33, 46, 49, 58, 62, 70] - 4016, [1, 4, 10, 11, 20, 31, 33, 47, 49, 55, 58, 62, 70] - 4793, [1, 2, 9, 13, 31, 33, 46, 49, 58, 62, 70] - 4016, [1, 2, 9, 13, 31, 33, 46, 49, 58, 62, 70] - 4016, [1, 2, 9, 13, 31, 33, 46, 49, 58, 62, 70] - 4016, [1, 4, 10, 11, 20, 31, 33, 47, 49, 55, 58, 62, 70] - 4793, [1, 4, 10, 11, 20, 31, 33, 47, 49, 55, 58, 62, 70] - 4793, [1, 4, 11, 21, 22, 25, 33, 46, 47, 55, 58, 62, 70] - 4477, [1, 2, 9, 13, 31, 33, 46, 49, 58, 62, 70] - 4016, [1, 2, 9, 13, 31, 33, 46, 49, 58, 62, 70] - 4016, [1, 2, 9, 13, 31, 33, 46, 49, 58, 62, 70] - 4016]
melhor indiv??duo da gera????o:[1, 2, 9, 13, 31, 33, 46, 49, 58, 62, 70] - 4016
gera????o: 10: 
[[1, 2, 9, 13, 31, 33, 46, 49, 58, 62, 70] - 4016, [1, 2, 9, 13, 31, 33, 46, 49, 58, 62, 70] - 4016, [1, 2, 9, 13, 31, 33, 46, 49, 58, 62, 70] - 4016, [1, 4, 10, 11, 20, 31, 33, 47, 49, 55, 58, 62, 70] - 4793, [1, 2, 9, 13, 31, 33, 46, 49, 58, 62, 70] - 4016, [1, 2, 9, 13, 31, 33, 46, 49, 58, 62, 70] - 4016, [1, 2, 9, 13, 31, 33, 46, 49, 58, 62, 70] - 4016, [1, 2, 9, 13, 31, 33, 46, 49, 58, 62, 70] - 4016, [1, 2, 9, 13, 31, 33, 46, 49, 58, 62, 70] - 4016, [1, 2, 9, 13, 31, 33, 46, 49, 58, 62, 70] - 4016, [1, 2, 9, 13, 31, 33, 46, 49, 58, 62, 70] - 4016]
melhor indiv??duo da gera????o:[1, 2, 9, 13, 31, 33, 46, 49, 58, 62, 70] - 4016
______________________________________________________________________________________________________________________________
