gera????o: 1: 
[[1, 2, 9, 11, 21, 31, 41, 44, 45, 56, 63, 70] - 4126, [1, 3, 9, 11, 21, 23, 33, 34, 46, 47, 49, 55, 58, 62, 70] - 4691, [1, 2, 3, 5, 12, 14, 22, 24, 28, 35, 36, 48, 58, 62, 70] - 4912, [1, 2, 3, 23, 33, 47, 56, 60, 65, 67, 69, 70] - 5969, [1, 2, 3, 12, 13, 23, 33, 49, 58, 62, 70] - 3686, [1, 3, 13, 22, 33, 40, 41, 45, 57, 70] - 4142, [1, 4, 11, 20, 31, 32, 39, 44, 55, 58, 62, 70] - 5186, [1, 2, 3, 5, 12, 13, 23, 31, 41, 44, 54, 56, 60, 64, 67, 69, 70] - 6102, [1, 4, 10, 11, 20, 32, 40, 41, 45, 57, 70] - 4346, [1, 4, 10, 11, 20, 29, 37, 42, 43, 52, 59, 60, 64, 67, 68, 70] - 6465, [1, 4, 11, 21, 31, 41, 44, 50, 53, 60, 61, 63, 70] - 5107, [1, 4, 11, 20, 37, 42, 52, 59, 64, 67, 69, 70] - 5732, [1, 4, 10, 11, 21, 31, 33, 49, 55, 57, 70] - 3865, [1, 4, 10, 20, 31, 32, 37, 38, 43, 51, 59, 60, 61, 63, 70] - 5445, [1, 4, 10, 11, 21, 31, 32, 40, 41, 45, 57, 70] - 4041, [1, 4, 10, 11, 21, 23, 31, 33, 46, 49, 55, 58, 62, 70] - 4643, [1, 3, 13, 31, 33, 49, 55, 56, 61, 63, 70] - 4416, [1, 2, 3, 9, 13, 31, 41, 45, 56, 60, 61, 65, 68, 70] - 5885, [1, 2, 3, 23, 33, 49, 55, 56, 57, 70] - 4372, [1, 4, 10, 11, 21, 22, 33, 39, 42, 51, 59, 66, 67, 68, 70] - 6616]
melhor indiv??duo da gera????o:[1, 2, 3, 12, 13, 23, 33, 49, 58, 62, 70] - 3686
gera????o: 2: 
[[1, 2, 9, 11, 21, 31, 41, 44, 45, 56, 63, 70] - 4126, [1, 2, 3, 5, 12, 14, 22, 24, 28, 35, 36, 48, 58, 62, 70] - 4912, [1, 2, 3, 12, 13, 23, 33, 49, 58, 62, 70] - 3686, [1, 3, 13, 22, 33, 40, 41, 45, 57, 70] - 4142, [1, 2, 3, 5, 12, 13, 23, 31, 41, 44, 54, 56, 60, 64, 67, 69, 70] - 6102, [1, 4, 10, 11, 20, 29, 37, 42, 43, 52, 59, 60, 64, 67, 68, 70] - 6465, [1, 4, 11, 20, 37, 42, 52, 59, 64, 67, 69, 70] - 5732, [1, 4, 10, 11, 21, 31, 33, 49, 55, 57, 70] - 3865, [1, 4, 10, 11, 21, 31, 32, 40, 41, 45, 57, 70] - 4041, [1, 3, 13, 31, 33, 49, 55, 56, 61, 63, 70] - 4416, [1, 2, 3, 23, 33, 49, 55, 56, 57, 70] - 4372, [1, 2, 3, 13, 40, 44, 55, 57, 70] - 4076, [1, 3, 12, 22, 23, 33, 47, 55, 58, 62, 70] - 3634, [1, 2, 3, 12, 13, 21, 23, 25, 26, 28, 36, 49, 55, 58, 62, 70] - 4969, [1, 2, 9, 13, 40, 41, 47, 49, 55, 57, 70] - 4256, [1, 4, 11, 21, 22, 33, 49, 58, 62, 70] - 3915, [1, 4, 11, 21, 22, 25, 33, 40, 44, 53, 61, 63, 70] - 4945, [1, 2, 3, 13, 40, 44, 45, 47, 55, 56, 57, 70] - 4811, [1, 2, 4, 11, 21, 23, 33, 46, 49, 58, 62, 70] - 4291, [1, 4, 10, 20, 29, 37, 38, 43, 52, 53, 60, 61, 65, 67, 68, 70] - 6906]
melhor indiv??duo da gera????o:[1, 3, 12, 22, 23, 33, 47, 55, 58, 62, 70] - 3634
gera????o: 3: 
[[1, 2, 9, 11, 21, 31, 41, 44, 45, 56, 63, 70] - 4126, [1, 2, 3, 12, 13, 23, 33, 49, 58, 62, 70] - 3686, [1, 3, 13, 22, 33, 40, 41, 45, 57, 70] - 4142, [1, 4, 10, 11, 20, 29, 37, 42, 43, 52, 59, 60, 64, 67, 68, 70] - 6465, [1, 4, 10, 11, 21, 31, 33, 49, 55, 57, 70] - 3865, [1, 4, 10, 11, 21, 31, 32, 40, 41, 45, 57, 70] - 4041, [1, 2, 3, 23, 33, 49, 55, 56, 57, 70] - 4372, [1, 2, 3, 13, 40, 44, 55, 57, 70] - 4076, [1, 3, 12, 22, 23, 33, 47, 55, 58, 62, 70] - 3634, [1, 2, 9, 13, 40, 41, 47, 49, 55, 57, 70] - 4256, [1, 4, 11, 21, 22, 33, 49, 58, 62, 70] - 3915, [1, 2, 3, 13, 40, 44, 45, 47, 55, 56, 57, 70] - 4811, [1, 4, 10, 20, 29, 37, 38, 43, 52, 53, 60, 61, 65, 67, 68, 70] - 6906, [1, 2, 3, 5, 12, 22, 23, 25, 33, 41, 45, 47, 55, 56, 63, 70] - 4614, [1, 4, 11, 20, 39, 42, 50, 53, 60, 65, 68, 70] - 5694, [1, 3, 13, 31, 40, 44, 55, 56, 60, 64, 65, 67, 68, 70] - 6856, [1, 3, 5, 6, 26, 31, 40, 44, 45, 47, 56, 57, 70] - 5241, [1, 3, 12, 13, 21, 23, 31, 33, 46, 49, 58, 62, 70] - 4419, [1, 4, 10, 11, 21, 31, 41, 45, 56, 57, 70] - 4210, [1, 2, 4, 11, 21, 31, 32, 39, 56, 57, 70] - 4575, [1, 2, 9, 11, 21, 23, 31, 41, 46, 47, 49, 58, 62, 70] - 4784]
melhor indiv??duo da gera????o:[1, 3, 12, 22, 23, 33, 47, 55, 58, 62, 70] - 3634
gera????o: 4: 
[[1, 2, 9, 11, 21, 31, 41, 44, 45, 56, 63, 70] - 4126, [1, 2, 3, 12, 13, 23, 33, 49, 58, 62, 70] - 3686, [1, 3, 13, 22, 33, 40, 41, 45, 57, 70] - 4142, [1, 4, 10, 11, 21, 31, 33, 49, 55, 57, 70] - 3865, [1, 4, 10, 11, 21, 31, 32, 40, 41, 45, 57, 70] - 4041, [1, 2, 3, 13, 40, 44, 55, 57, 70] - 4076, [1, 3, 12, 22, 23, 33, 47, 55, 58, 62, 70] - 3634, [1, 4, 11, 21, 22, 33, 49, 58, 62, 70] - 3915, [1, 4, 10, 20, 29, 37, 38, 43, 52, 53, 60, 61, 65, 67, 68, 70] - 6906, [1, 4, 11, 20, 39, 42, 50, 53, 60, 65, 68, 70] - 5694, [1, 3, 5, 6, 26, 31, 40, 44, 45, 47, 56, 57, 70] - 5241, [1, 4, 10, 11, 21, 31, 41, 45, 56, 57, 70] - 4210, [1, 2, 9, 11, 21, 23, 31, 41, 46, 47, 49, 58, 62, 70] - 4784, [1, 2, 9, 21, 22, 24, 28, 36, 48, 49, 55, 58, 62, 70] - 4972, [1, 3, 5, 6, 17, 24, 27, 35, 46, 47, 49, 58, 62, 70] - 4682, [1, 4, 11, 20, 30, 31, 41, 45, 56, 63, 70] - 4615, [1, 3, 23, 25, 26, 34, 35, 46, 49, 55, 56, 57, 70] - 5076]
melhor indiv??duo da gera????o:[1, 3, 12, 22, 23, 33, 47, 55, 58, 62, 70] - 3634
gera????o: 5: 
[[1, 2, 9, 11, 21, 31, 41, 44, 45, 56, 63, 70] - 4126, [1, 2, 3, 12, 13, 23, 33, 49, 58, 62, 70] - 3686, [1, 3, 13, 22, 33, 40, 41, 45, 57, 70] - 4142, [1, 4, 10, 11, 21, 31, 33, 49, 55, 57, 70] - 3865, [1, 4, 10, 11, 21, 31, 32, 40, 41, 45, 57, 70] - 4041, [1, 2, 3, 13, 40, 44, 55, 57, 70] - 4076, [1, 3, 12, 22, 23, 33, 47, 55, 58, 62, 70] - 3634, [1, 4, 11, 21, 22, 33, 49, 58, 62, 70] - 3915, [1, 4, 11, 20, 39, 42, 50, 53, 60, 65, 68, 70] - 5694, [1, 4, 10, 11, 21, 31, 41, 45, 56, 57, 70] - 4210, [1, 2, 9, 21, 22, 24, 28, 36, 48, 49, 55, 58, 62, 70] - 4972, [1, 4, 11, 20, 30, 31, 41, 45, 56, 63, 70] - 4615, [1, 3, 12, 13, 21, 22, 24, 28, 36, 48, 58, 62, 70] - 4834, [1, 2, 4, 11, 21, 23, 31, 33, 49, 55, 57, 70] - 4229, [1, 3, 5, 6, 12, 14, 24, 34, 41, 44, 55, 57, 70] - 5060, [1, 4, 11, 20, 31, 32, 37, 42, 50, 53, 54, 61, 68, 70] - 5641, [1, 2, 3, 5, 12, 13, 14, 17, 18, 24, 27, 28, 35, 36, 48, 58, 62, 70] - 6039, [1, 4, 10, 11, 21, 31, 40, 41, 44, 53, 60, 61, 68, 70] - 5476, [1, 4, 11, 21, 23, 31, 41, 44, 50, 53, 60, 65, 66, 67, 68, 70] - 6623, [1, 4, 10, 11, 21, 22, 24, 27, 35, 46, 49, 58, 62, 70] - 5130]
melhor indiv??duo da gera????o:[1, 3, 12, 22, 23, 33, 47, 55, 58, 62, 70] - 3634
gera????o: 6: 
[[1, 2, 9, 11, 21, 31, 41, 44, 45, 56, 63, 70] - 4126, [1, 2, 3, 12, 13, 23, 33, 49, 58, 62, 70] - 3686, [1, 3, 13, 22, 33, 40, 41, 45, 57, 70] - 4142, [1, 4, 10, 11, 21, 31, 33, 49, 55, 57, 70] - 3865, [1, 4, 10, 11, 21, 31, 32, 40, 41, 45, 57, 70] - 4041, [1, 2, 3, 13, 40, 44, 55, 57, 70] - 4076, [1, 3, 12, 22, 23, 33, 47, 55, 58, 62, 70] - 3634, [1, 4, 11, 21, 22, 33, 49, 58, 62, 70] - 3915, [1, 4, 10, 11, 21, 31, 41, 45, 56, 57, 70] - 4210, [1, 4, 11, 20, 30, 31, 41, 45, 56, 63, 70] - 4615, [1, 2, 4, 11, 21, 23, 31, 33, 49, 55, 57, 70] - 4229, [1, 4, 11, 20, 31, 32, 37, 42, 50, 53, 54, 61, 68, 70] - 5641, [1, 4, 10, 11, 21, 31, 40, 41, 44, 53, 60, 61, 68, 70] - 5476, [1, 4, 10, 11, 21, 22, 24, 27, 35, 46, 49, 58, 62, 70] - 5130, [1, 2, 9, 11, 20, 30, 31, 40, 44, 53, 54, 61, 65, 68, 70] - 5432, [1, 2, 9, 21, 31, 32, 37, 39, 44, 53, 60, 65, 66, 67, 68, 70] - 6599, [1, 2, 3, 12, 14, 26, 31, 40, 41, 47, 56, 57, 70] - 5396, [1, 3, 23, 33, 47, 49, 58, 62, 70] - 3717, [1, 4, 11, 20, 30, 32, 40, 41, 45, 56, 57, 70] - 4807, [1, 2, 3, 9, 21, 22, 24, 27, 35, 46, 49, 55, 56, 57, 70] - 6019, [1, 3, 9, 13, 21, 22, 25, 26, 28, 36, 49, 55, 57, 70] - 4761, [1, 4, 11, 20, 39, 44, 56, 60, 65, 68, 70] - 5850, [1, 3, 23, 25, 33, 49, 58, 62, 70] - 3619]
melhor indiv??duo da gera????o:[1, 3, 23, 25, 33, 49, 58, 62, 70] - 3619
gera????o: 7: 
[[1, 2, 9, 11, 21, 31, 41, 44, 45, 56, 63, 70] - 4126, [1, 2, 3, 12, 13, 23, 33, 49, 58, 62, 70] - 3686, [1, 3, 13, 22, 33, 40, 41, 45, 57, 70] - 4142, [1, 4, 10, 11, 21, 31, 33, 49, 55, 57, 70] - 3865, [1, 4, 10, 11, 21, 31, 32, 40, 41, 45, 57, 70] - 4041, [1, 2, 3, 13, 40, 44, 55, 57, 70] - 4076, [1, 3, 12, 22, 23, 33, 47, 55, 58, 62, 70] - 3634, [1, 4, 11, 21, 22, 33, 49, 58, 62, 70] - 3915, [1, 4, 11, 20, 30, 31, 41, 45, 56, 63, 70] - 4615, [1, 4, 11, 20, 31, 32, 37, 42, 50, 53, 54, 61, 68, 70] - 5641, [1, 4, 10, 11, 21, 22, 24, 27, 35, 46, 49, 58, 62, 70] - 5130, [1, 2, 9, 21, 31, 32, 37, 39, 44, 53, 60, 65, 66, 67, 68, 70] - 6599, [1, 3, 23, 33, 47, 49, 58, 62, 70] - 3717, [1, 2, 3, 9, 21, 22, 24, 27, 35, 46, 49, 55, 56, 57, 70] - 6019, [1, 4, 11, 20, 39, 44, 56, 60, 65, 68, 70] - 5850, [1, 3, 23, 25, 33, 49, 58, 62, 70] - 3619, [1, 3, 9, 21, 31, 41, 47, 55, 56, 57, 70] - 4720, [1, 2, 3, 9, 13, 14, 26, 34, 35, 49, 55, 58, 62, 70] - 4663, [1, 4, 10, 20, 29, 38, 43, 51, 59, 64, 66, 67, 68, 70] - 5836, [1, 2, 4, 11, 20, 31, 32, 37, 38, 43, 51, 59, 60, 65, 67, 69, 70] - 6689]
melhor indiv??duo da gera????o:[1, 3, 23, 25, 33, 49, 58, 62, 70] - 3619
gera????o: 8: 
[[1, 2, 9, 11, 21, 31, 41, 44, 45, 56, 63, 70] - 4126, [1, 2, 3, 12, 13, 23, 33, 49, 58, 62, 70] - 3686, [1, 3, 13, 22, 33, 40, 41, 45, 57, 70] - 4142, [1, 4, 10, 11, 21, 31, 33, 49, 55, 57, 70] - 3865, [1, 4, 10, 11, 21, 31, 32, 40, 41, 45, 57, 70] - 4041, [1, 2, 3, 13, 40, 44, 55, 57, 70] - 4076, [1, 3, 12, 22, 23, 33, 47, 55, 58, 62, 70] - 3634, [1, 4, 11, 21, 22, 33, 49, 58, 62, 70] - 3915, [1, 4, 11, 20, 31, 32, 37, 42, 50, 53, 54, 61, 68, 70] - 5641, [1, 2, 9, 21, 31, 32, 37, 39, 44, 53, 60, 65, 66, 67, 68, 70] - 6599, [1, 3, 23, 33, 47, 49, 58, 62, 70] - 3717, [1, 4, 11, 20, 39, 44, 56, 60, 65, 68, 70] - 5850, [1, 3, 23, 25, 33, 49, 58, 62, 70] - 3619, [1, 2, 3, 9, 13, 14, 26, 34, 35, 49, 55, 58, 62, 70] - 4663, [1, 2, 4, 11, 20, 31, 32, 37, 38, 43, 51, 59, 60, 65, 67, 69, 70] - 6689, [1, 3, 9, 21, 31, 41, 47, 56, 61, 63, 70] - 4628, [1, 4, 11, 21, 22, 24, 27, 28, 35, 49, 55, 58, 62, 70] - 5383, [1, 3, 12, 22, 33, 39, 40, 44, 56, 60, 64, 66, 67, 69, 70] - 6330, [1, 3, 5, 6, 14, 24, 27, 35, 36, 49, 58, 62, 70] - 4854, [1, 4, 11, 21, 23, 25, 26, 33, 47, 56, 63, 70] - 4575, [1, 4, 11, 20, 21, 31, 32, 37, 38, 43, 52, 53, 60, 64, 67, 69, 70] - 6922, [1, 4, 11, 20, 21, 22, 23, 25, 33, 39, 42, 50, 53, 54, 61, 63, 70] - 6291, [1, 3, 12, 13, 21, 31, 41, 45, 47, 56, 63, 70] - 4436]
melhor indiv??duo da gera????o:[1, 3, 23, 25, 33, 49, 58, 62, 70] - 3619
gera????o: 9: 
[[1, 2, 9, 11, 21, 31, 41, 44, 45, 56, 63, 70] - 4126, [1, 2, 3, 12, 13, 23, 33, 49, 58, 62, 70] - 3686, [1, 3, 13, 22, 33, 40, 41, 45, 57, 70] - 4142, [1, 4, 10, 11, 21, 31, 33, 49, 55, 57, 70] - 3865, [1, 4, 10, 11, 21, 31, 32, 40, 41, 45, 57, 70] - 4041, [1, 2, 3, 13, 40, 44, 55, 57, 70] - 4076, [1, 3, 12, 22, 23, 33, 47, 55, 58, 62, 70] - 3634, [1, 4, 11, 21, 22, 33, 49, 58, 62, 70] - 3915, [1, 2, 9, 21, 31, 32, 37, 39, 44, 53, 60, 65, 66, 67, 68, 70] - 6599, [1, 3, 23, 33, 47, 49, 58, 62, 70] - 3717, [1, 3, 23, 25, 33, 49, 58, 62, 70] - 3619, [1, 2, 4, 11, 20, 31, 32, 37, 38, 43, 51, 59, 60, 65, 67, 69, 70] - 6689, [1, 4, 11, 21, 22, 24, 27, 28, 35, 49, 55, 58, 62, 70] - 5383, [1, 3, 5, 6, 14, 24, 27, 35, 36, 49, 58, 62, 70] - 4854, [1, 4, 11, 20, 21, 31, 32, 37, 38, 43, 52, 53, 60, 64, 67, 69, 70] - 6922, [1, 3, 12, 13, 21, 31, 41, 45, 47, 56, 63, 70] - 4436, [1, 2, 9, 21, 22, 25, 33, 47, 55, 56, 63, 70] - 4109, [1, 4, 11, 20, 32, 37, 38, 43, 52, 59, 66, 67, 69, 70] - 6656, [1, 4, 10, 20, 32, 39, 53, 60, 65, 66, 67, 69, 70] - 5952, [1, 3, 12, 13, 31, 33, 40, 41, 46, 49, 55, 56, 60, 65, 67, 69, 70] - 7338]
melhor indiv??duo da gera????o:[1, 3, 23, 25, 33, 49, 58, 62, 70] - 3619
gera????o: 10: 
[[1, 2, 3, 12, 13, 23, 33, 49, 58, 62, 70] - 3686, [1, 3, 13, 22, 33, 40, 41, 45, 57, 70] - 4142, [1, 4, 10, 11, 21, 31, 33, 49, 55, 57, 70] - 3865, [1, 4, 10, 11, 21, 31, 32, 40, 41, 45, 57, 70] - 4041, [1, 2, 3, 13, 40, 44, 55, 57, 70] - 4076, [1, 3, 12, 22, 23, 33, 47, 55, 58, 62, 70] - 3634, [1, 4, 11, 21, 22, 33, 49, 58, 62, 70] - 3915, [1, 3, 23, 33, 47, 49, 58, 62, 70] - 3717, [1, 3, 23, 25, 33, 49, 58, 62, 70] - 3619, [1, 4, 11, 21, 22, 24, 27, 28, 35, 49, 55, 58, 62, 70] - 5383, [1, 4, 11, 20, 21, 31, 32, 37, 38, 43, 52, 53, 60, 64, 67, 69, 70] - 6922, [1, 2, 9, 21, 22, 25, 33, 47, 55, 56, 63, 70] - 4109, [1, 4, 10, 20, 32, 39, 53, 60, 65, 66, 67, 69, 70] - 5952, [1, 2, 9, 11, 20, 29, 38, 43, 52, 53, 54, 56, 63, 70] - 4975, [1, 2, 3, 12, 22, 24, 28, 34, 46, 47, 56, 60, 65, 68, 70] - 6160, [1, 4, 10, 11, 21, 31, 41, 44, 53, 61, 63, 70] - 4657, [1, 2, 9, 21, 31, 41, 47, 55, 56, 57, 70] - 4565, [1, 4, 10, 11, 20, 37, 39, 42, 43, 51, 59, 64, 67, 68, 70] - 6122, [1, 4, 11, 21, 23, 33, 40, 44, 54, 61, 63, 70] - 4327, [1, 3, 5, 6, 22, 33, 41, 44, 54, 61, 68, 70] - 4371, [1, 3, 12, 13, 40, 41, 46, 47, 49, 55, 57, 70] - 4735, [1, 3, 5, 6, 12, 13, 31, 32, 39, 53, 60, 61, 65, 67, 69, 70] - 5995]
melhor indiv??duo da gera????o:[1, 3, 23, 25, 33, 49, 58, 62, 70] - 3619
gera????o: 11: 
[[1, 2, 3, 12, 13, 23, 33, 49, 58, 62, 70] - 3686, [1, 4, 10, 11, 21, 31, 33, 49, 55, 57, 70] - 3865, [1, 4, 10, 11, 21, 31, 32, 40, 41, 45, 57, 70] - 4041, [1, 2, 3, 13, 40, 44, 55, 57, 70] - 4076, [1, 3, 12, 22, 23, 33, 47, 55, 58, 62, 70] - 3634, [1, 4, 11, 21, 22, 33, 49, 58, 62, 70] - 3915, [1, 3, 23, 33, 47, 49, 58, 62, 70] - 3717, [1, 3, 23, 25, 33, 49, 58, 62, 70] - 3619, [1, 4, 11, 20, 21, 31, 32, 37, 38, 43, 52, 53, 60, 64, 67, 69, 70] - 6922, [1, 4, 10, 20, 32, 39, 53, 60, 65, 66, 67, 69, 70] - 5952, [1, 2, 3, 12, 22, 24, 28, 34, 46, 47, 56, 60, 65, 68, 70] - 6160, [1, 2, 9, 21, 31, 41, 47, 55, 56, 57, 70] - 4565, [1, 4, 11, 21, 23, 33, 40, 44, 54, 61, 63, 70] - 4327, [1, 3, 12, 13, 40, 41, 46, 47, 49, 55, 57, 70] - 4735, [1, 3, 23, 31, 40, 44, 54, 61, 63, 70] - 3893, [1, 3, 5, 6, 22, 24, 28, 36, 49, 55, 56, 57, 70] - 5310, [1, 2, 4, 10, 20, 30, 32, 39, 53, 54, 61, 65, 68, 70] - 5156, [1, 2, 9, 11, 21, 22, 33, 41, 47, 55, 57, 70] - 3994]
melhor indiv??duo da gera????o:[1, 3, 23, 25, 33, 49, 58, 62, 70] - 3619
gera????o: 12: 
[[1, 2, 3, 12, 13, 23, 33, 49, 58, 62, 70] - 3686, [1, 4, 10, 11, 21, 31, 33, 49, 55, 57, 70] - 3865, [1, 4, 10, 11, 21, 31, 32, 40, 41, 45, 57, 70] - 4041, [1, 2, 3, 13, 40, 44, 55, 57, 70] - 4076, [1, 3, 12, 22, 23, 33, 47, 55, 58, 62, 70] - 3634, [1, 4, 11, 21, 22, 33, 49, 58, 62, 70] - 3915, [1, 3, 23, 33, 47, 49, 58, 62, 70] - 3717, [1, 3, 23, 25, 33, 49, 58, 62, 70] - 3619, [1, 4, 10, 20, 32, 39, 53, 60, 65, 66, 67, 69, 70] - 5952, [1, 2, 9, 21, 31, 41, 47, 55, 56, 57, 70] - 4565, [1, 3, 12, 13, 40, 41, 46, 47, 49, 55, 57, 70] - 4735, [1, 3, 23, 31, 40, 44, 54, 61, 63, 70] - 3893, [1, 2, 4, 10, 20, 30, 32, 39, 53, 54, 61, 65, 68, 70] - 5156, [1, 2, 9, 11, 21, 22, 33, 41, 47, 55, 57, 70] - 3994, [1, 2, 4, 11, 21, 22, 25, 33, 46, 47, 55, 57, 70] - 4412, [1, 4, 10, 20, 32, 39, 42, 51, 59, 60, 65, 66, 67, 69, 70] - 6417, [1, 3, 9, 21, 31, 33, 40, 41, 45, 57, 70] - 4290, [1, 2, 9, 11, 21, 22, 25, 33, 34, 35, 49, 55, 58, 62, 70] - 4606, [1, 2, 4, 11, 21, 22, 23, 25, 26, 33, 34, 41, 47, 55, 56, 63, 70] - 5797, [1, 2, 4, 10, 11, 20, 39, 40, 41, 46, 49, 58, 62, 70] - 5128, [1, 3, 12, 22, 25, 33, 49, 58, 62, 70] - 3532, [1, 2, 4, 11, 21, 22, 24, 34, 46, 47, 56, 57, 70] - 5411]
melhor indiv??duo da gera????o:[1, 3, 12, 22, 25, 33, 49, 58, 62, 70] - 3532
gera????o: 13: 
[[1, 2, 3, 12, 13, 23, 33, 49, 58, 62, 70] - 3686, [1, 4, 10, 11, 21, 31, 33, 49, 55, 57, 70] - 3865, [1, 4, 10, 11, 21, 31, 32, 40, 41, 45, 57, 70] - 4041, [1, 2, 3, 13, 40, 44, 55, 57, 70] - 4076, [1, 3, 12, 22, 23, 33, 47, 55, 58, 62, 70] - 3634, [1, 4, 11, 21, 22, 33, 49, 58, 62, 70] - 3915, [1, 3, 23, 33, 47, 49, 58, 62, 70] - 3717, [1, 3, 23, 25, 33, 49, 58, 62, 70] - 3619, [1, 2, 9, 21, 31, 41, 47, 55, 56, 57, 70] - 4565, [1, 3, 23, 31, 40, 44, 54, 61, 63, 70] - 3893, [1, 2, 9, 11, 21, 22, 33, 41, 47, 55, 57, 70] - 3994, [1, 4, 10, 20, 32, 39, 42, 51, 59, 60, 65, 66, 67, 69, 70] - 6417, [1, 2, 9, 11, 21, 22, 25, 33, 34, 35, 49, 55, 58, 62, 70] - 4606, [1, 2, 4, 10, 11, 20, 39, 40, 41, 46, 49, 58, 62, 70] - 5128, [1, 3, 12, 22, 25, 33, 49, 58, 62, 70] - 3532, [1, 2, 4, 10, 11, 20, 29, 38, 43, 52, 60, 64, 65, 66, 67, 68, 70] - 6907, [1, 4, 10, 11, 20, 30, 32, 39, 53, 54, 56, 60, 65, 66, 67, 69, 70] - 6948, [1, 4, 10, 11, 20, 31, 32, 39, 40, 41, 47, 56, 61, 63, 70] - 5585, [1, 2, 3, 5, 6, 17, 18, 19, 27, 28, 36, 48, 58, 62, 70] - 4831]
melhor indiv??duo da gera????o:[1, 3, 12, 22, 25, 33, 49, 58, 62, 70] - 3532
gera????o: 14: 
[[1, 2, 3, 12, 13, 23, 33, 49, 58, 62, 70] - 3686, [1, 4, 10, 11, 21, 31, 33, 49, 55, 57, 70] - 3865, [1, 4, 10, 11, 21, 31, 32, 40, 41, 45, 57, 70] - 4041, [1, 2, 3, 13, 40, 44, 55, 57, 70] - 4076, [1, 3, 12, 22, 23, 33, 47, 55, 58, 62, 70] - 3634, [1, 4, 11, 21, 22, 33, 49, 58, 62, 70] - 3915, [1, 3, 23, 33, 47, 49, 58, 62, 70] - 3717, [1, 3, 23, 25, 33, 49, 58, 62, 70] - 3619, [1, 3, 23, 31, 40, 44, 54, 61, 63, 70] - 3893, [1, 2, 9, 11, 21, 22, 33, 41, 47, 55, 57, 70] - 3994, [1, 2, 9, 11, 21, 22, 25, 33, 34, 35, 49, 55, 58, 62, 70] - 4606, [1, 3, 12, 22, 25, 33, 49, 58, 62, 70] - 3532, [1, 4, 10, 11, 20, 30, 32, 39, 53, 54, 56, 60, 65, 66, 67, 69, 70] - 6948, [1, 2, 3, 5, 6, 17, 18, 19, 27, 28, 36, 48, 58, 62, 70] - 4831, [1, 3, 23, 25, 33, 41, 45, 57, 70] - 3790, [1, 4, 11, 20, 39, 50, 53, 54, 61, 68, 70] - 4893, [1, 3, 5, 6, 7, 14, 17, 24, 27, 28, 36, 48, 58, 62, 70] - 4987, [1, 4, 10, 20, 31, 33, 41, 44, 55, 57, 70] - 4658, [1, 4, 11, 21, 22, 25, 33, 34, 46, 47, 56, 60, 64, 66, 67, 69, 70] - 6658, [1, 3, 23, 25, 26, 34, 41, 45, 57, 70] - 4169, [1, 2, 3, 23, 33, 49, 55, 57, 70] - 3674, [1, 3, 9, 13, 14, 25, 33, 34, 35, 46, 47, 49, 55, 56, 57, 70] - 5863, [1, 2, 3, 12, 13, 14, 26, 34, 41, 46, 49, 55, 56, 63, 70] - 5561]
melhor indiv??duo da gera????o:[1, 3, 12, 22, 25, 33, 49, 58, 62, 70] - 3532
gera????o: 15: 
[[1, 2, 3, 12, 13, 23, 33, 49, 58, 62, 70] - 3686, [1, 4, 10, 11, 21, 31, 33, 49, 55, 57, 70] - 3865, [1, 4, 10, 11, 21, 31, 32, 40, 41, 45, 57, 70] - 4041, [1, 2, 3, 13, 40, 44, 55, 57, 70] - 4076, [1, 3, 12, 22, 23, 33, 47, 55, 58, 62, 70] - 3634, [1, 4, 11, 21, 22, 33, 49, 58, 62, 70] - 3915, [1, 3, 23, 33, 47, 49, 58, 62, 70] - 3717, [1, 3, 23, 25, 33, 49, 58, 62, 70] - 3619, [1, 3, 23, 31, 40, 44, 54, 61, 63, 70] - 3893, [1, 2, 9, 11, 21, 22, 33, 41, 47, 55, 57, 70] - 3994, [1, 3, 12, 22, 25, 33, 49, 58, 62, 70] - 3532, [1, 2, 3, 5, 6, 17, 18, 19, 27, 28, 36, 48, 58, 62, 70] - 4831, [1, 3, 23, 25, 33, 41, 45, 57, 70] - 3790, [1, 3, 5, 6, 7, 14, 17, 24, 27, 28, 36, 48, 58, 62, 70] - 4987, [1, 4, 11, 21, 22, 25, 33, 34, 46, 47, 56, 60, 64, 66, 67, 69, 70] - 6658, [1, 2, 3, 23, 33, 49, 55, 57, 70] - 3674, [1, 2, 3, 12, 13, 14, 26, 34, 41, 46, 49, 55, 56, 63, 70] - 5561, [1, 2, 9, 11, 20, 29, 37, 38, 43, 52, 60, 64, 67, 68, 70] - 5898, [1, 3, 23, 33, 47, 56, 57, 70] - 4062, [1, 3, 12, 22, 24, 27, 35, 36, 48, 58, 62, 70] - 4949, [1, 4, 10, 11, 20, 21, 23, 31, 32, 40, 44, 55, 58, 62, 70] - 5222]
melhor indiv??duo da gera????o:[1, 3, 12, 22, 25, 33, 49, 58, 62, 70] - 3532
gera????o: 16: 
[[1, 2, 3, 12, 13, 23, 33, 49, 58, 62, 70] - 3686, [1, 4, 10, 11, 21, 31, 33, 49, 55, 57, 70] - 3865, [1, 2, 3, 13, 40, 44, 55, 57, 70] - 4076, [1, 3, 12, 22, 23, 33, 47, 55, 58, 62, 70] - 3634, [1, 4, 11, 21, 22, 33, 49, 58, 62, 70] - 3915, [1, 3, 23, 33, 47, 49, 58, 62, 70] - 3717, [1, 3, 23, 25, 33, 49, 58, 62, 70] - 3619, [1, 3, 23, 31, 40, 44, 54, 61, 63, 70] - 3893, [1, 2, 9, 11, 21, 22, 33, 41, 47, 55, 57, 70] - 3994, [1, 3, 12, 22, 25, 33, 49, 58, 62, 70] - 3532, [1, 3, 23, 25, 33, 41, 45, 57, 70] - 3790, [1, 4, 11, 21, 22, 25, 33, 34, 46, 47, 56, 60, 64, 66, 67, 69, 70] - 6658, [1, 2, 3, 23, 33, 49, 55, 57, 70] - 3674, [1, 2, 9, 11, 20, 29, 37, 38, 43, 52, 60, 64, 67, 68, 70] - 5898, [1, 3, 12, 22, 24, 27, 35, 36, 48, 58, 62, 70] - 4949, [1, 3, 23, 25, 26, 31, 32, 39, 40, 44, 54, 56, 60, 64, 67, 68, 70] - 6821, [1, 4, 11, 20, 37, 38, 43, 52, 59, 64, 65, 67, 68, 70] - 6908, [1, 2, 9, 13, 23, 25, 33, 46, 47, 49, 58, 62, 70] - 4327, [1, 3, 5, 12, 22, 24, 26, 34, 41, 46, 47, 56, 60, 65, 67, 69, 70] - 7621]
melhor indiv??duo da gera????o:[1, 3, 12, 22, 25, 33, 49, 58, 62, 70] - 3532
gera????o: 17: 
[[1, 2, 3, 12, 13, 23, 33, 49, 58, 62, 70] - 3686, [1, 4, 10, 11, 21, 31, 33, 49, 55, 57, 70] - 3865, [1, 2, 3, 13, 40, 44, 55, 57, 70] - 4076, [1, 3, 12, 22, 23, 33, 47, 55, 58, 62, 70] - 3634, [1, 4, 11, 21, 22, 33, 49, 58, 62, 70] - 3915, [1, 3, 23, 33, 47, 49, 58, 62, 70] - 3717, [1, 3, 23, 25, 33, 49, 58, 62, 70] - 3619, [1, 3, 23, 31, 40, 44, 54, 61, 63, 70] - 3893, [1, 2, 9, 11, 21, 22, 33, 41, 47, 55, 57, 70] - 3994, [1, 3, 12, 22, 25, 33, 49, 58, 62, 70] - 3532, [1, 3, 23, 25, 33, 41, 45, 57, 70] - 3790, [1, 2, 3, 23, 33, 49, 55, 57, 70] - 3674, [1, 3, 12, 22, 24, 27, 35, 36, 48, 58, 62, 70] - 4949, [1, 4, 11, 20, 37, 38, 43, 52, 59, 64, 65, 67, 68, 70] - 6908, [1, 3, 5, 12, 22, 24, 26, 34, 41, 46, 47, 56, 60, 65, 67, 69, 70] - 7621, [1, 2, 3, 12, 22, 23, 31, 33, 47, 49, 55, 57, 70] - 4278, [1, 4, 11, 21, 31, 40, 44, 55, 58, 62, 70] - 4289, [1, 2, 4, 10, 20, 30, 32, 40, 44, 54, 61, 65, 68, 70] - 4904, [1, 3, 13, 40, 41, 47, 55, 57, 70] - 3956, [1, 3, 9, 11, 21, 31, 32, 39, 40, 44, 56, 63, 70] - 4218, [1, 2, 3, 9, 21, 22, 33, 46, 47, 49, 55, 57, 70] - 4715, [1, 4, 10, 11, 20, 31, 32, 37, 42, 50, 53, 60, 64, 65, 66, 67, 68, 70] - 7251, [1, 2, 3, 12, 13, 31, 32, 40, 41, 46, 47, 49, 58, 62, 70] - 4900]
melhor indiv??duo da gera????o:[1, 3, 12, 22, 25, 33, 49, 58, 62, 70] - 3532
gera????o: 18: 
[[1, 2, 3, 12, 13, 23, 33, 49, 58, 62, 70] - 3686, [1, 2, 3, 13, 40, 44, 55, 57, 70] - 4076, [1, 3, 12, 22, 23, 33, 47, 55, 58, 62, 70] - 3634, [1, 3, 23, 33, 47, 49, 58, 62, 70] - 3717, [1, 3, 23, 25, 33, 49, 58, 62, 70] - 3619, [1, 2, 9, 11, 21, 22, 33, 41, 47, 55, 57, 70] - 3994, [1, 3, 12, 22, 25, 33, 49, 58, 62, 70] - 3532, [1, 3, 23, 25, 33, 41, 45, 57, 70] - 3790, [1, 2, 3, 23, 33, 49, 55, 57, 70] - 3674, [1, 4, 11, 20, 37, 38, 43, 52, 59, 64, 65, 67, 68, 70] - 6908, [1, 2, 3, 12, 22, 23, 31, 33, 47, 49, 55, 57, 70] - 4278, [1, 2, 4, 10, 20, 30, 32, 40, 44, 54, 61, 65, 68, 70] - 4904, [1, 3, 9, 11, 21, 31, 32, 39, 40, 44, 56, 63, 70] - 4218, [1, 4, 10, 11, 20, 31, 32, 37, 42, 50, 53, 60, 64, 65, 66, 67, 68, 70] - 7251, [1, 2, 9, 11, 21, 22, 33, 41, 44, 55, 57, 70] - 4267, [1, 4, 10, 20, 32, 40, 44, 54, 56, 63, 70] - 4090, [1, 2, 9, 21, 23, 31, 41, 46, 47, 56, 60, 65, 67, 69, 70] - 6887, [1, 2, 3, 9, 13, 21, 22, 24, 27, 28, 35, 36, 49, 55, 57, 70] - 5689, [1, 3, 23, 31, 40, 44, 56, 63, 70] - 3814]
melhor indiv??duo da gera????o:[1, 3, 12, 22, 25, 33, 49, 58, 62, 70] - 3532
gera????o: 19: 
[[1, 2, 3, 12, 13, 23, 33, 49, 58, 62, 70] - 3686, [1, 3, 12, 22, 23, 33, 47, 55, 58, 62, 70] - 3634, [1, 3, 23, 33, 47, 49, 58, 62, 70] - 3717, [1, 3, 23, 25, 33, 49, 58, 62, 70] - 3619, [1, 3, 12, 22, 25, 33, 49, 58, 62, 70] - 3532, [1, 3, 23, 25, 33, 41, 45, 57, 70] - 3790, [1, 2, 3, 23, 33, 49, 55, 57, 70] - 3674, [1, 2, 3, 12, 22, 23, 31, 33, 47, 49, 55, 57, 70] - 4278, [1, 3, 9, 11, 21, 31, 32, 39, 40, 44, 56, 63, 70] - 4218, [1, 2, 9, 11, 21, 22, 33, 41, 44, 55, 57, 70] - 4267, [1, 2, 9, 21, 23, 31, 41, 46, 47, 56, 60, 65, 67, 69, 70] - 6887, [1, 3, 23, 31, 40, 44, 56, 63, 70] - 3814, [1, 3, 12, 13, 23, 33, 34, 46, 49, 55, 57, 70] - 4143, [1, 2, 9, 11, 21, 23, 33, 41, 47, 56, 61, 68, 70] - 4812, [1, 3, 12, 13, 23, 25, 26, 28, 34, 35, 49, 55, 58, 62, 70] - 4671, [1, 3, 9, 11, 20, 37, 42, 52, 59, 64, 65, 68, 70] - 5556, [1, 3, 23, 31, 41, 45, 56, 61, 68, 70] - 4480, [1, 2, 9, 21, 22, 24, 36, 49, 55, 58, 62, 70] - 4872, [1, 3, 13, 40, 44, 45, 57, 70] - 3838, [1, 3, 12, 13, 40, 41, 45, 57, 70] - 3808]
melhor indiv??duo da gera????o:[1, 3, 12, 22, 25, 33, 49, 58, 62, 70] - 3532
gera????o: 20: 
[[1, 2, 3, 12, 13, 23, 33, 49, 58, 62, 70] - 3686, [1, 3, 12, 22, 23, 33, 47, 55, 58, 62, 70] - 3634, [1, 3, 23, 33, 47, 49, 58, 62, 70] - 3717, [1, 3, 23, 25, 33, 49, 58, 62, 70] - 3619, [1, 3, 12, 22, 25, 33, 49, 58, 62, 70] - 3532, [1, 3, 23, 25, 33, 41, 45, 57, 70] - 3790, [1, 2, 3, 23, 33, 49, 55, 57, 70] - 3674, [1, 3, 9, 11, 21, 31, 32, 39, 40, 44, 56, 63, 70] - 4218, [1, 2, 9, 21, 23, 31, 41, 46, 47, 56, 60, 65, 67, 69, 70] - 6887, [1, 3, 23, 31, 40, 44, 56, 63, 70] - 3814, [1, 2, 9, 11, 21, 23, 33, 41, 47, 56, 61, 68, 70] - 4812, [1, 3, 9, 11, 20, 37, 42, 52, 59, 64, 65, 68, 70] - 5556, [1, 2, 9, 21, 22, 24, 36, 49, 55, 58, 62, 70] - 4872, [1, 3, 13, 40, 44, 45, 57, 70] - 3838, [1, 3, 12, 13, 40, 41, 45, 57, 70] - 3808, [1, 3, 5, 12, 22, 33, 40, 44, 50, 53, 54, 56, 63, 70] - 4433, [1, 3, 5, 6, 22, 25, 26, 28, 35, 49, 55, 57, 70] - 4187, [1, 2, 9, 21, 23, 25, 33, 41, 46, 49, 58, 62, 70] - 4444, [1, 3, 9, 21, 22, 33, 49, 55, 56, 60, 61, 65, 66, 67, 68, 70] - 7268, [1, 2, 4, 11, 21, 23, 25, 33, 47, 49, 55, 58, 62, 70] - 4512, [1, 3, 13, 31, 33, 49, 55, 57, 70] - 3745, [1, 4, 11, 21, 31, 33, 47, 56, 57, 70] - 4464, [1, 2, 3, 12, 14, 22, 25, 26, 31, 32, 37, 42, 50, 53, 61, 63, 70] - 5556, [1, 3, 5, 12, 13, 14, 17, 26, 34, 46, 49, 58, 62, 70] - 4462]
melhor indiv??duo da gera????o:[1, 3, 12, 22, 25, 33, 49, 58, 62, 70] - 3532
gera????o: 21: 
[[1, 2, 3, 12, 13, 23, 33, 49, 58, 62, 70] - 3686, [1, 3, 12, 22, 23, 33, 47, 55, 58, 62, 70] - 3634, [1, 3, 23, 33, 47, 49, 58, 62, 70] - 3717, [1, 3, 23, 25, 33, 49, 58, 62, 70] - 3619, [1, 3, 12, 22, 25, 33, 49, 58, 62, 70] - 3532, [1, 3, 23, 25, 33, 41, 45, 57, 70] - 3790, [1, 2, 3, 23, 33, 49, 55, 57, 70] - 3674, [1, 2, 9, 21, 23, 31, 41, 46, 47, 56, 60, 65, 67, 69, 70] - 6887, [1, 3, 23, 31, 40, 44, 56, 63, 70] - 3814, [1, 3, 9, 11, 20, 37, 42, 52, 59, 64, 65, 68, 70] - 5556, [1, 3, 13, 40, 44, 45, 57, 70] - 3838, [1, 3, 12, 13, 40, 41, 45, 57, 70] - 3808, [1, 3, 5, 6, 22, 25, 26, 28, 35, 49, 55, 57, 70] - 4187, [1, 3, 9, 21, 22, 33, 49, 55, 56, 60, 61, 65, 66, 67, 68, 70] - 7268, [1, 3, 13, 31, 33, 49, 55, 57, 70] - 3745, [1, 2, 3, 12, 14, 22, 25, 26, 31, 32, 37, 42, 50, 53, 61, 63, 70] - 5556, [1, 3, 13, 22, 24, 34, 35, 49, 55, 57, 70] - 4686, [1, 4, 10, 11, 20, 29, 38, 43, 51, 59, 60, 65, 67, 68, 70] - 6215, [1, 3, 12, 22, 33, 39, 44, 45, 57, 70] - 4588, [1, 3, 9, 21, 31, 32, 37, 42, 51, 59, 66, 67, 69, 70] - 5755, [1, 2, 9, 21, 31, 40, 41, 46, 47, 49, 58, 62, 70] - 4593]
melhor indiv??duo da gera????o:[1, 3, 12, 22, 25, 33, 49, 58, 62, 70] - 3532
gera????o: 22: 
[[1, 2, 3, 12, 13, 23, 33, 49, 58, 62, 70] - 3686, [1, 3, 12, 22, 23, 33, 47, 55, 58, 62, 70] - 3634, [1, 3, 23, 33, 47, 49, 58, 62, 70] - 3717, [1, 3, 23, 25, 33, 49, 58, 62, 70] - 3619, [1, 3, 12, 22, 25, 33, 49, 58, 62, 70] - 3532, [1, 3, 23, 25, 33, 41, 45, 57, 70] - 3790, [1, 2, 3, 23, 33, 49, 55, 57, 70] - 3674, [1, 3, 23, 31, 40, 44, 56, 63, 70] - 3814, [1, 3, 13, 40, 44, 45, 57, 70] - 3838, [1, 3, 12, 13, 40, 41, 45, 57, 70] - 3808, [1, 3, 9, 21, 22, 33, 49, 55, 56, 60, 61, 65, 66, 67, 68, 70] - 7268, [1, 3, 13, 31, 33, 49, 55, 57, 70] - 3745, [1, 3, 13, 22, 24, 34, 35, 49, 55, 57, 70] - 4686, [1, 3, 12, 22, 33, 39, 44, 45, 57, 70] - 4588, [1, 2, 9, 21, 31, 40, 41, 46, 47, 49, 58, 62, 70] - 4593, [1, 2, 4, 10, 11, 20, 32, 40, 41, 47, 49, 55, 58, 62, 70] - 5088, [1, 3, 12, 13, 22, 25, 33, 49, 55, 56, 63, 70] - 4175, [1, 4, 10, 11, 21, 23, 25, 33, 40, 41, 46, 49, 58, 62, 70] - 4989, [1, 4, 10, 20, 21, 22, 33, 34, 41, 47, 56, 60, 64, 66, 67, 69, 70] - 7444]
melhor indiv??duo da gera????o:[1, 3, 12, 22, 25, 33, 49, 58, 62, 70] - 3532
gera????o: 23: 
[[1, 2, 3, 12, 13, 23, 33, 49, 58, 62, 70] - 3686, [1, 3, 12, 22, 23, 33, 47, 55, 58, 62, 70] - 3634, [1, 3, 23, 33, 47, 49, 58, 62, 70] - 3717, [1, 3, 23, 25, 33, 49, 58, 62, 70] - 3619, [1, 3, 12, 22, 25, 33, 49, 58, 62, 70] - 3532, [1, 3, 23, 25, 33, 41, 45, 57, 70] - 3790, [1, 2, 3, 23, 33, 49, 55, 57, 70] - 3674, [1, 3, 23, 31, 40, 44, 56, 63, 70] - 3814, [1, 3, 13, 40, 44, 45, 57, 70] - 3838, [1, 3, 12, 13, 40, 41, 45, 57, 70] - 3808, [1, 3, 13, 31, 33, 49, 55, 57, 70] - 3745, [1, 3, 12, 22, 33, 39, 44, 45, 57, 70] - 4588, [1, 2, 4, 10, 11, 20, 32, 40, 41, 47, 49, 55, 58, 62, 70] - 5088, [1, 4, 10, 11, 21, 23, 25, 33, 40, 41, 46, 49, 58, 62, 70] - 4989, [1, 4, 10, 11, 21, 23, 25, 33, 47, 49, 58, 62, 70] - 4131, [1, 3, 23, 33, 49, 55, 58, 62, 70] - 3683, [1, 4, 11, 21, 22, 25, 26, 28, 36, 48, 58, 62, 70] - 4709, [1, 2, 9, 13, 31, 41, 47, 55, 56, 60, 61, 65, 66, 67, 69, 70] - 7047, [1, 2, 9, 13, 40, 41, 45, 57, 70] - 3733, [1, 2, 3, 5, 12, 22, 33, 40, 44, 55, 58, 62, 70] - 4485, [1, 2, 9, 21, 22, 25, 33, 34, 35, 46, 47, 55, 57, 70] - 4538, [1, 2, 4, 10, 20, 31, 32, 37, 42, 43, 51, 59, 66, 67, 68, 70] - 6326, [1, 4, 10, 20, 39, 56, 61, 68, 70] - 4655]
melhor indiv??duo da gera????o:[1, 3, 12, 22, 25, 33, 49, 58, 62, 70] - 3532
gera????o: 24: 
[[1, 2, 3, 12, 13, 23, 33, 49, 58, 62, 70] - 3686, [1, 3, 12, 22, 23, 33, 47, 55, 58, 62, 70] - 3634, [1, 3, 23, 33, 47, 49, 58, 62, 70] - 3717, [1, 3, 23, 25, 33, 49, 58, 62, 70] - 3619, [1, 3, 12, 22, 25, 33, 49, 58, 62, 70] - 3532, [1, 3, 23, 25, 33, 41, 45, 57, 70] - 3790, [1, 2, 3, 23, 33, 49, 55, 57, 70] - 3674, [1, 3, 23, 31, 40, 44, 56, 63, 70] - 3814, [1, 3, 13, 40, 44, 45, 57, 70] - 3838, [1, 3, 12, 13, 40, 41, 45, 57, 70] - 3808, [1, 3, 13, 31, 33, 49, 55, 57, 70] - 3745, [1, 2, 4, 10, 11, 20, 32, 40, 41, 47, 49, 55, 58, 62, 70] - 5088, [1, 4, 10, 11, 21, 23, 25, 33, 47, 49, 58, 62, 70] - 4131, [1, 3, 23, 33, 49, 55, 58, 62, 70] - 3683, [1, 2, 9, 13, 31, 41, 47, 55, 56, 60, 61, 65, 66, 67, 69, 70] - 7047, [1, 2, 9, 13, 40, 41, 45, 57, 70] - 3733, [1, 2, 9, 21, 22, 25, 33, 34, 35, 46, 47, 55, 57, 70] - 4538, [1, 4, 10, 20, 39, 56, 61, 68, 70] - 4655, [1, 2, 3, 13, 14, 25, 33, 41, 45, 56, 61, 65, 66, 67, 69, 70] - 6003, [1, 2, 9, 11, 21, 23, 25, 26, 34, 46, 47, 56, 61, 68, 70] - 4916, [1, 4, 11, 21, 22, 33, 46, 47, 56, 57, 70] - 4947, [1, 3, 12, 22, 33, 40, 44, 56, 60, 64, 65, 67, 68, 70] - 6419]
melhor indiv??duo da gera????o:[1, 3, 12, 22, 25, 33, 49, 58, 62, 70] - 3532
gera????o: 25: 
[[1, 2, 3, 12, 13, 23, 33, 49, 58, 62, 70] - 3686, [1, 3, 12, 22, 23, 33, 47, 55, 58, 62, 70] - 3634, [1, 3, 23, 33, 47, 49, 58, 62, 70] - 3717, [1, 3, 23, 25, 33, 49, 58, 62, 70] - 3619, [1, 3, 12, 22, 25, 33, 49, 58, 62, 70] - 3532, [1, 3, 23, 25, 33, 41, 45, 57, 70] - 3790, [1, 2, 3, 23, 33, 49, 55, 57, 70] - 3674, [1, 3, 23, 31, 40, 44, 56, 63, 70] - 3814, [1, 3, 13, 40, 44, 45, 57, 70] - 3838, [1, 3, 12, 13, 40, 41, 45, 57, 70] - 3808, [1, 3, 13, 31, 33, 49, 55, 57, 70] - 3745, [1, 4, 10, 11, 21, 23, 25, 33, 47, 49, 58, 62, 70] - 4131, [1, 3, 23, 33, 49, 55, 58, 62, 70] - 3683, [1, 2, 9, 13, 40, 41, 45, 57, 70] - 3733, [1, 4, 10, 20, 39, 56, 61, 68, 70] - 4655, [1, 2, 9, 11, 21, 23, 25, 26, 34, 46, 47, 56, 61, 68, 70] - 4916, [1, 3, 12, 22, 33, 40, 44, 56, 60, 64, 65, 67, 68, 70] - 6419, [1, 2, 3, 5, 6, 7, 18, 24, 27, 28, 36, 48, 49, 58, 62, 70] - 5422, [1, 2, 4, 11, 21, 31, 32, 39, 42, 50, 53, 61, 68, 70] - 5289, [1, 2, 3, 5, 6, 26, 34, 35, 49, 55, 58, 62, 70] - 4323, [1, 3, 5, 12, 13, 40, 44, 45, 56, 57, 70] - 4180]
melhor indiv??duo da gera????o:[1, 3, 12, 22, 25, 33, 49, 58, 62, 70] - 3532
gera????o: 26: 
[[1, 3, 12, 22, 23, 33, 47, 55, 58, 62, 70] - 3634, [1, 3, 23, 25, 33, 49, 58, 62, 70] - 3619, [1, 3, 12, 22, 25, 33, 49, 58, 62, 70] - 3532, [1, 2, 3, 23, 33, 49, 55, 57, 70] - 3674, [1, 3, 13, 40, 44, 45, 57, 70] - 3838, [1, 3, 13, 31, 33, 49, 55, 57, 70] - 3745, [1, 3, 23, 33, 49, 55, 58, 62, 70] - 3683, [1, 4, 10, 20, 39, 56, 61, 68, 70] - 4655, [1, 3, 12, 22, 33, 40, 44, 56, 60, 64, 65, 67, 68, 70] - 6419, [1, 2, 4, 11, 21, 31, 32, 39, 42, 50, 53, 61, 68, 70] - 5289, [1, 3, 5, 12, 13, 40, 44, 45, 56, 57, 70] - 4180, [1, 3, 23, 33, 49, 55, 57, 70] - 3541, [1, 4, 11, 21, 23, 25, 26, 34, 41, 44, 56, 61, 68, 70] - 5262, [1, 3, 13, 22, 33, 46, 47, 55, 57, 70] - 4006, [1, 4, 11, 20, 39, 50, 53, 60, 64, 66, 67, 68, 70] - 5885]
melhor indiv??duo da gera????o:[1, 3, 12, 22, 25, 33, 49, 58, 62, 70] - 3532
gera????o: 27: 
[[1, 3, 12, 22, 23, 33, 47, 55, 58, 62, 70] - 3634, [1, 3, 23, 25, 33, 49, 58, 62, 70] - 3619, [1, 3, 12, 22, 25, 33, 49, 58, 62, 70] - 3532, [1, 2, 3, 23, 33, 49, 55, 57, 70] - 3674, [1, 3, 13, 40, 44, 45, 57, 70] - 3838, [1, 3, 13, 31, 33, 49, 55, 57, 70] - 3745, [1, 3, 23, 33, 49, 55, 58, 62, 70] - 3683, [1, 3, 12, 22, 33, 40, 44, 56, 60, 64, 65, 67, 68, 70] - 6419, [1, 3, 5, 12, 13, 40, 44, 45, 56, 57, 70] - 4180, [1, 3, 23, 33, 49, 55, 57, 70] - 3541, [1, 3, 13, 22, 33, 46, 47, 55, 57, 70] - 4006, [1, 4, 11, 20, 31, 33, 34, 35, 36, 49, 55, 57, 70] - 5467, [1, 2, 3, 5, 6, 12, 22, 25, 26, 34, 46, 49, 58, 62, 70] - 4019, [1, 3, 12, 14, 26, 31, 32, 40, 44, 54, 56, 57, 70] - 4815, [1, 3, 12, 14, 26, 34, 46, 49, 58, 62, 70] - 3829, [1, 3, 9, 11, 21, 22, 25, 33, 47, 55, 57, 70] - 3820, [1, 2, 3, 5, 12, 14, 24, 36, 48, 49, 58, 62, 70] - 4782, [1, 2, 3, 5, 6, 12, 14, 26, 31, 33, 46, 49, 55, 57, 70] - 5035]
melhor indiv??duo da gera????o:[1, 3, 12, 22, 25, 33, 49, 58, 62, 70] - 3532
gera????o: 28: 
[[1, 3, 12, 22, 23, 33, 47, 55, 58, 62, 70] - 3634, [1, 3, 23, 25, 33, 49, 58, 62, 70] - 3619, [1, 3, 12, 22, 25, 33, 49, 58, 62, 70] - 3532, [1, 2, 3, 23, 33, 49, 55, 57, 70] - 3674, [1, 3, 13, 40, 44, 45, 57, 70] - 3838, [1, 3, 13, 31, 33, 49, 55, 57, 70] - 3745, [1, 3, 23, 33, 49, 55, 58, 62, 70] - 3683, [1, 3, 5, 12, 13, 40, 44, 45, 56, 57, 70] - 4180, [1, 3, 23, 33, 49, 55, 57, 70] - 3541, [1, 3, 13, 22, 33, 46, 47, 55, 57, 70] - 4006, [1, 2, 3, 5, 6, 12, 22, 25, 26, 34, 46, 49, 58, 62, 70] - 4019, [1, 3, 12, 14, 26, 34, 46, 49, 58, 62, 70] - 3829, [1, 2, 3, 5, 12, 14, 24, 36, 48, 49, 58, 62, 70] - 4782, [1, 3, 13, 14, 24, 36, 48, 58, 62, 70] - 4739, [1, 3, 9, 11, 21, 31, 40, 44, 56, 57, 70] - 4085, [1, 4, 11, 20, 37, 39, 56, 60, 65, 66, 67, 68, 70] - 6859, [1, 2, 4, 10, 11, 21, 22, 25, 26, 31, 41, 45, 57, 70] - 4843, [1, 2, 9, 13, 23, 25, 26, 34, 35, 36, 49, 55, 57, 70] - 4508, [1, 3, 5, 12, 22, 23, 33, 41, 44, 50, 53, 61, 65, 66, 67, 68, 70] - 6150, [1, 2, 3, 5, 6, 8, 17, 18, 24, 28, 36, 49, 58, 62, 70] - 5016, [1, 2, 3, 13, 31, 33, 49, 58, 62, 70] - 3794]
melhor indiv??duo da gera????o:[1, 3, 12, 22, 25, 33, 49, 58, 62, 70] - 3532
gera????o: 29: 
[[1, 3, 12, 22, 23, 33, 47, 55, 58, 62, 70] - 3634, [1, 3, 23, 25, 33, 49, 58, 62, 70] - 3619, [1, 3, 12, 22, 25, 33, 49, 58, 62, 70] - 3532, [1, 2, 3, 23, 33, 49, 55, 57, 70] - 3674, [1, 3, 13, 31, 33, 49, 55, 57, 70] - 3745, [1, 3, 23, 33, 49, 55, 58, 62, 70] - 3683, [1, 3, 23, 33, 49, 55, 57, 70] - 3541, [1, 3, 13, 22, 33, 46, 47, 55, 57, 70] - 4006, [1, 2, 3, 5, 6, 12, 22, 25, 26, 34, 46, 49, 58, 62, 70] - 4019, [1, 3, 12, 14, 26, 34, 46, 49, 58, 62, 70] - 3829, [1, 3, 13, 14, 24, 36, 48, 58, 62, 70] - 4739, [1, 4, 11, 20, 37, 39, 56, 60, 65, 66, 67, 68, 70] - 6859, [1, 2, 9, 13, 23, 25, 26, 34, 35, 36, 49, 55, 57, 70] - 4508, [1, 2, 3, 5, 6, 8, 17, 18, 24, 28, 36, 49, 58, 62, 70] - 5016, [1, 2, 9, 21, 22, 23, 33, 34, 41, 44, 53, 60, 64, 66, 67, 68, 70] - 6498, [1, 2, 3, 13, 21, 23, 25, 33, 49, 58, 62, 70] - 4003, [1, 3, 23, 33, 46, 47, 56, 57, 70] - 4489, [1, 3, 12, 14, 24, 26, 28, 35, 46, 49, 58, 62, 70] - 4789, [1, 2, 4, 10, 20, 31, 41, 47, 56, 63, 70] - 4802]
melhor indiv??duo da gera????o:[1, 3, 12, 22, 25, 33, 49, 58, 62, 70] - 3532
gera????o: 30: 
[[1, 3, 12, 22, 23, 33, 47, 55, 58, 62, 70] - 3634, [1, 3, 23, 25, 33, 49, 58, 62, 70] - 3619, [1, 3, 12, 22, 25, 33, 49, 58, 62, 70] - 3532, [1, 2, 3, 23, 33, 49, 55, 57, 70] - 3674, [1, 3, 13, 31, 33, 49, 55, 57, 70] - 3745, [1, 3, 23, 33, 49, 55, 58, 62, 70] - 3683, [1, 3, 23, 33, 49, 55, 57, 70] - 3541, [1, 3, 13, 22, 33, 46, 47, 55, 57, 70] - 4006, [1, 2, 3, 5, 6, 12, 22, 25, 26, 34, 46, 49, 58, 62, 70] - 4019, [1, 3, 12, 14, 26, 34, 46, 49, 58, 62, 70] - 3829, [1, 4, 11, 20, 37, 39, 56, 60, 65, 66, 67, 68, 70] - 6859, [1, 2, 3, 5, 6, 8, 17, 18, 24, 28, 36, 49, 58, 62, 70] - 5016, [1, 2, 3, 13, 21, 23, 25, 33, 49, 58, 62, 70] - 4003, [1, 3, 12, 14, 24, 26, 28, 35, 46, 49, 58, 62, 70] - 4789, [1, 3, 23, 31, 41, 46, 47, 55, 57, 70] - 4409, [1, 2, 9, 11, 21, 22, 33, 40, 44, 54, 56, 63, 70] - 4195, [1, 2, 3, 23, 25, 26, 28, 34, 35, 49, 58, 62, 70] - 4482, [1, 3, 23, 25, 26, 28, 34, 35, 46, 47, 56, 57, 70] - 5156, [1, 2, 4, 11, 20, 21, 31, 32, 37, 39, 44, 56, 63, 70] - 5327, [1, 3, 12, 13, 21, 23, 31, 41, 46, 47, 55, 56, 57, 70] - 5361, [1, 3, 23, 33, 49, 58, 62, 70] - 3457, [1, 3, 5, 12, 22, 25, 26, 34, 46, 47, 55, 58, 62, 70] - 3964, [1, 3, 13, 22, 24, 26, 31, 33, 47, 49, 55, 56, 60, 65, 67, 69, 70] - 7787]
melhor indiv??duo da gera????o:[1, 3, 23, 33, 49, 58, 62, 70] - 3457
melhor valor ?? da gera????o 24!!!!
______________________________________________________________________________________________________________________________
