gera????o: 1: 
[[1, 4, 10, 20, 21, 23, 33, 46, 49, 55, 57, 70] - 4668, [1, 4, 11, 20, 37, 39, 50, 53, 61, 68, 70] - 4875, [1, 2, 4, 10, 11, 20, 32, 39, 40, 44, 45, 57, 70] - 4717, [1, 2, 4, 10, 20, 21, 31, 41, 44, 56, 63, 70] - 4634, [1, 3, 12, 13, 23, 33, 46, 49, 58, 62, 70] - 3980, [1, 2, 3, 13, 40, 41, 47, 56, 61, 65, 66, 67, 69, 70] - 6259, [1, 3, 12, 14, 22, 25, 26, 34, 41, 46, 47, 55, 58, 62, 70] - 4939, [1, 2, 3, 5, 6, 22, 33, 41, 46, 49, 55, 56, 57, 70] - 5238, [1, 3, 9, 13, 23, 33, 40, 41, 47, 56, 63, 70] - 4714, [1, 2, 4, 10, 20, 31, 33, 39, 42, 52, 59, 66, 67, 69, 70] - 6781, [1, 3, 13, 21, 22, 24, 27, 35, 49, 55, 56, 57, 70] - 5709, [1, 2, 3, 9, 13, 21, 22, 24, 34, 35, 46, 49, 58, 62, 70] - 5249, [1, 4, 10, 20, 39, 56, 63, 70] - 4104, [1, 2, 3, 9, 21, 23, 31, 32, 37, 39, 50, 53, 61, 63, 70] - 4900, [1, 2, 3, 23, 25, 33, 41, 46, 49, 58, 62, 70] - 4506, [1, 3, 13, 23, 31, 41, 45, 56, 60, 64, 66, 67, 68, 70] - 6053, [1, 3, 5, 12, 14, 25, 26, 31, 32, 40, 41, 44, 56, 61, 63, 70] - 5139, [1, 4, 11, 20, 31, 41, 47, 56, 57, 70] - 5285, [1, 3, 12, 22, 25, 33, 39, 42, 43, 51, 59, 64, 66, 67, 68, 70] - 6401, [1, 4, 11, 20, 30, 31, 33, 47, 55, 56, 63, 70] - 4856]
melhor indiv??duo da gera????o:[1, 3, 12, 13, 23, 33, 46, 49, 58, 62, 70] - 3980
gera????o: 2: 
[[1, 4, 10, 20, 21, 23, 33, 46, 49, 55, 57, 70] - 4668, [1, 4, 11, 20, 37, 39, 50, 53, 61, 68, 70] - 4875, [1, 2, 4, 10, 11, 20, 32, 39, 40, 44, 45, 57, 70] - 4717, [1, 2, 4, 10, 20, 21, 31, 41, 44, 56, 63, 70] - 4634, [1, 3, 12, 13, 23, 33, 46, 49, 58, 62, 70] - 3980, [1, 3, 12, 14, 22, 25, 26, 34, 41, 46, 47, 55, 58, 62, 70] - 4939, [1, 3, 9, 13, 23, 33, 40, 41, 47, 56, 63, 70] - 4714, [1, 3, 13, 21, 22, 24, 27, 35, 49, 55, 56, 57, 70] - 5709, [1, 4, 10, 20, 39, 56, 63, 70] - 4104, [1, 2, 3, 23, 25, 33, 41, 46, 49, 58, 62, 70] - 4506, [1, 3, 5, 12, 14, 25, 26, 31, 32, 40, 41, 44, 56, 61, 63, 70] - 5139, [1, 3, 12, 22, 25, 33, 39, 42, 43, 51, 59, 64, 66, 67, 68, 70] - 6401, [1, 4, 11, 20, 30, 31, 33, 47, 55, 56, 63, 70] - 4856, [1, 3, 12, 22, 25, 26, 31, 33, 34, 46, 47, 55, 56, 57, 70] - 5500, [1, 4, 11, 20, 37, 42, 43, 52, 59, 60, 61, 65, 68, 70] - 6248, [1, 2, 9, 13, 31, 41, 45, 56, 57, 70] - 4018, [1, 3, 23, 25, 26, 34, 41, 45, 47, 49, 58, 62, 70] - 4599, [1, 2, 3, 23, 33, 40, 41, 45, 56, 60, 61, 65, 66, 67, 68, 70] - 7113, [1, 2, 9, 11, 21, 31, 32, 37, 42, 52, 53, 60, 65, 66, 67, 69, 70] - 6112, [1, 4, 11, 21, 23, 31, 32, 39, 42, 52, 59, 60, 61, 65, 66, 67, 68, 70] - 7308, [1, 3, 23, 33, 41, 47, 55, 58, 62, 70] - 3921, [1, 3, 23, 25, 33, 49, 55, 58, 62, 70] - 3845, [1, 2, 9, 11, 21, 22, 33, 34, 35, 36, 49, 58, 62, 70] - 4670, [1, 2, 3, 12, 22, 25, 33, 47, 49, 55, 56, 61, 63, 70] - 4680]
melhor indiv??duo da gera????o:[1, 3, 23, 25, 33, 49, 55, 58, 62, 70] - 3845
gera????o: 3: 
[[1, 4, 10, 20, 21, 23, 33, 46, 49, 55, 57, 70] - 4668, [1, 2, 4, 10, 11, 20, 32, 39, 40, 44, 45, 57, 70] - 4717, [1, 2, 4, 10, 20, 21, 31, 41, 44, 56, 63, 70] - 4634, [1, 3, 12, 13, 23, 33, 46, 49, 58, 62, 70] - 3980, [1, 3, 9, 13, 23, 33, 40, 41, 47, 56, 63, 70] - 4714, [1, 4, 10, 20, 39, 56, 63, 70] - 4104, [1, 2, 3, 23, 25, 33, 41, 46, 49, 58, 62, 70] - 4506, [1, 3, 12, 22, 25, 33, 39, 42, 43, 51, 59, 64, 66, 67, 68, 70] - 6401, [1, 3, 12, 22, 25, 26, 31, 33, 34, 46, 47, 55, 56, 57, 70] - 5500, [1, 2, 9, 13, 31, 41, 45, 56, 57, 70] - 4018, [1, 3, 23, 25, 26, 34, 41, 45, 47, 49, 58, 62, 70] - 4599, [1, 2, 9, 11, 21, 31, 32, 37, 42, 52, 53, 60, 65, 66, 67, 69, 70] - 6112, [1, 3, 23, 33, 41, 47, 55, 58, 62, 70] - 3921, [1, 3, 23, 25, 33, 49, 55, 58, 62, 70] - 3845, [1, 2, 3, 12, 22, 25, 33, 47, 49, 55, 56, 61, 63, 70] - 4680, [1, 2, 4, 11, 20, 31, 32, 37, 38, 43, 51, 59, 60, 65, 67, 69, 70] - 6689, [1, 2, 4, 10, 20, 37, 39, 42, 52, 60, 65, 67, 69, 70] - 5674, [1, 3, 12, 14, 25, 33, 46, 49, 58, 62, 70] - 4065, [1, 3, 5, 12, 14, 25, 33, 49, 55, 57, 70] - 3748, [1, 3, 5, 6, 22, 25, 33, 41, 47, 56, 61, 63, 70] - 4518, [1, 3, 9, 13, 23, 33, 39, 56, 63, 70] - 4557]
melhor indiv??duo da gera????o:[1, 3, 5, 12, 14, 25, 33, 49, 55, 57, 70] - 3748
gera????o: 4: 
[[1, 2, 4, 10, 11, 20, 32, 39, 40, 44, 45, 57, 70] - 4717, [1, 3, 12, 13, 23, 33, 46, 49, 58, 62, 70] - 3980, [1, 4, 10, 20, 39, 56, 63, 70] - 4104, [1, 2, 3, 23, 25, 33, 41, 46, 49, 58, 62, 70] - 4506, [1, 3, 12, 22, 25, 26, 31, 33, 34, 46, 47, 55, 56, 57, 70] - 5500, [1, 2, 9, 13, 31, 41, 45, 56, 57, 70] - 4018, [1, 2, 9, 11, 21, 31, 32, 37, 42, 52, 53, 60, 65, 66, 67, 69, 70] - 6112, [1, 3, 23, 33, 41, 47, 55, 58, 62, 70] - 3921, [1, 3, 23, 25, 33, 49, 55, 58, 62, 70] - 3845, [1, 2, 4, 11, 20, 31, 32, 37, 38, 43, 51, 59, 60, 65, 67, 69, 70] - 6689, [1, 3, 12, 14, 25, 33, 46, 49, 58, 62, 70] - 4065, [1, 3, 5, 12, 14, 25, 33, 49, 55, 57, 70] - 3748, [1, 3, 5, 6, 22, 25, 33, 41, 47, 56, 61, 63, 70] - 4518, [1, 2, 9, 13, 22, 25, 33, 40, 44, 50, 53, 61, 68, 70] - 4832, [1, 4, 11, 21, 31, 32, 39, 53, 61, 63, 70] - 4399, [1, 4, 10, 11, 21, 23, 33, 47, 55, 58, 62, 70] - 3823, [1, 2, 9, 11, 21, 31, 40, 41, 46, 47, 49, 58, 62, 70] - 4609, [1, 3, 5, 6, 7, 18, 19, 27, 35, 36, 48, 58, 62, 70] - 4586]
melhor indiv??duo da gera????o:[1, 3, 5, 12, 14, 25, 33, 49, 55, 57, 70] - 3748
gera????o: 5: 
[[1, 3, 12, 13, 23, 33, 46, 49, 58, 62, 70] - 3980, [1, 4, 10, 20, 39, 56, 63, 70] - 4104, [1, 2, 3, 23, 25, 33, 41, 46, 49, 58, 62, 70] - 4506, [1, 2, 9, 13, 31, 41, 45, 56, 57, 70] - 4018, [1, 3, 23, 33, 41, 47, 55, 58, 62, 70] - 3921, [1, 3, 23, 25, 33, 49, 55, 58, 62, 70] - 3845, [1, 3, 12, 14, 25, 33, 46, 49, 58, 62, 70] - 4065, [1, 3, 5, 12, 14, 25, 33, 49, 55, 57, 70] - 3748, [1, 3, 5, 6, 22, 25, 33, 41, 47, 56, 61, 63, 70] - 4518, [1, 4, 11, 21, 31, 32, 39, 53, 61, 63, 70] - 4399, [1, 4, 10, 11, 21, 23, 33, 47, 55, 58, 62, 70] - 3823, [1, 3, 5, 6, 7, 18, 19, 27, 35, 36, 48, 58, 62, 70] - 4586, [1, 3, 13, 21, 31, 41, 45, 47, 55, 58, 62, 70] - 4180, [1, 3, 5, 12, 14, 17, 26, 28, 34, 41, 47, 49, 58, 62, 70] - 5202, [1, 3, 5, 6, 12, 22, 23, 31, 32, 40, 41, 45, 57, 70] - 4123, [1, 3, 12, 22, 33, 40, 41, 46, 47, 56, 63, 70] - 4996, [1, 4, 10, 20, 30, 32, 39, 44, 54, 56, 63, 70] - 4421, [1, 3, 13, 14, 17, 18, 24, 28, 35, 36, 49, 55, 57, 70] - 5418, [1, 4, 10, 20, 29, 38, 43, 52, 53, 60, 64, 66, 67, 69, 70] - 6063, [1, 2, 4, 11, 21, 31, 33, 46, 47, 56, 61, 68, 70] - 5281]
melhor indiv??duo da gera????o:[1, 3, 5, 12, 14, 25, 33, 49, 55, 57, 70] - 3748
gera????o: 6: 
[[1, 3, 12, 13, 23, 33, 46, 49, 58, 62, 70] - 3980, [1, 4, 10, 20, 39, 56, 63, 70] - 4104, [1, 2, 3, 23, 25, 33, 41, 46, 49, 58, 62, 70] - 4506, [1, 2, 9, 13, 31, 41, 45, 56, 57, 70] - 4018, [1, 3, 23, 33, 41, 47, 55, 58, 62, 70] - 3921, [1, 3, 23, 25, 33, 49, 55, 58, 62, 70] - 3845, [1, 3, 12, 14, 25, 33, 46, 49, 58, 62, 70] - 4065, [1, 3, 5, 12, 14, 25, 33, 49, 55, 57, 70] - 3748, [1, 3, 5, 6, 22, 25, 33, 41, 47, 56, 61, 63, 70] - 4518, [1, 4, 11, 21, 31, 32, 39, 53, 61, 63, 70] - 4399, [1, 4, 10, 11, 21, 23, 33, 47, 55, 58, 62, 70] - 3823, [1, 3, 5, 6, 7, 18, 19, 27, 35, 36, 48, 58, 62, 70] - 4586, [1, 3, 13, 21, 31, 41, 45, 47, 55, 58, 62, 70] - 4180, [1, 3, 5, 6, 12, 22, 23, 31, 32, 40, 41, 45, 57, 70] - 4123, [1, 4, 10, 20, 30, 32, 39, 44, 54, 56, 63, 70] - 4421, [1, 4, 10, 20, 29, 38, 43, 52, 53, 60, 64, 66, 67, 69, 70] - 6063, [1, 4, 10, 20, 21, 31, 32, 40, 41, 45, 47, 55, 57, 70] - 4631, [1, 4, 11, 20, 37, 39, 42, 51, 59, 66, 67, 68, 70] - 6240, [1, 4, 10, 11, 20, 30, 31, 41, 47, 55, 57, 70] - 4613, [1, 3, 12, 13, 22, 24, 36, 49, 55, 56, 63, 70] - 5144, [1, 3, 12, 14, 25, 33, 39, 44, 55, 58, 62, 70] - 4962, [1, 2, 9, 11, 21, 22, 24, 26, 33, 46, 47, 55, 58, 62, 70] - 5044, [1, 2, 4, 11, 20, 29, 37, 42, 51, 59, 64, 66, 67, 68, 70] - 6288, [1, 3, 23, 25, 33, 41, 44, 53, 61, 68, 70] - 4890, [1, 2, 4, 10, 11, 20, 37, 39, 42, 52, 53, 54, 56, 61, 63, 70] - 5154]
melhor indiv??duo da gera????o:[1, 3, 5, 12, 14, 25, 33, 49, 55, 57, 70] - 3748
gera????o: 7: 
[[1, 3, 12, 13, 23, 33, 46, 49, 58, 62, 70] - 3980, [1, 4, 10, 20, 39, 56, 63, 70] - 4104, [1, 2, 3, 23, 25, 33, 41, 46, 49, 58, 62, 70] - 4506, [1, 2, 9, 13, 31, 41, 45, 56, 57, 70] - 4018, [1, 3, 23, 33, 41, 47, 55, 58, 62, 70] - 3921, [1, 3, 23, 25, 33, 49, 55, 58, 62, 70] - 3845, [1, 3, 12, 14, 25, 33, 46, 49, 58, 62, 70] - 4065, [1, 3, 5, 12, 14, 25, 33, 49, 55, 57, 70] - 3748, [1, 3, 5, 6, 22, 25, 33, 41, 47, 56, 61, 63, 70] - 4518, [1, 4, 11, 21, 31, 32, 39, 53, 61, 63, 70] - 4399, [1, 4, 10, 11, 21, 23, 33, 47, 55, 58, 62, 70] - 3823, [1, 3, 13, 21, 31, 41, 45, 47, 55, 58, 62, 70] - 4180, [1, 3, 5, 6, 12, 22, 23, 31, 32, 40, 41, 45, 57, 70] - 4123, [1, 4, 10, 20, 30, 32, 39, 44, 54, 56, 63, 70] - 4421, [1, 4, 10, 20, 21, 31, 32, 40, 41, 45, 47, 55, 57, 70] - 4631, [1, 4, 10, 11, 20, 30, 31, 41, 47, 55, 57, 70] - 4613, [1, 3, 12, 14, 25, 33, 39, 44, 55, 58, 62, 70] - 4962, [1, 2, 4, 11, 20, 29, 37, 42, 51, 59, 64, 66, 67, 68, 70] - 6288, [1, 2, 4, 10, 11, 20, 37, 39, 42, 52, 53, 54, 56, 61, 63, 70] - 5154, [1, 2, 3, 9, 11, 21, 31, 40, 41, 45, 57, 70] - 4054, [1, 2, 3, 13, 14, 22, 33, 47, 55, 57, 70] - 3987, [1, 3, 9, 11, 20, 39, 53, 61, 65, 67, 68, 70] - 5943, [1, 2, 9, 21, 22, 23, 31, 33, 46, 47, 49, 55, 57, 70] - 4717, [1, 2, 9, 21, 31, 41, 47, 49, 58, 62, 70] - 4155]
melhor indiv??duo da gera????o:[1, 3, 5, 12, 14, 25, 33, 49, 55, 57, 70] - 3748
gera????o: 8: 
[[1, 3, 12, 13, 23, 33, 46, 49, 58, 62, 70] - 3980, [1, 4, 10, 20, 39, 56, 63, 70] - 4104, [1, 2, 9, 13, 31, 41, 45, 56, 57, 70] - 4018, [1, 3, 23, 33, 41, 47, 55, 58, 62, 70] - 3921, [1, 3, 23, 25, 33, 49, 55, 58, 62, 70] - 3845, [1, 3, 12, 14, 25, 33, 46, 49, 58, 62, 70] - 4065, [1, 3, 5, 12, 14, 25, 33, 49, 55, 57, 70] - 3748, [1, 4, 11, 21, 31, 32, 39, 53, 61, 63, 70] - 4399, [1, 4, 10, 11, 21, 23, 33, 47, 55, 58, 62, 70] - 3823, [1, 3, 13, 21, 31, 41, 45, 47, 55, 58, 62, 70] - 4180, [1, 3, 5, 6, 12, 22, 23, 31, 32, 40, 41, 45, 57, 70] - 4123, [1, 4, 10, 20, 21, 31, 32, 40, 41, 45, 47, 55, 57, 70] - 4631, [1, 3, 12, 14, 25, 33, 39, 44, 55, 58, 62, 70] - 4962, [1, 2, 4, 10, 11, 20, 37, 39, 42, 52, 53, 54, 56, 61, 63, 70] - 5154, [1, 2, 3, 9, 11, 21, 31, 40, 41, 45, 57, 70] - 4054, [1, 2, 3, 13, 14, 22, 33, 47, 55, 57, 70] - 3987, [1, 2, 9, 21, 22, 23, 31, 33, 46, 47, 49, 55, 57, 70] - 4717, [1, 2, 9, 21, 31, 41, 47, 49, 58, 62, 70] - 4155, [1, 3, 23, 33, 40, 41, 45, 56, 63, 70] - 4067, [1, 2, 4, 10, 20, 32, 37, 39, 44, 56, 61, 68, 70] - 5169, [1, 2, 9, 21, 23, 33, 40, 44, 53, 60, 65, 67, 68, 70] - 6009, [1, 2, 4, 10, 11, 21, 23, 33, 49, 55, 56, 61, 63, 70] - 4541]
melhor indiv??duo da gera????o:[1, 3, 5, 12, 14, 25, 33, 49, 55, 57, 70] - 3748
gera????o: 9: 
[[1, 3, 12, 13, 23, 33, 46, 49, 58, 62, 70] - 3980, [1, 4, 10, 20, 39, 56, 63, 70] - 4104, [1, 2, 9, 13, 31, 41, 45, 56, 57, 70] - 4018, [1, 3, 23, 33, 41, 47, 55, 58, 62, 70] - 3921, [1, 3, 23, 25, 33, 49, 55, 58, 62, 70] - 3845, [1, 3, 12, 14, 25, 33, 46, 49, 58, 62, 70] - 4065, [1, 3, 5, 12, 14, 25, 33, 49, 55, 57, 70] - 3748, [1, 4, 11, 21, 31, 32, 39, 53, 61, 63, 70] - 4399, [1, 4, 10, 11, 21, 23, 33, 47, 55, 58, 62, 70] - 3823, [1, 3, 13, 21, 31, 41, 45, 47, 55, 58, 62, 70] - 4180, [1, 3, 5, 6, 12, 22, 23, 31, 32, 40, 41, 45, 57, 70] - 4123, [1, 3, 12, 14, 25, 33, 39, 44, 55, 58, 62, 70] - 4962, [1, 2, 3, 9, 11, 21, 31, 40, 41, 45, 57, 70] - 4054, [1, 2, 3, 13, 14, 22, 33, 47, 55, 57, 70] - 3987, [1, 2, 9, 21, 31, 41, 47, 49, 58, 62, 70] - 4155, [1, 3, 23, 33, 40, 41, 45, 56, 63, 70] - 4067, [1, 2, 9, 21, 23, 33, 40, 44, 53, 60, 65, 67, 68, 70] - 6009, [1, 4, 10, 20, 21, 31, 40, 44, 55, 56, 61, 65, 68, 70] - 5838, [1, 3, 5, 12, 13, 14, 17, 26, 31, 32, 39, 50, 53, 61, 63, 70] - 5513, [1, 2, 4, 10, 11, 20, 31, 33, 34, 41, 44, 56, 57, 70] - 5598, [1, 2, 4, 11, 21, 31, 32, 39, 50, 53, 54, 56, 63, 70] - 4447]
melhor indiv??duo da gera????o:[1, 3, 5, 12, 14, 25, 33, 49, 55, 57, 70] - 3748
gera????o: 10: 
[[1, 3, 12, 13, 23, 33, 46, 49, 58, 62, 70] - 3980, [1, 4, 10, 20, 39, 56, 63, 70] - 4104, [1, 2, 9, 13, 31, 41, 45, 56, 57, 70] - 4018, [1, 3, 23, 33, 41, 47, 55, 58, 62, 70] - 3921, [1, 3, 23, 25, 33, 49, 55, 58, 62, 70] - 3845, [1, 3, 12, 14, 25, 33, 46, 49, 58, 62, 70] - 4065, [1, 3, 5, 12, 14, 25, 33, 49, 55, 57, 70] - 3748, [1, 4, 10, 11, 21, 23, 33, 47, 55, 58, 62, 70] - 3823, [1, 3, 5, 6, 12, 22, 23, 31, 32, 40, 41, 45, 57, 70] - 4123, [1, 2, 3, 9, 11, 21, 31, 40, 41, 45, 57, 70] - 4054, [1, 2, 3, 13, 14, 22, 33, 47, 55, 57, 70] - 3987, [1, 3, 23, 33, 40, 41, 45, 56, 63, 70] - 4067, [1, 4, 10, 20, 21, 31, 40, 44, 55, 56, 61, 65, 68, 70] - 5838, [1, 2, 4, 10, 11, 20, 31, 33, 34, 41, 44, 56, 57, 70] - 5598, [1, 3, 23, 33, 41, 45, 56, 63, 70] - 3703, [1, 3, 12, 22, 23, 33, 49, 58, 62, 70] - 3520, [1, 4, 10, 20, 30, 31, 32, 40, 44, 56, 63, 70] - 4288, [1, 2, 4, 11, 21, 31, 40, 41, 45, 57, 70] - 4086]
melhor indiv??duo da gera????o:[1, 3, 12, 22, 23, 33, 49, 58, 62, 70] - 3520
melhor valor ?? da gera????o 9!!!!
______________________________________________________________________________________________________________________________
