geração: 1: 
[[1, 2, 3, 8, 10, 13, 9, 12, 16, 17, 18, 19, 20] - 90, [1, 2, 4, 10, 13, 19, 20] - 35, [1, 3, 6, 8, 10, 14, 15, 20] - 38, [1, 3, 6, 7, 9, 12, 5, 10, 14, 13, 19, 20] - 66, [1, 3, 8, 10, 12, 16, 17, 19, 20] - 57, [1, 3, 8, 9, 12, 19, 20] - 32, [1, 3, 8, 9, 10, 12, 13, 14, 15, 20] - 53, [1, 6, 8, 3, 5, 2, 4, 10, 13, 14, 15, 20] - 60, [1, 3, 6, 7, 9, 12, 13, 14, 15, 20] - 51, [1, 6, 7, 9, 13, 19, 20] - 41, [1, 3, 5, 12, 13, 14, 15, 20] - 40, [1, 2, 5, 10, 12, 16, 17, 18, 19, 20] - 60, [1, 3, 5, 8, 10, 14, 13, 15, 20] - 44, [1, 2, 4, 10, 12, 5, 8, 9, 16, 17, 18, 19, 20] - 83, [1, 3, 8, 9, 12, 16, 10, 14, 15, 20] - 44, [1, 2, 5, 10, 14, 15, 20] - 29, [1, 2, 5, 12, 16, 10, 14, 13, 9] - 60, [1, 2, 4, 5, 8, 3, 6, 7, 9, 16, 10, 13, 14, 15, 20] - 87, [1, 3, 8, 10, 14, 15, 20] - 32, [1, 3, 5, 8, 9, 12, 16, 17, 18, 13, 14, 15, 20] - 71]
melhor indivíduo da geração:[1, 2, 5, 10, 14, 15, 20] - 29
geração: 2: 
[[1, 2, 4, 10, 13, 19, 20] - 35, [1, 3, 6, 8, 10, 14, 15, 20] - 38, [1, 3, 8, 9, 12, 19, 20] - 32, [1, 6, 7, 9, 13, 19, 20] - 41, [1, 3, 5, 12, 13, 14, 15, 20] - 40, [1, 3, 5, 8, 10, 14, 13, 15, 20] - 44, [1, 3, 8, 9, 12, 16, 10, 14, 15, 20] - 44, [1, 2, 5, 10, 14, 15, 20] - 29, [1, 3, 8, 10, 14, 15, 20] - 32, [1, 3, 5, 10, 12, 13, 19, 20] - 38, [1, 2, 3, 8, 9, 10, 14, 13, 19, 20] - 45, [1, 3, 8, 10, 13, 19, 20] - 36, [1, 6, 8, 9, 12, 13, 15, 20] - 33, [1, 3, 8, 9, 13, 14, 15, 20] - 43, [1, 3, 8, 9, 10, 14, 13, 19, 20] - 40, [1, 3, 5, 8, 9, 13, 15, 20] - 39, [1, 2, 5, 12, 19, 20] - 32, [1, 6, 8, 10, 13, 15, 20] - 39]
melhor indivíduo da geração:[1, 2, 5, 10, 14, 15, 20] - 29
geração: 3: 
[[1, 2, 4, 10, 13, 19, 20] - 35, [1, 3, 6, 8, 10, 14, 15, 20] - 38, [1, 3, 8, 9, 12, 19, 20] - 32, [1, 6, 7, 9, 13, 19, 20] - 41, [1, 3, 5, 12, 13, 14, 15, 20] - 40, [1, 2, 5, 10, 14, 15, 20] - 29, [1, 3, 8, 10, 14, 15, 20] - 32, [1, 3, 5, 10, 12, 13, 19, 20] - 38, [1, 3, 8, 10, 13, 19, 20] - 36, [1, 6, 8, 9, 12, 13, 15, 20] - 33, [1, 3, 8, 9, 10, 14, 13, 19, 20] - 40, [1, 3, 5, 8, 9, 13, 15, 20] - 39, [1, 2, 5, 12, 19, 20] - 32, [1, 6, 8, 10, 13, 15, 20] - 39, [1, 2, 4, 11, 14, 13, 19, 20] - 40, [1, 2, 4, 10, 14, 15, 20] - 31]
melhor indivíduo da geração:[1, 2, 5, 10, 14, 15, 20] - 29
geração: 4: 
[[1, 2, 4, 10, 13, 19, 20] - 35, [1, 3, 6, 8, 10, 14, 15, 20] - 38, [1, 3, 8, 9, 12, 19, 20] - 32, [1, 6, 7, 9, 13, 19, 20] - 41, [1, 3, 5, 12, 13, 14, 15, 20] - 40, [1, 2, 5, 10, 14, 15, 20] - 29, [1, 3, 8, 10, 14, 15, 20] - 32, [1, 3, 5, 10, 12, 13, 19, 20] - 38, [1, 3, 8, 10, 13, 19, 20] - 36, [1, 6, 8, 9, 12, 13, 15, 20] - 33, [1, 3, 8, 9, 10, 14, 13, 19, 20] - 40, [1, 3, 5, 8, 9, 13, 15, 20] - 39, [1, 2, 5, 12, 19, 20] - 32, [1, 6, 8, 10, 13, 15, 20] - 39, [1, 2, 4, 11, 14, 13, 19, 20] - 40, [1, 2, 4, 10, 14, 15, 20] - 31, [1, 6, 8, 9, 12, 19, 20] - 35, [1, 2, 4, 5, 12, 13, 19, 20] - 41, [1, 2, 3, 5, 8, 10, 14, 15, 20] - 43]
melhor indivíduo da geração:[1, 2, 5, 10, 14, 15, 20] - 29
geração: 5: 
[[1, 2, 4, 10, 13, 19, 20] - 35, [1, 3, 6, 8, 10, 14, 15, 20] - 38, [1, 3, 8, 9, 12, 19, 20] - 32, [1, 6, 7, 9, 13, 19, 20] - 41, [1, 3, 5, 12, 13, 14, 15, 20] - 40, [1, 2, 5, 10, 14, 15, 20] - 29, [1, 3, 8, 10, 14, 15, 20] - 32, [1, 3, 5, 10, 12, 13, 19, 20] - 38, [1, 3, 8, 10, 13, 19, 20] - 36, [1, 6, 8, 9, 12, 13, 15, 20] - 33, [1, 3, 8, 9, 10, 14, 13, 19, 20] - 40, [1, 3, 5, 8, 9, 13, 15, 20] - 39, [1, 2, 5, 12, 19, 20] - 32, [1, 6, 8, 10, 13, 15, 20] - 39, [1, 2, 4, 11, 14, 13, 19, 20] - 40, [1, 2, 4, 10, 14, 15, 20] - 31, [1, 6, 8, 9, 12, 19, 20] - 35, [1, 2, 4, 5, 12, 13, 19, 20] - 41, [1, 6, 8, 3, 5, 12, 13, 15, 20] - 39, [1, 2, 5, 12, 13, 14, 10] - 37, [1, 2, 3, 8, 9, 12, 19, 20] - 37]
melhor indivíduo da geração:[1, 2, 5, 10, 14, 15, 20] - 29
geração: 6: 
[[1, 2, 4, 10, 13, 19, 20] - 35, [1, 3, 6, 8, 10, 14, 15, 20] - 38, [1, 3, 8, 9, 12, 19, 20] - 32, [1, 2, 5, 10, 14, 15, 20] - 29, [1, 3, 8, 10, 14, 15, 20] - 32, [1, 3, 5, 10, 12, 13, 19, 20] - 38, [1, 3, 8, 10, 13, 19, 20] - 36, [1, 6, 8, 9, 12, 13, 15, 20] - 33, [1, 2, 5, 12, 19, 20] - 32, [1, 2, 4, 10, 14, 15, 20] - 31, [1, 6, 8, 9, 12, 19, 20] - 35, [1, 2, 5, 12, 13, 14, 10] - 37, [1, 2, 3, 8, 9, 12, 19, 20] - 37, [1, 3, 5, 8, 9, 12, 13, 15, 20] - 36]
melhor indivíduo da geração:[1, 2, 5, 10, 14, 15, 20] - 29
geração: 7: 
[[1, 2, 4, 10, 13, 19, 20] - 35, [1, 3, 6, 8, 10, 14, 15, 20] - 38, [1, 3, 8, 9, 12, 19, 20] - 32, [1, 2, 5, 10, 14, 15, 20] - 29, [1, 3, 8, 10, 14, 15, 20] - 32, [1, 3, 5, 10, 12, 13, 19, 20] - 38, [1, 3, 8, 10, 13, 19, 20] - 36, [1, 6, 8, 9, 12, 13, 15, 20] - 33, [1, 2, 5, 12, 19, 20] - 32, [1, 2, 4, 10, 14, 15, 20] - 31, [1, 6, 8, 9, 12, 19, 20] - 35, [1, 2, 5, 12, 13, 14, 10] - 37, [1, 2, 3, 8, 9, 12, 19, 20] - 37, [1, 3, 5, 8, 9, 12, 13, 15, 20] - 36]
melhor indivíduo da geração:[1, 2, 5, 10, 14, 15, 20] - 29
geração: 8: 
[[1, 2, 4, 10, 13, 19, 20] - 35, [1, 3, 8, 9, 12, 19, 20] - 32, [1, 2, 5, 10, 14, 15, 20] - 29, [1, 3, 8, 10, 14, 15, 20] - 32, [1, 3, 8, 10, 13, 19, 20] - 36, [1, 6, 8, 9, 12, 13, 15, 20] - 33, [1, 2, 5, 12, 19, 20] - 32, [1, 2, 4, 10, 14, 15, 20] - 31, [1, 6, 8, 9, 12, 19, 20] - 35, [1, 2, 5, 12, 13, 14, 10] - 37, [1, 2, 3, 8, 9, 12, 19, 20] - 37, [1, 3, 5, 8, 9, 12, 13, 15, 20] - 36, [1, 3, 5, 10, 14, 15, 20] - 29, [1, 3, 8, 9, 10, 14, 15, 20] - 34, [1, 3, 5, 12, 13, 14, 10] - 37]
melhor indivíduo da geração:[1, 2, 5, 10, 14, 15, 20] - 29
geração: 9: 
[[1, 2, 4, 10, 13, 19, 20] - 35, [1, 3, 8, 9, 12, 19, 20] - 32, [1, 2, 5, 10, 14, 15, 20] - 29, [1, 3, 8, 10, 14, 15, 20] - 32, [1, 3, 8, 10, 13, 19, 20] - 36, [1, 6, 8, 9, 12, 13, 15, 20] - 33, [1, 2, 5, 12, 19, 20] - 32, [1, 2, 4, 10, 14, 15, 20] - 31, [1, 6, 8, 9, 12, 19, 20] - 35, [1, 2, 5, 12, 13, 14, 10] - 37, [1, 2, 3, 8, 9, 12, 19, 20] - 37, [1, 3, 5, 8, 9, 12, 13, 15, 20] - 36, [1, 3, 5, 10, 14, 15, 20] - 29, [1, 3, 8, 9, 10, 14, 15, 20] - 34, [1, 3, 5, 12, 13, 14, 10] - 37]
melhor indivíduo da geração:[1, 2, 5, 10, 14, 15, 20] - 29
geração: 10: 
[[1, 2, 4, 10, 13, 19, 20] - 35, [1, 3, 8, 9, 12, 19, 20] - 32, [1, 2, 5, 10, 14, 15, 20] - 29, [1, 3, 8, 10, 14, 15, 20] - 32, [1, 3, 8, 10, 13, 19, 20] - 36, [1, 6, 8, 9, 12, 13, 15, 20] - 33, [1, 2, 5, 12, 19, 20] - 32, [1, 2, 4, 10, 14, 15, 20] - 31, [1, 6, 8, 9, 12, 19, 20] - 35, [1, 2, 5, 12, 13, 14, 10] - 37, [1, 2, 3, 8, 9, 12, 19, 20] - 37, [1, 3, 5, 8, 9, 12, 13, 15, 20] - 36, [1, 3, 5, 10, 14, 15, 20] - 29, [1, 3, 8, 9, 10, 14, 15, 20] - 34, [1, 3, 5, 12, 13, 14, 10] - 37, [1, 6, 8, 10, 14, 15, 20] - 35]
melhor indivíduo da geração:[1, 2, 5, 10, 14, 15, 20] - 29
melhor valor é da geração 9!!!!
______________________________________________________________________________________________________________________________
