gera????o: 1: 
[[1, 3, 5, 6, 7, 15, 16, 18, 24, 26, 31, 33, 41, 47, 49, 58, 62, 70] - 5673, [1, 4, 10, 20, 32, 40, 41, 45, 47, 49, 58, 62, 70] - 4532, [1, 2, 4, 10, 20, 30, 31, 41, 45, 56, 61, 65, 66, 67, 69, 70] - 6145, [1, 3, 23, 31, 32, 40, 41, 45, 56, 60, 64, 65, 66, 67, 68, 70] - 6800, [1, 3, 23, 25, 33, 34, 46, 49, 58, 62, 70] - 4125, [1, 2, 4, 10, 20, 29, 37, 42, 43, 52, 60, 61, 65, 66, 67, 69, 70] - 6724, [1, 4, 11, 20, 29, 38, 43, 51, 59, 64, 66, 67, 68, 70] - 6158, [1, 2, 9, 21, 31, 33, 40, 41, 46, 49, 55, 58, 62, 70] - 4944, [1, 3, 12, 14, 22, 33, 34, 35, 46, 47, 55, 56, 61, 65, 66, 67, 69, 70] - 6767, [1, 4, 10, 20, 31, 40, 44, 45, 56, 60, 64, 65, 66, 67, 68, 70] - 7048, [1, 4, 11, 20, 21, 22, 25, 26, 28, 34, 35, 46, 47, 49, 58, 62, 70] - 5820, [1, 2, 3, 5, 6, 22, 33, 34, 35, 36, 49, 55, 57, 70] - 4784, [1, 4, 11, 21, 22, 25, 26, 34, 41, 47, 55, 57, 70] - 4637, [1, 2, 9, 13, 22, 33, 49, 55, 58, 62, 70] - 3761, [1, 4, 10, 20, 32, 37, 42, 43, 52, 60, 65, 67, 69, 70] - 6149, [1, 2, 9, 13, 23, 25, 26, 34, 46, 47, 49, 58, 62, 70] - 4192, [1, 4, 11, 21, 22, 25, 33, 39, 40, 41, 45, 47, 55, 57, 70] - 5122, [1, 4, 11, 21, 22, 33, 41, 46, 49, 55, 57, 70] - 4753, [1, 2, 4, 11, 20, 29, 38, 43, 52, 60, 64, 65, 67, 69, 70] - 6523, [1, 4, 10, 11, 20, 21, 31, 41, 45, 47, 55, 58, 62, 70] - 4873]
melhor indiv??duo da gera????o:[1, 2, 9, 13, 22, 33, 49, 55, 58, 62, 70] - 3761
gera????o: 2: 
[[1, 4, 10, 20, 32, 40, 41, 45, 47, 49, 58, 62, 70] - 4532, [1, 3, 23, 31, 32, 40, 41, 45, 56, 60, 64, 65, 66, 67, 68, 70] - 6800, [1, 3, 23, 25, 33, 34, 46, 49, 58, 62, 70] - 4125, [1, 4, 11, 20, 29, 38, 43, 51, 59, 64, 66, 67, 68, 70] - 6158, [1, 2, 9, 21, 31, 33, 40, 41, 46, 49, 55, 58, 62, 70] - 4944, [1, 4, 10, 20, 31, 40, 44, 45, 56, 60, 64, 65, 66, 67, 68, 70] - 7048, [1, 2, 3, 5, 6, 22, 33, 34, 35, 36, 49, 55, 57, 70] - 4784, [1, 4, 11, 21, 22, 25, 26, 34, 41, 47, 55, 57, 70] - 4637, [1, 2, 9, 13, 22, 33, 49, 55, 58, 62, 70] - 3761, [1, 2, 9, 13, 23, 25, 26, 34, 46, 47, 49, 58, 62, 70] - 4192, [1, 4, 11, 21, 22, 33, 41, 46, 49, 55, 57, 70] - 4753, [1, 4, 10, 11, 20, 21, 31, 41, 45, 47, 55, 58, 62, 70] - 4873, [1, 4, 11, 20, 32, 40, 44, 54, 61, 63, 70] - 4429, [1, 3, 23, 25, 26, 33, 41, 44, 55, 58, 62, 70] - 4615, [1, 2, 9, 21, 31, 41, 46, 49, 55, 58, 62, 70] - 4525, [1, 3, 23, 33, 41, 46, 49, 55, 56, 63, 70] - 4755, [1, 4, 10, 20, 21, 23, 31, 40, 44, 54, 56, 57, 70] - 4814, [1, 4, 11, 21, 22, 24, 34, 35, 49, 58, 62, 70] - 4910, [1, 2, 9, 21, 31, 33, 40, 44, 45, 56, 61, 68, 70] - 4794, [1, 2, 3, 13, 14, 22, 24, 26, 31, 40, 41, 46, 47, 49, 58, 62, 70] - 6372, [1, 3, 23, 25, 26, 28, 34, 46, 47, 56, 60, 64, 65, 66, 67, 69, 70] - 7080, [1, 4, 10, 11, 20, 31, 40, 44, 53, 54, 56, 57, 70] - 5129]
melhor indiv??duo da gera????o:[1, 2, 9, 13, 22, 33, 49, 55, 58, 62, 70] - 3761
gera????o: 3: 
[[1, 4, 10, 20, 32, 40, 41, 45, 47, 49, 58, 62, 70] - 4532, [1, 3, 23, 25, 33, 34, 46, 49, 58, 62, 70] - 4125, [1, 2, 9, 21, 31, 33, 40, 41, 46, 49, 55, 58, 62, 70] - 4944, [1, 2, 3, 5, 6, 22, 33, 34, 35, 36, 49, 55, 57, 70] - 4784, [1, 4, 11, 21, 22, 25, 26, 34, 41, 47, 55, 57, 70] - 4637, [1, 2, 9, 13, 22, 33, 49, 55, 58, 62, 70] - 3761, [1, 2, 9, 13, 23, 25, 26, 34, 46, 47, 49, 58, 62, 70] - 4192, [1, 4, 11, 21, 22, 33, 41, 46, 49, 55, 57, 70] - 4753, [1, 4, 11, 20, 32, 40, 44, 54, 61, 63, 70] - 4429, [1, 3, 23, 25, 26, 33, 41, 44, 55, 58, 62, 70] - 4615, [1, 2, 9, 21, 31, 41, 46, 49, 55, 58, 62, 70] - 4525, [1, 3, 23, 33, 41, 46, 49, 55, 56, 63, 70] - 4755, [1, 4, 11, 21, 22, 24, 34, 35, 49, 58, 62, 70] - 4910, [1, 2, 3, 13, 14, 22, 24, 26, 31, 40, 41, 46, 47, 49, 58, 62, 70] - 6372, [1, 4, 10, 11, 20, 31, 40, 44, 53, 54, 56, 57, 70] - 5129, [1, 3, 5, 12, 13, 31, 33, 40, 44, 45, 56, 61, 63, 70] - 4544, [1, 2, 3, 12, 22, 24, 28, 36, 48, 58, 62, 70] - 4639, [1, 3, 13, 23, 33, 47, 56, 63, 70] - 3917, [1, 3, 12, 14, 22, 23, 33, 41, 44, 53, 60, 64, 67, 68, 70] - 5790, [1, 2, 3, 5, 12, 13, 23, 33, 34, 46, 49, 58, 62, 70] - 4218]
melhor indiv??duo da gera????o:[1, 2, 9, 13, 22, 33, 49, 55, 58, 62, 70] - 3761
gera????o: 4: 
[[1, 4, 10, 20, 32, 40, 41, 45, 47, 49, 58, 62, 70] - 4532, [1, 3, 23, 25, 33, 34, 46, 49, 58, 62, 70] - 4125, [1, 2, 3, 5, 6, 22, 33, 34, 35, 36, 49, 55, 57, 70] - 4784, [1, 4, 11, 21, 22, 25, 26, 34, 41, 47, 55, 57, 70] - 4637, [1, 2, 9, 13, 22, 33, 49, 55, 58, 62, 70] - 3761, [1, 2, 9, 13, 23, 25, 26, 34, 46, 47, 49, 58, 62, 70] - 4192, [1, 4, 11, 20, 32, 40, 44, 54, 61, 63, 70] - 4429, [1, 3, 23, 25, 26, 33, 41, 44, 55, 58, 62, 70] - 4615, [1, 2, 9, 21, 31, 41, 46, 49, 55, 58, 62, 70] - 4525, [1, 4, 11, 21, 22, 24, 34, 35, 49, 58, 62, 70] - 4910, [1, 4, 10, 11, 20, 31, 40, 44, 53, 54, 56, 57, 70] - 5129, [1, 3, 5, 12, 13, 31, 33, 40, 44, 45, 56, 61, 63, 70] - 4544, [1, 2, 3, 12, 22, 24, 28, 36, 48, 58, 62, 70] - 4639, [1, 3, 13, 23, 33, 47, 56, 63, 70] - 3917, [1, 2, 3, 5, 12, 13, 23, 33, 34, 46, 49, 58, 62, 70] - 4218, [1, 4, 10, 20, 31, 33, 47, 55, 56, 61, 65, 68, 70] - 5356, [1, 3, 23, 25, 26, 28, 35, 49, 58, 62, 70] - 4132, [1, 3, 9, 21, 22, 33, 49, 58, 62, 70] - 3811, [1, 4, 10, 20, 29, 38, 43, 52, 59, 60, 61, 68, 70] - 5770, [1, 4, 11, 21, 22, 33, 34, 35, 49, 58, 62, 70] - 4602, [1, 3, 9, 11, 20, 37, 39, 40, 44, 56, 61, 65, 68, 70] - 5204, [1, 2, 3, 5, 6, 7, 15, 16, 17, 18, 24, 28, 36, 49, 58, 62, 70] - 5260, [1, 3, 12, 13, 23, 25, 33, 46, 47, 55, 56, 60, 61, 65, 66, 67, 69, 70] - 7305, [1, 3, 12, 22, 24, 28, 34, 35, 46, 49, 58, 62, 70] - 4665, [1, 2, 3, 5, 12, 13, 22, 23, 33, 47, 49, 58, 62, 70] - 4038, [1, 3, 13, 22, 23, 33, 40, 44, 53, 54, 56, 63, 70] - 4585]
melhor indiv??duo da gera????o:[1, 2, 9, 13, 22, 33, 49, 55, 58, 62, 70] - 3761
gera????o: 5: 
[[1, 4, 10, 20, 32, 40, 41, 45, 47, 49, 58, 62, 70] - 4532, [1, 3, 23, 25, 33, 34, 46, 49, 58, 62, 70] - 4125, [1, 4, 11, 21, 22, 25, 26, 34, 41, 47, 55, 57, 70] - 4637, [1, 2, 9, 13, 22, 33, 49, 55, 58, 62, 70] - 3761, [1, 2, 9, 13, 23, 25, 26, 34, 46, 47, 49, 58, 62, 70] - 4192, [1, 4, 11, 20, 32, 40, 44, 54, 61, 63, 70] - 4429, [1, 2, 9, 21, 31, 41, 46, 49, 55, 58, 62, 70] - 4525, [1, 4, 10, 11, 20, 31, 40, 44, 53, 54, 56, 57, 70] - 5129, [1, 2, 3, 12, 22, 24, 28, 36, 48, 58, 62, 70] - 4639, [1, 3, 13, 23, 33, 47, 56, 63, 70] - 3917, [1, 2, 3, 5, 12, 13, 23, 33, 34, 46, 49, 58, 62, 70] - 4218, [1, 3, 23, 25, 26, 28, 35, 49, 58, 62, 70] - 4132, [1, 3, 9, 21, 22, 33, 49, 58, 62, 70] - 3811, [1, 4, 11, 21, 22, 33, 34, 35, 49, 58, 62, 70] - 4602, [1, 2, 3, 5, 6, 7, 15, 16, 17, 18, 24, 28, 36, 49, 58, 62, 70] - 5260, [1, 3, 12, 22, 24, 28, 34, 35, 46, 49, 58, 62, 70] - 4665, [1, 2, 3, 5, 12, 13, 22, 23, 33, 47, 49, 58, 62, 70] - 4038, [1, 4, 11, 21, 22, 24, 34, 46, 47, 56, 57, 70] - 5334, [1, 3, 13, 22, 33, 47, 49, 55, 58, 62, 70] - 4093, [1, 2, 9, 21, 23, 33, 40, 44, 56, 57, 70] - 4227, [1, 3, 23, 33, 34, 46, 47, 49, 58, 62, 70] - 4223, [1, 4, 11, 21, 23, 31, 32, 39, 40, 41, 44, 56, 57, 70] - 5039, [1, 3, 23, 31, 32, 40, 41, 47, 49, 58, 62, 70] - 4437, [1, 3, 13, 14, 24, 34, 46, 49, 58, 62, 70] - 4527, [1, 2, 9, 13, 23, 33, 41, 45, 47, 55, 56, 63, 70] - 4251]
melhor indiv??duo da gera????o:[1, 2, 9, 13, 22, 33, 49, 55, 58, 62, 70] - 3761
gera????o: 6: 
[[1, 4, 10, 20, 32, 40, 41, 45, 47, 49, 58, 62, 70] - 4532, [1, 3, 23, 25, 33, 34, 46, 49, 58, 62, 70] - 4125, [1, 2, 9, 13, 22, 33, 49, 55, 58, 62, 70] - 3761, [1, 2, 9, 13, 23, 25, 26, 34, 46, 47, 49, 58, 62, 70] - 4192, [1, 4, 11, 20, 32, 40, 44, 54, 61, 63, 70] - 4429, [1, 2, 9, 21, 31, 41, 46, 49, 55, 58, 62, 70] - 4525, [1, 2, 3, 12, 22, 24, 28, 36, 48, 58, 62, 70] - 4639, [1, 3, 13, 23, 33, 47, 56, 63, 70] - 3917, [1, 2, 3, 5, 12, 13, 23, 33, 34, 46, 49, 58, 62, 70] - 4218, [1, 3, 23, 25, 26, 28, 35, 49, 58, 62, 70] - 4132, [1, 3, 9, 21, 22, 33, 49, 58, 62, 70] - 3811, [1, 4, 11, 21, 22, 33, 34, 35, 49, 58, 62, 70] - 4602, [1, 3, 12, 22, 24, 28, 34, 35, 46, 49, 58, 62, 70] - 4665, [1, 2, 3, 5, 12, 13, 22, 23, 33, 47, 49, 58, 62, 70] - 4038, [1, 3, 13, 22, 33, 47, 49, 55, 58, 62, 70] - 4093, [1, 2, 9, 21, 23, 33, 40, 44, 56, 57, 70] - 4227, [1, 3, 23, 33, 34, 46, 47, 49, 58, 62, 70] - 4223, [1, 3, 23, 31, 32, 40, 41, 47, 49, 58, 62, 70] - 4437, [1, 3, 13, 14, 24, 34, 46, 49, 58, 62, 70] - 4527, [1, 2, 9, 13, 23, 33, 41, 45, 47, 55, 56, 63, 70] - 4251, [1, 3, 23, 25, 26, 28, 35, 36, 49, 55, 58, 62, 70] - 4669, [1, 2, 4, 11, 20, 37, 38, 43, 52, 53, 54, 56, 60, 65, 67, 68, 70] - 7337, [1, 2, 3, 13, 21, 31, 32, 37, 38, 43, 51, 59, 66, 67, 69, 70] - 5919, [1, 3, 5, 6, 8, 15, 16, 18, 19, 27, 28, 36, 49, 55, 56, 63, 70] - 5266, [1, 3, 13, 14, 26, 34, 35, 46, 49, 55, 56, 63, 70] - 4967]
melhor indiv??duo da gera????o:[1, 2, 9, 13, 22, 33, 49, 55, 58, 62, 70] - 3761
gera????o: 7: 
[[1, 4, 10, 20, 32, 40, 41, 45, 47, 49, 58, 62, 70] - 4532, [1, 3, 23, 25, 33, 34, 46, 49, 58, 62, 70] - 4125, [1, 2, 9, 13, 22, 33, 49, 55, 58, 62, 70] - 3761, [1, 2, 9, 13, 23, 25, 26, 34, 46, 47, 49, 58, 62, 70] - 4192, [1, 4, 11, 20, 32, 40, 44, 54, 61, 63, 70] - 4429, [1, 2, 9, 21, 31, 41, 46, 49, 55, 58, 62, 70] - 4525, [1, 3, 13, 23, 33, 47, 56, 63, 70] - 3917, [1, 2, 3, 5, 12, 13, 23, 33, 34, 46, 49, 58, 62, 70] - 4218, [1, 3, 23, 25, 26, 28, 35, 49, 58, 62, 70] - 4132, [1, 3, 9, 21, 22, 33, 49, 58, 62, 70] - 3811, [1, 3, 12, 22, 24, 28, 34, 35, 46, 49, 58, 62, 70] - 4665, [1, 2, 3, 5, 12, 13, 22, 23, 33, 47, 49, 58, 62, 70] - 4038, [1, 3, 13, 22, 33, 47, 49, 55, 58, 62, 70] - 4093, [1, 2, 9, 21, 23, 33, 40, 44, 56, 57, 70] - 4227, [1, 3, 23, 33, 34, 46, 47, 49, 58, 62, 70] - 4223, [1, 3, 23, 31, 32, 40, 41, 47, 49, 58, 62, 70] - 4437, [1, 3, 13, 14, 24, 34, 46, 49, 58, 62, 70] - 4527, [1, 2, 9, 13, 23, 33, 41, 45, 47, 55, 56, 63, 70] - 4251, [1, 2, 4, 11, 20, 37, 38, 43, 52, 53, 54, 56, 60, 65, 67, 68, 70] - 7337, [1, 3, 5, 6, 8, 15, 16, 18, 19, 27, 28, 36, 49, 55, 56, 63, 70] - 5266, [1, 3, 13, 40, 44, 56, 57, 70] - 3969, [1, 4, 10, 20, 37, 39, 44, 54, 56, 60, 65, 68, 70] - 5549, [1, 3, 9, 21, 22, 24, 34, 41, 44, 54, 61, 63, 70] - 5174, [1, 3, 9, 13, 14, 24, 28, 34, 41, 47, 55, 58, 62, 70] - 5118, [1, 4, 10, 11, 21, 23, 33, 34, 41, 44, 45, 57, 70] - 4792, [1, 2, 4, 11, 21, 23, 25, 33, 34, 41, 46, 47, 55, 56, 61, 68, 70] - 6356]
melhor indiv??duo da gera????o:[1, 2, 9, 13, 22, 33, 49, 55, 58, 62, 70] - 3761
gera????o: 8: 
[[1, 3, 23, 25, 33, 34, 46, 49, 58, 62, 70] - 4125, [1, 2, 9, 13, 22, 33, 49, 55, 58, 62, 70] - 3761, [1, 2, 9, 13, 23, 25, 26, 34, 46, 47, 49, 58, 62, 70] - 4192, [1, 4, 11, 20, 32, 40, 44, 54, 61, 63, 70] - 4429, [1, 3, 13, 23, 33, 47, 56, 63, 70] - 3917, [1, 2, 3, 5, 12, 13, 23, 33, 34, 46, 49, 58, 62, 70] - 4218, [1, 3, 23, 25, 26, 28, 35, 49, 58, 62, 70] - 4132, [1, 3, 9, 21, 22, 33, 49, 58, 62, 70] - 3811, [1, 2, 3, 5, 12, 13, 22, 23, 33, 47, 49, 58, 62, 70] - 4038, [1, 3, 13, 22, 33, 47, 49, 55, 58, 62, 70] - 4093, [1, 2, 9, 21, 23, 33, 40, 44, 56, 57, 70] - 4227, [1, 3, 23, 33, 34, 46, 47, 49, 58, 62, 70] - 4223, [1, 3, 13, 14, 24, 34, 46, 49, 58, 62, 70] - 4527, [1, 2, 9, 13, 23, 33, 41, 45, 47, 55, 56, 63, 70] - 4251, [1, 3, 5, 6, 8, 15, 16, 18, 19, 27, 28, 36, 49, 55, 56, 63, 70] - 5266, [1, 3, 13, 40, 44, 56, 57, 70] - 3969, [1, 3, 9, 21, 22, 24, 34, 41, 44, 54, 61, 63, 70] - 5174, [1, 4, 10, 11, 21, 23, 33, 34, 41, 44, 45, 57, 70] - 4792, [1, 3, 23, 25, 33, 46, 49, 58, 62, 70] - 4046, [1, 4, 11, 20, 39, 53, 60, 61, 65, 68, 70] - 5660, [1, 3, 23, 33, 40, 44, 45, 56, 63, 70] - 4100, [1, 2, 9, 13, 31, 33, 39, 40, 44, 45, 47, 55, 56, 63, 70] - 5268, [1, 3, 23, 33, 49, 55, 57, 70] - 3541, [1, 2, 3, 12, 22, 23, 31, 41, 46, 47, 56, 57, 70] - 5238]
melhor indiv??duo da gera????o:[1, 3, 23, 33, 49, 55, 57, 70] - 3541
gera????o: 9: 
[[1, 3, 23, 25, 33, 34, 46, 49, 58, 62, 70] - 4125, [1, 2, 9, 13, 22, 33, 49, 55, 58, 62, 70] - 3761, [1, 2, 9, 13, 23, 25, 26, 34, 46, 47, 49, 58, 62, 70] - 4192, [1, 3, 13, 23, 33, 47, 56, 63, 70] - 3917, [1, 2, 3, 5, 12, 13, 23, 33, 34, 46, 49, 58, 62, 70] - 4218, [1, 3, 23, 25, 26, 28, 35, 49, 58, 62, 70] - 4132, [1, 3, 9, 21, 22, 33, 49, 58, 62, 70] - 3811, [1, 2, 3, 5, 12, 13, 22, 23, 33, 47, 49, 58, 62, 70] - 4038, [1, 3, 13, 22, 33, 47, 49, 55, 58, 62, 70] - 4093, [1, 2, 9, 21, 23, 33, 40, 44, 56, 57, 70] - 4227, [1, 3, 23, 33, 34, 46, 47, 49, 58, 62, 70] - 4223, [1, 2, 9, 13, 23, 33, 41, 45, 47, 55, 56, 63, 70] - 4251, [1, 3, 13, 40, 44, 56, 57, 70] - 3969, [1, 4, 10, 11, 21, 23, 33, 34, 41, 44, 45, 57, 70] - 4792, [1, 3, 23, 25, 33, 46, 49, 58, 62, 70] - 4046, [1, 3, 23, 33, 40, 44, 45, 56, 63, 70] - 4100, [1, 3, 23, 33, 49, 55, 57, 70] - 3541, [1, 2, 3, 12, 22, 33, 41, 44, 50, 53, 54, 56, 60, 64, 65, 66, 67, 68, 70] - 7189, [1, 3, 12, 22, 24, 34, 41, 45, 57, 70] - 4583, [1, 2, 4, 10, 11, 21, 31, 40, 44, 45, 57, 70] - 4041, [1, 4, 10, 11, 20, 30, 32, 37, 42, 43, 51, 59, 60, 61, 68, 70] - 5876, [1, 3, 5, 12, 14, 24, 36, 48, 58, 62, 70] - 4554]
melhor indiv??duo da gera????o:[1, 3, 23, 33, 49, 55, 57, 70] - 3541
gera????o: 10: 
[[1, 3, 23, 25, 33, 34, 46, 49, 58, 62, 70] - 4125, [1, 2, 9, 13, 22, 33, 49, 55, 58, 62, 70] - 3761, [1, 2, 9, 13, 23, 25, 26, 34, 46, 47, 49, 58, 62, 70] - 4192, [1, 3, 13, 23, 33, 47, 56, 63, 70] - 3917, [1, 2, 3, 5, 12, 13, 23, 33, 34, 46, 49, 58, 62, 70] - 4218, [1, 3, 23, 25, 26, 28, 35, 49, 58, 62, 70] - 4132, [1, 3, 9, 21, 22, 33, 49, 58, 62, 70] - 3811, [1, 2, 3, 5, 12, 13, 22, 23, 33, 47, 49, 58, 62, 70] - 4038, [1, 3, 13, 22, 33, 47, 49, 55, 58, 62, 70] - 4093, [1, 3, 23, 33, 34, 46, 47, 49, 58, 62, 70] - 4223, [1, 3, 13, 40, 44, 56, 57, 70] - 3969, [1, 3, 23, 25, 33, 46, 49, 58, 62, 70] - 4046, [1, 3, 23, 33, 40, 44, 45, 56, 63, 70] - 4100, [1, 3, 23, 33, 49, 55, 57, 70] - 3541, [1, 3, 12, 22, 24, 34, 41, 45, 57, 70] - 4583, [1, 2, 4, 10, 11, 21, 31, 40, 44, 45, 57, 70] - 4041, [1, 3, 5, 12, 14, 24, 36, 48, 58, 62, 70] - 4554, [1, 3, 5, 12, 22, 33, 34, 46, 47, 56, 60, 64, 66, 67, 68, 70] - 6441, [1, 4, 11, 21, 22, 25, 26, 34, 35, 36, 48, 49, 58, 62, 70] - 4851, [1, 2, 4, 11, 20, 31, 41, 46, 47, 56, 63, 70] - 5528, [1, 3, 23, 31, 41, 45, 47, 55, 57, 70] - 3996]
melhor indiv??duo da gera????o:[1, 3, 23, 33, 49, 55, 57, 70] - 3541
gera????o: 11: 
[[1, 3, 23, 25, 33, 34, 46, 49, 58, 62, 70] - 4125, [1, 2, 9, 13, 22, 33, 49, 55, 58, 62, 70] - 3761, [1, 2, 9, 13, 23, 25, 26, 34, 46, 47, 49, 58, 62, 70] - 4192, [1, 3, 13, 23, 33, 47, 56, 63, 70] - 3917, [1, 3, 23, 25, 26, 28, 35, 49, 58, 62, 70] - 4132, [1, 3, 9, 21, 22, 33, 49, 58, 62, 70] - 3811, [1, 2, 3, 5, 12, 13, 22, 23, 33, 47, 49, 58, 62, 70] - 4038, [1, 3, 13, 22, 33, 47, 49, 55, 58, 62, 70] - 4093, [1, 3, 13, 40, 44, 56, 57, 70] - 3969, [1, 3, 23, 25, 33, 46, 49, 58, 62, 70] - 4046, [1, 3, 23, 33, 40, 44, 45, 56, 63, 70] - 4100, [1, 3, 23, 33, 49, 55, 57, 70] - 3541, [1, 2, 4, 10, 11, 21, 31, 40, 44, 45, 57, 70] - 4041, [1, 3, 5, 12, 22, 33, 34, 46, 47, 56, 60, 64, 66, 67, 68, 70] - 6441, [1, 2, 4, 11, 20, 31, 41, 46, 47, 56, 63, 70] - 5528, [1, 3, 23, 31, 41, 45, 47, 55, 57, 70] - 3996, [1, 4, 11, 21, 22, 24, 36, 49, 55, 56, 57, 70] - 5687, [1, 2, 3, 13, 14, 22, 33, 41, 45, 57, 70] - 4186, [1, 3, 5, 6, 7, 18, 24, 26, 31, 33, 46, 49, 55, 56, 61, 65, 68, 70] - 6888, [1, 4, 11, 20, 21, 31, 32, 39, 53, 61, 65, 67, 69, 70] - 6375]
melhor indiv??duo da gera????o:[1, 3, 23, 33, 49, 55, 57, 70] - 3541
gera????o: 12: 
[[1, 3, 23, 25, 33, 34, 46, 49, 58, 62, 70] - 4125, [1, 2, 9, 13, 22, 33, 49, 55, 58, 62, 70] - 3761, [1, 2, 9, 13, 23, 25, 26, 34, 46, 47, 49, 58, 62, 70] - 4192, [1, 3, 13, 23, 33, 47, 56, 63, 70] - 3917, [1, 3, 23, 25, 26, 28, 35, 49, 58, 62, 70] - 4132, [1, 3, 9, 21, 22, 33, 49, 58, 62, 70] - 3811, [1, 2, 3, 5, 12, 13, 22, 23, 33, 47, 49, 58, 62, 70] - 4038, [1, 3, 13, 22, 33, 47, 49, 55, 58, 62, 70] - 4093, [1, 3, 13, 40, 44, 56, 57, 70] - 3969, [1, 3, 23, 25, 33, 46, 49, 58, 62, 70] - 4046, [1, 3, 23, 33, 40, 44, 45, 56, 63, 70] - 4100, [1, 3, 23, 33, 49, 55, 57, 70] - 3541, [1, 2, 4, 10, 11, 21, 31, 40, 44, 45, 57, 70] - 4041, [1, 2, 4, 11, 20, 31, 41, 46, 47, 56, 63, 70] - 5528, [1, 3, 23, 31, 41, 45, 47, 55, 57, 70] - 3996, [1, 2, 3, 13, 14, 22, 33, 41, 45, 57, 70] - 4186, [1, 4, 11, 20, 21, 31, 32, 39, 53, 61, 65, 67, 69, 70] - 6375, [1, 4, 10, 11, 20, 30, 31, 32, 40, 41, 46, 49, 55, 57, 70] - 5273, [1, 4, 10, 11, 20, 31, 32, 40, 44, 54, 56, 57, 70] - 4793, [1, 2, 9, 13, 23, 33, 46, 47, 49, 55, 58, 62, 70] - 4391, [1, 4, 11, 20, 29, 38, 43, 52, 53, 54, 61, 65, 67, 69, 70] - 6519, [1, 2, 3, 23, 25, 26, 33, 34, 46, 49, 55, 57, 70] - 4601, [1, 4, 10, 20, 21, 31, 32, 39, 42, 43, 51, 59, 60, 61, 63, 70] - 5683, [1, 2, 3, 5, 12, 22, 25, 33, 40, 41, 47, 56, 57, 70] - 5010, [1, 4, 10, 11, 21, 23, 31, 40, 41, 46, 47, 56, 63, 70] - 5090, [1, 2, 4, 10, 11, 21, 31, 41, 45, 57, 70] - 3974]
melhor indiv??duo da gera????o:[1, 3, 23, 33, 49, 55, 57, 70] - 3541
gera????o: 13: 
[[1, 3, 23, 25, 33, 34, 46, 49, 58, 62, 70] - 4125, [1, 2, 9, 13, 22, 33, 49, 55, 58, 62, 70] - 3761, [1, 2, 9, 13, 23, 25, 26, 34, 46, 47, 49, 58, 62, 70] - 4192, [1, 3, 13, 23, 33, 47, 56, 63, 70] - 3917, [1, 3, 23, 25, 26, 28, 35, 49, 58, 62, 70] - 4132, [1, 3, 9, 21, 22, 33, 49, 58, 62, 70] - 3811, [1, 2, 3, 5, 12, 13, 22, 23, 33, 47, 49, 58, 62, 70] - 4038, [1, 3, 13, 22, 33, 47, 49, 55, 58, 62, 70] - 4093, [1, 3, 13, 40, 44, 56, 57, 70] - 3969, [1, 3, 23, 25, 33, 46, 49, 58, 62, 70] - 4046, [1, 3, 23, 33, 40, 44, 45, 56, 63, 70] - 4100, [1, 3, 23, 33, 49, 55, 57, 70] - 3541, [1, 2, 4, 10, 11, 21, 31, 40, 44, 45, 57, 70] - 4041, [1, 3, 23, 31, 41, 45, 47, 55, 57, 70] - 3996, [1, 2, 3, 13, 14, 22, 33, 41, 45, 57, 70] - 4186, [1, 4, 10, 11, 20, 30, 31, 32, 40, 41, 46, 49, 55, 57, 70] - 5273, [1, 2, 9, 13, 23, 33, 46, 47, 49, 55, 58, 62, 70] - 4391, [1, 2, 3, 23, 25, 26, 33, 34, 46, 49, 55, 57, 70] - 4601, [1, 2, 3, 5, 12, 22, 25, 33, 40, 41, 47, 56, 57, 70] - 5010, [1, 2, 4, 10, 11, 21, 31, 41, 45, 57, 70] - 3974, [1, 2, 3, 12, 14, 26, 31, 32, 39, 42, 52, 60, 65, 68, 70] - 5763, [1, 4, 11, 20, 30, 32, 37, 42, 51, 59, 64, 65, 66, 67, 69, 70] - 7016, [1, 4, 10, 11, 20, 32, 40, 41, 44, 45, 56, 57, 70] - 4978, [1, 4, 11, 21, 31, 40, 44, 54, 61, 63, 70] - 4014, [1, 3, 9, 11, 20, 31, 40, 41, 44, 53, 54, 61, 65, 68, 70] - 5834, [1, 4, 10, 11, 20, 30, 32, 37, 39, 42, 43, 52, 60, 64, 67, 69, 70] - 6496]
melhor indiv??duo da gera????o:[1, 3, 23, 33, 49, 55, 57, 70] - 3541
gera????o: 14: 
[[1, 3, 23, 25, 33, 34, 46, 49, 58, 62, 70] - 4125, [1, 2, 9, 13, 22, 33, 49, 55, 58, 62, 70] - 3761, [1, 2, 9, 13, 23, 25, 26, 34, 46, 47, 49, 58, 62, 70] - 4192, [1, 3, 13, 23, 33, 47, 56, 63, 70] - 3917, [1, 3, 23, 25, 26, 28, 35, 49, 58, 62, 70] - 4132, [1, 3, 9, 21, 22, 33, 49, 58, 62, 70] - 3811, [1, 2, 3, 5, 12, 13, 22, 23, 33, 47, 49, 58, 62, 70] - 4038, [1, 3, 13, 22, 33, 47, 49, 55, 58, 62, 70] - 4093, [1, 3, 13, 40, 44, 56, 57, 70] - 3969, [1, 3, 23, 25, 33, 46, 49, 58, 62, 70] - 4046, [1, 3, 23, 33, 40, 44, 45, 56, 63, 70] - 4100, [1, 3, 23, 33, 49, 55, 57, 70] - 3541, [1, 2, 4, 10, 11, 21, 31, 40, 44, 45, 57, 70] - 4041, [1, 3, 23, 31, 41, 45, 47, 55, 57, 70] - 3996, [1, 2, 3, 13, 14, 22, 33, 41, 45, 57, 70] - 4186, [1, 2, 9, 13, 23, 33, 46, 47, 49, 55, 58, 62, 70] - 4391, [1, 2, 3, 5, 12, 22, 25, 33, 40, 41, 47, 56, 57, 70] - 5010, [1, 2, 4, 10, 11, 21, 31, 41, 45, 57, 70] - 3974, [1, 4, 11, 20, 30, 32, 37, 42, 51, 59, 64, 65, 66, 67, 69, 70] - 7016, [1, 4, 11, 21, 31, 40, 44, 54, 61, 63, 70] - 4014, [1, 4, 10, 11, 20, 30, 32, 37, 39, 42, 43, 52, 60, 64, 67, 69, 70] - 6496, [1, 3, 5, 6, 12, 22, 25, 33, 39, 53, 54, 56, 57, 70] - 4855, [1, 2, 9, 13, 22, 23, 33, 40, 41, 46, 47, 49, 58, 62, 70] - 4922, [1, 2, 9, 13, 31, 41, 46, 49, 58, 62, 70] - 4288, [1, 2, 9, 13, 40, 44, 50, 53, 54, 56, 63, 70] - 4094, [1, 4, 11, 20, 31, 32, 40, 41, 46, 49, 58, 62, 70] - 5228, [1, 3, 9, 21, 31, 41, 47, 49, 55, 58, 62, 70] - 4536]
melhor indiv??duo da gera????o:[1, 3, 23, 33, 49, 55, 57, 70] - 3541
gera????o: 15: 
[[1, 3, 23, 25, 33, 34, 46, 49, 58, 62, 70] - 4125, [1, 2, 9, 13, 22, 33, 49, 55, 58, 62, 70] - 3761, [1, 2, 9, 13, 23, 25, 26, 34, 46, 47, 49, 58, 62, 70] - 4192, [1, 3, 13, 23, 33, 47, 56, 63, 70] - 3917, [1, 3, 23, 25, 26, 28, 35, 49, 58, 62, 70] - 4132, [1, 3, 9, 21, 22, 33, 49, 58, 62, 70] - 3811, [1, 2, 3, 5, 12, 13, 22, 23, 33, 47, 49, 58, 62, 70] - 4038, [1, 3, 13, 22, 33, 47, 49, 55, 58, 62, 70] - 4093, [1, 3, 13, 40, 44, 56, 57, 70] - 3969, [1, 3, 23, 25, 33, 46, 49, 58, 62, 70] - 4046, [1, 3, 23, 33, 40, 44, 45, 56, 63, 70] - 4100, [1, 3, 23, 33, 49, 55, 57, 70] - 3541, [1, 2, 4, 10, 11, 21, 31, 40, 44, 45, 57, 70] - 4041, [1, 3, 23, 31, 41, 45, 47, 55, 57, 70] - 3996, [1, 2, 3, 13, 14, 22, 33, 41, 45, 57, 70] - 4186, [1, 2, 3, 5, 12, 22, 25, 33, 40, 41, 47, 56, 57, 70] - 5010, [1, 2, 4, 10, 11, 21, 31, 41, 45, 57, 70] - 3974, [1, 4, 11, 21, 31, 40, 44, 54, 61, 63, 70] - 4014, [1, 3, 5, 6, 12, 22, 25, 33, 39, 53, 54, 56, 57, 70] - 4855, [1, 2, 9, 13, 31, 41, 46, 49, 58, 62, 70] - 4288, [1, 2, 9, 13, 40, 44, 50, 53, 54, 56, 63, 70] - 4094, [1, 3, 9, 21, 31, 41, 47, 49, 55, 58, 62, 70] - 4536, [1, 4, 11, 20, 29, 37, 42, 52, 60, 64, 67, 68, 70] - 5693, [1, 2, 3, 9, 11, 20, 29, 38, 43, 51, 59, 60, 61, 68, 70] - 5651, [1, 3, 5, 12, 14, 25, 33, 39, 44, 55, 58, 62, 70] - 4988, [1, 2, 3, 12, 14, 25, 33, 47, 56, 57, 70] - 4376, [1, 2, 4, 11, 21, 23, 33, 49, 58, 62, 70] - 3864]
melhor indiv??duo da gera????o:[1, 3, 23, 33, 49, 55, 57, 70] - 3541
gera????o: 16: 
[[1, 3, 23, 25, 33, 34, 46, 49, 58, 62, 70] - 4125, [1, 2, 9, 13, 22, 33, 49, 55, 58, 62, 70] - 3761, [1, 2, 9, 13, 23, 25, 26, 34, 46, 47, 49, 58, 62, 70] - 4192, [1, 3, 13, 23, 33, 47, 56, 63, 70] - 3917, [1, 3, 23, 25, 26, 28, 35, 49, 58, 62, 70] - 4132, [1, 3, 9, 21, 22, 33, 49, 58, 62, 70] - 3811, [1, 2, 3, 5, 12, 13, 22, 23, 33, 47, 49, 58, 62, 70] - 4038, [1, 3, 13, 22, 33, 47, 49, 55, 58, 62, 70] - 4093, [1, 3, 13, 40, 44, 56, 57, 70] - 3969, [1, 3, 23, 25, 33, 46, 49, 58, 62, 70] - 4046, [1, 3, 23, 33, 40, 44, 45, 56, 63, 70] - 4100, [1, 3, 23, 33, 49, 55, 57, 70] - 3541, [1, 2, 4, 10, 11, 21, 31, 40, 44, 45, 57, 70] - 4041, [1, 3, 23, 31, 41, 45, 47, 55, 57, 70] - 3996, [1, 2, 3, 13, 14, 22, 33, 41, 45, 57, 70] - 4186, [1, 2, 4, 10, 11, 21, 31, 41, 45, 57, 70] - 3974, [1, 4, 11, 21, 31, 40, 44, 54, 61, 63, 70] - 4014, [1, 2, 9, 13, 31, 41, 46, 49, 58, 62, 70] - 4288, [1, 2, 9, 13, 40, 44, 50, 53, 54, 56, 63, 70] - 4094, [1, 4, 11, 20, 29, 37, 42, 52, 60, 64, 67, 68, 70] - 5693, [1, 3, 5, 12, 14, 25, 33, 39, 44, 55, 58, 62, 70] - 4988, [1, 2, 4, 11, 21, 23, 33, 49, 58, 62, 70] - 3864, [1, 3, 12, 22, 23, 33, 39, 44, 54, 61, 63, 70] - 4569, [1, 2, 4, 11, 21, 23, 25, 26, 34, 46, 49, 55, 57, 70] - 4402, [1, 4, 10, 11, 21, 31, 33, 39, 53, 61, 65, 67, 68, 70] - 6310, [1, 3, 13, 21, 22, 33, 34, 46, 49, 58, 62, 70] - 4342, [1, 4, 10, 11, 20, 21, 22, 33, 39, 42, 43, 52, 53, 54, 56, 60, 61, 65, 68, 70] - 8275, [1, 2, 9, 11, 21, 31, 33, 47, 49, 58, 62, 70] - 3876]
melhor indiv??duo da gera????o:[1, 3, 23, 33, 49, 55, 57, 70] - 3541
gera????o: 17: 
[[1, 3, 23, 25, 33, 34, 46, 49, 58, 62, 70] - 4125, [1, 2, 9, 13, 22, 33, 49, 55, 58, 62, 70] - 3761, [1, 2, 9, 13, 23, 25, 26, 34, 46, 47, 49, 58, 62, 70] - 4192, [1, 3, 13, 23, 33, 47, 56, 63, 70] - 3917, [1, 3, 23, 25, 26, 28, 35, 49, 58, 62, 70] - 4132, [1, 3, 9, 21, 22, 33, 49, 58, 62, 70] - 3811, [1, 2, 3, 5, 12, 13, 22, 23, 33, 47, 49, 58, 62, 70] - 4038, [1, 3, 13, 22, 33, 47, 49, 55, 58, 62, 70] - 4093, [1, 3, 13, 40, 44, 56, 57, 70] - 3969, [1, 3, 23, 25, 33, 46, 49, 58, 62, 70] - 4046, [1, 3, 23, 33, 40, 44, 45, 56, 63, 70] - 4100, [1, 3, 23, 33, 49, 55, 57, 70] - 3541, [1, 2, 4, 10, 11, 21, 31, 40, 44, 45, 57, 70] - 4041, [1, 3, 23, 31, 41, 45, 47, 55, 57, 70] - 3996, [1, 2, 3, 13, 14, 22, 33, 41, 45, 57, 70] - 4186, [1, 2, 4, 10, 11, 21, 31, 41, 45, 57, 70] - 3974, [1, 4, 11, 21, 31, 40, 44, 54, 61, 63, 70] - 4014, [1, 2, 9, 13, 31, 41, 46, 49, 58, 62, 70] - 4288, [1, 2, 9, 13, 40, 44, 50, 53, 54, 56, 63, 70] - 4094, [1, 3, 5, 12, 14, 25, 33, 39, 44, 55, 58, 62, 70] - 4988, [1, 2, 4, 11, 21, 23, 33, 49, 58, 62, 70] - 3864, [1, 2, 4, 11, 21, 23, 25, 26, 34, 46, 49, 55, 57, 70] - 4402, [1, 3, 13, 21, 22, 33, 34, 46, 49, 58, 62, 70] - 4342, [1, 2, 9, 11, 21, 31, 33, 47, 49, 58, 62, 70] - 3876, [1, 3, 12, 13, 14, 17, 18, 19, 24, 34, 35, 36, 49, 55, 56, 60, 61, 68, 70] - 7656, [1, 4, 11, 20, 29, 37, 39, 40, 41, 46, 47, 49, 55, 58, 62, 70] - 5785, [1, 4, 11, 20, 30, 31, 32, 40, 44, 45, 57, 70] - 4717, [1, 2, 9, 21, 22, 24, 26, 28, 34, 46, 49, 55, 58, 62, 70] - 5003, [1, 2, 4, 11, 21, 23, 33, 47, 56, 61, 65, 67, 69, 70] - 5726, [1, 2, 4, 10, 11, 21, 22, 24, 34, 35, 49, 58, 62, 70] - 4909]
melhor indiv??duo da gera????o:[1, 3, 23, 33, 49, 55, 57, 70] - 3541
gera????o: 18: 
[[1, 3, 23, 25, 33, 34, 46, 49, 58, 62, 70] - 4125, [1, 2, 9, 13, 22, 33, 49, 55, 58, 62, 70] - 3761, [1, 2, 9, 13, 23, 25, 26, 34, 46, 47, 49, 58, 62, 70] - 4192, [1, 3, 13, 23, 33, 47, 56, 63, 70] - 3917, [1, 3, 23, 25, 26, 28, 35, 49, 58, 62, 70] - 4132, [1, 3, 9, 21, 22, 33, 49, 58, 62, 70] - 3811, [1, 2, 3, 5, 12, 13, 22, 23, 33, 47, 49, 58, 62, 70] - 4038, [1, 3, 13, 22, 33, 47, 49, 55, 58, 62, 70] - 4093, [1, 3, 13, 40, 44, 56, 57, 70] - 3969, [1, 3, 23, 25, 33, 46, 49, 58, 62, 70] - 4046, [1, 3, 23, 33, 40, 44, 45, 56, 63, 70] - 4100, [1, 3, 23, 33, 49, 55, 57, 70] - 3541, [1, 2, 4, 10, 11, 21, 31, 40, 44, 45, 57, 70] - 4041, [1, 3, 23, 31, 41, 45, 47, 55, 57, 70] - 3996, [1, 2, 3, 13, 14, 22, 33, 41, 45, 57, 70] - 4186, [1, 2, 4, 10, 11, 21, 31, 41, 45, 57, 70] - 3974, [1, 4, 11, 21, 31, 40, 44, 54, 61, 63, 70] - 4014, [1, 2, 9, 13, 40, 44, 50, 53, 54, 56, 63, 70] - 4094, [1, 2, 4, 11, 21, 23, 33, 49, 58, 62, 70] - 3864, [1, 3, 13, 21, 22, 33, 34, 46, 49, 58, 62, 70] - 4342, [1, 2, 9, 11, 21, 31, 33, 47, 49, 58, 62, 70] - 3876, [1, 4, 11, 20, 29, 37, 39, 40, 41, 46, 47, 49, 55, 58, 62, 70] - 5785, [1, 2, 9, 21, 22, 24, 26, 28, 34, 46, 49, 55, 58, 62, 70] - 5003, [1, 2, 4, 10, 11, 21, 22, 24, 34, 35, 49, 58, 62, 70] - 4909, [1, 4, 10, 11, 20, 30, 32, 40, 41, 45, 57, 70] - 4416, [1, 4, 10, 20, 21, 22, 24, 26, 28, 34, 46, 47, 56, 57, 70] - 6011, [1, 2, 9, 21, 31, 40, 41, 46, 47, 49, 55, 58, 62, 70] - 4819, [1, 3, 12, 13, 14, 25, 26, 31, 32, 37, 42, 43, 51, 59, 60, 64, 66, 67, 69, 70] - 6706, [1, 2, 9, 11, 20, 31, 33, 41, 45, 56, 63, 70] - 4388, [1, 3, 23, 25, 33, 47, 49, 58, 62, 70] - 3879]
melhor indiv??duo da gera????o:[1, 3, 23, 33, 49, 55, 57, 70] - 3541
gera????o: 19: 
[[1, 3, 23, 25, 33, 34, 46, 49, 58, 62, 70] - 4125, [1, 2, 9, 13, 22, 33, 49, 55, 58, 62, 70] - 3761, [1, 3, 13, 23, 33, 47, 56, 63, 70] - 3917, [1, 3, 23, 25, 26, 28, 35, 49, 58, 62, 70] - 4132, [1, 3, 9, 21, 22, 33, 49, 58, 62, 70] - 3811, [1, 2, 3, 5, 12, 13, 22, 23, 33, 47, 49, 58, 62, 70] - 4038, [1, 3, 13, 22, 33, 47, 49, 55, 58, 62, 70] - 4093, [1, 3, 13, 40, 44, 56, 57, 70] - 3969, [1, 3, 23, 25, 33, 46, 49, 58, 62, 70] - 4046, [1, 3, 23, 33, 40, 44, 45, 56, 63, 70] - 4100, [1, 3, 23, 33, 49, 55, 57, 70] - 3541, [1, 2, 4, 10, 11, 21, 31, 40, 44, 45, 57, 70] - 4041, [1, 3, 23, 31, 41, 45, 47, 55, 57, 70] - 3996, [1, 2, 4, 10, 11, 21, 31, 41, 45, 57, 70] - 3974, [1, 4, 11, 21, 31, 40, 44, 54, 61, 63, 70] - 4014, [1, 2, 9, 13, 40, 44, 50, 53, 54, 56, 63, 70] - 4094, [1, 2, 4, 11, 21, 23, 33, 49, 58, 62, 70] - 3864, [1, 2, 9, 11, 21, 31, 33, 47, 49, 58, 62, 70] - 3876, [1, 2, 9, 21, 22, 24, 26, 28, 34, 46, 49, 55, 58, 62, 70] - 5003, [1, 4, 10, 11, 20, 30, 32, 40, 41, 45, 57, 70] - 4416, [1, 2, 9, 21, 31, 40, 41, 46, 47, 49, 55, 58, 62, 70] - 4819, [1, 2, 9, 11, 20, 31, 33, 41, 45, 56, 63, 70] - 4388, [1, 3, 23, 25, 33, 47, 49, 58, 62, 70] - 3879, [1, 3, 13, 21, 31, 40, 41, 47, 55, 58, 62, 70] - 4223, [1, 3, 12, 13, 31, 41, 45, 57, 70] - 3780, [1, 2, 4, 10, 20, 21, 22, 33, 39, 50, 53, 61, 65, 68, 70] - 6086, [1, 2, 9, 11, 21, 23, 33, 49, 58, 62, 70] - 3544, [1, 4, 10, 20, 32, 37, 39, 56, 60, 64, 65, 66, 67, 69, 70] - 7040, [1, 3, 13, 22, 25, 26, 31, 33, 49, 58, 62, 70] - 4420]
melhor indiv??duo da gera????o:[1, 3, 23, 33, 49, 55, 57, 70] - 3541
gera????o: 20: 
[[1, 2, 9, 13, 22, 33, 49, 55, 58, 62, 70] - 3761, [1, 3, 13, 23, 33, 47, 56, 63, 70] - 3917, [1, 3, 9, 21, 22, 33, 49, 58, 62, 70] - 3811, [1, 2, 3, 5, 12, 13, 22, 23, 33, 47, 49, 58, 62, 70] - 4038, [1, 3, 13, 22, 33, 47, 49, 55, 58, 62, 70] - 4093, [1, 3, 13, 40, 44, 56, 57, 70] - 3969, [1, 3, 23, 25, 33, 46, 49, 58, 62, 70] - 4046, [1, 3, 23, 33, 49, 55, 57, 70] - 3541, [1, 2, 4, 10, 11, 21, 31, 40, 44, 45, 57, 70] - 4041, [1, 3, 23, 31, 41, 45, 47, 55, 57, 70] - 3996, [1, 2, 4, 10, 11, 21, 31, 41, 45, 57, 70] - 3974, [1, 4, 11, 21, 31, 40, 44, 54, 61, 63, 70] - 4014, [1, 2, 9, 13, 40, 44, 50, 53, 54, 56, 63, 70] - 4094, [1, 2, 4, 11, 21, 23, 33, 49, 58, 62, 70] - 3864, [1, 2, 9, 11, 21, 31, 33, 47, 49, 58, 62, 70] - 3876, [1, 4, 10, 11, 20, 30, 32, 40, 41, 45, 57, 70] - 4416, [1, 2, 9, 11, 20, 31, 33, 41, 45, 56, 63, 70] - 4388, [1, 3, 23, 25, 33, 47, 49, 58, 62, 70] - 3879, [1, 3, 12, 13, 31, 41, 45, 57, 70] - 3780, [1, 2, 9, 11, 21, 23, 33, 49, 58, 62, 70] - 3544, [1, 3, 13, 22, 25, 26, 31, 33, 49, 58, 62, 70] - 4420, [1, 2, 3, 12, 14, 25, 33, 39, 44, 50, 53, 60, 64, 67, 68, 70] - 6395, [1, 2, 3, 5, 12, 13, 40, 41, 47, 55, 58, 62, 70] - 4260, [1, 2, 3, 12, 13, 31, 33, 49, 58, 62, 70] - 3797, [1, 3, 9, 13, 40, 41, 45, 57, 70] - 3888, [1, 3, 9, 11, 20, 39, 40, 44, 45, 47, 56, 60, 61, 68, 70] - 6535, [1, 2, 3, 5, 12, 13, 40, 44, 54, 61, 68, 70] - 4312]
melhor indiv??duo da gera????o:[1, 3, 23, 33, 49, 55, 57, 70] - 3541
melhor valor ?? da gera????o 19!!!!
______________________________________________________________________________________________________________________________
