gera????o: 1: 
[[1, 4, 11, 20, 37, 38, 43, 52, 53, 61, 65, 67, 68, 70] - 6572, [1, 2, 9, 13, 14, 24, 36, 49, 58, 62, 70] - 4631, [1, 4, 11, 20, 32, 37, 42, 50, 53, 61, 65, 66, 67, 69, 70] - 6667, [1, 4, 11, 20, 30, 32, 37, 39, 44, 55, 57, 70] - 5145, [1, 3, 23, 33, 49, 58, 62, 70] - 3457, [1, 3, 5, 6, 12, 14, 26, 34, 41, 44, 50, 53, 60, 64, 66, 67, 69, 70] - 5963, [1, 3, 12, 13, 21, 22, 25, 33, 40, 41, 46, 49, 58, 62, 70] - 4978, [1, 4, 10, 20, 31, 40, 41, 45, 57, 70] - 4213, [1, 3, 9, 11, 20, 39, 44, 56, 57, 70] - 4622, [1, 4, 11, 21, 31, 41, 47, 56, 63, 70] - 4521, [1, 2, 3, 5, 6, 7, 8, 17, 26, 28, 34, 46, 49, 58, 62, 70] - 4466, [1, 4, 10, 11, 21, 22, 24, 27, 28, 35, 46, 49, 58, 62, 70] - 5281, [1, 2, 9, 13, 31, 41, 44, 55, 56, 60, 65, 66, 67, 68, 70] - 7063, [1, 3, 13, 14, 24, 28, 36, 48, 49, 55, 57, 70] - 4887, [1, 3, 5, 12, 22, 23, 25, 26, 33, 49, 55, 56, 60, 61, 65, 68, 70] - 6328, [1, 4, 10, 11, 21, 22, 23, 25, 33, 46, 49, 55, 56, 63, 70] - 4979, [1, 3, 13, 21, 22, 25, 33, 41, 46, 47, 49, 55, 56, 57, 70] - 5653, [1, 3, 13, 21, 23, 25, 26, 31, 32, 40, 41, 44, 54, 61, 65, 68, 70] - 5863, [1, 4, 11, 21, 23, 31, 41, 46, 47, 49, 55, 58, 62, 70] - 5253, [1, 3, 23, 31, 41, 44, 50, 53, 54, 61, 68, 70] - 4858]
melhor indiv??duo da gera????o:[1, 3, 23, 33, 49, 58, 62, 70] - 3457
gera????o: 2: 
[[1, 2, 9, 13, 14, 24, 36, 49, 58, 62, 70] - 4631, [1, 4, 11, 20, 30, 32, 37, 39, 44, 55, 57, 70] - 5145, [1, 3, 23, 33, 49, 58, 62, 70] - 3457, [1, 3, 12, 13, 21, 22, 25, 33, 40, 41, 46, 49, 58, 62, 70] - 4978, [1, 4, 10, 20, 31, 40, 41, 45, 57, 70] - 4213, [1, 4, 11, 21, 31, 41, 47, 56, 63, 70] - 4521, [1, 2, 3, 5, 6, 7, 8, 17, 26, 28, 34, 46, 49, 58, 62, 70] - 4466, [1, 2, 9, 13, 31, 41, 44, 55, 56, 60, 65, 66, 67, 68, 70] - 7063, [1, 3, 5, 12, 22, 23, 25, 26, 33, 49, 55, 56, 60, 61, 65, 68, 70] - 6328, [1, 3, 13, 21, 22, 25, 33, 41, 46, 47, 49, 55, 56, 57, 70] - 5653, [1, 4, 11, 21, 23, 31, 41, 46, 47, 49, 55, 58, 62, 70] - 5253, [1, 4, 11, 20, 30, 32, 37, 39, 44, 55, 57, 70] - 5145, [1, 3, 23, 33, 49, 58, 62, 70] - 3457, [1, 3, 13, 21, 23, 25, 26, 31, 32, 40, 41, 44, 54, 61, 65, 68, 70] - 5863, [1, 3, 23, 33, 49, 58, 62, 70] - 3457, [1, 3, 23, 33, 49, 58, 62, 70] - 3457, [1, 2, 3, 5, 6, 7, 8, 17, 26, 28, 34, 46, 49, 58, 62, 70] - 4466, [1, 4, 10, 11, 21, 22, 23, 25, 33, 46, 49, 55, 56, 63, 70] - 4979, [1, 4, 10, 20, 31, 40, 41, 45, 57, 70] - 4213, [1, 4, 11, 20, 30, 32, 37, 39, 44, 55, 57, 70] - 5145, [1, 2, 3, 5, 6, 7, 8, 17, 26, 28, 34, 46, 49, 58, 62, 70] - 4466, [1, 4, 10, 11, 21, 22, 23, 25, 33, 46, 49, 55, 56, 63, 70] - 4979]
melhor indiv??duo da gera????o:[1, 3, 23, 33, 49, 58, 62, 70] - 3457
gera????o: 3: 
[[1, 4, 11, 20, 30, 32, 37, 39, 44, 55, 57, 70] - 5145, [1, 3, 23, 33, 49, 58, 62, 70] - 3457, [1, 4, 10, 20, 31, 40, 41, 45, 57, 70] - 4213, [1, 2, 3, 5, 6, 7, 8, 17, 26, 28, 34, 46, 49, 58, 62, 70] - 4466, [1, 3, 5, 12, 22, 23, 25, 26, 33, 49, 55, 56, 60, 61, 65, 68, 70] - 6328, [1, 4, 11, 21, 23, 31, 41, 46, 47, 49, 55, 58, 62, 70] - 5253, [1, 3, 23, 33, 49, 58, 62, 70] - 3457, [1, 3, 23, 33, 49, 58, 62, 70] - 3457, [1, 3, 23, 33, 49, 58, 62, 70] - 3457, [1, 4, 10, 11, 21, 22, 23, 25, 33, 46, 49, 55, 56, 63, 70] - 4979, [1, 4, 11, 20, 30, 32, 37, 39, 44, 55, 57, 70] - 5145, [1, 4, 10, 11, 21, 22, 23, 25, 33, 46, 49, 55, 56, 63, 70] - 4979, [1, 2, 3, 5, 6, 7, 8, 17, 26, 28, 34, 46, 49, 58, 62, 70] - 4466, [1, 3, 23, 33, 49, 58, 62, 70] - 3457, [1, 3, 23, 33, 49, 58, 62, 70] - 3457, [1, 3, 23, 33, 49, 58, 62, 70] - 3457, [1, 3, 23, 33, 49, 58, 62, 70] - 3457, [1, 3, 23, 33, 49, 58, 62, 70] - 3457]
melhor indiv??duo da gera????o:[1, 3, 23, 33, 49, 58, 62, 70] - 3457
gera????o: 4: 
[[1, 3, 23, 33, 49, 58, 62, 70] - 3457, [1, 2, 3, 5, 6, 7, 8, 17, 26, 28, 34, 46, 49, 58, 62, 70] - 4466, [1, 4, 11, 21, 23, 31, 41, 46, 47, 49, 55, 58, 62, 70] - 5253, [1, 3, 23, 33, 49, 58, 62, 70] - 3457, [1, 3, 23, 33, 49, 58, 62, 70] - 3457, [1, 3, 23, 33, 49, 58, 62, 70] - 3457, [1, 4, 11, 20, 30, 32, 37, 39, 44, 55, 57, 70] - 5145, [1, 2, 3, 5, 6, 7, 8, 17, 26, 28, 34, 46, 49, 58, 62, 70] - 4466, [1, 3, 23, 33, 49, 58, 62, 70] - 3457, [1, 3, 23, 33, 49, 58, 62, 70] - 3457, [1, 3, 23, 33, 49, 58, 62, 70] - 3457, [1, 3, 23, 33, 49, 58, 62, 70] - 3457, [1, 4, 11, 20, 30, 32, 37, 39, 44, 55, 57, 70] - 5145, [1, 3, 23, 33, 49, 58, 62, 70] - 3457, [1, 3, 23, 33, 49, 58, 62, 70] - 3457, [1, 4, 10, 11, 21, 22, 23, 25, 33, 46, 49, 55, 56, 63, 70] - 4979, [1, 3, 23, 33, 49, 58, 62, 70] - 3457, [1, 4, 10, 11, 21, 22, 23, 25, 33, 46, 49, 55, 56, 63, 70] - 4979, [1, 4, 10, 20, 31, 40, 41, 45, 57, 70] - 4213]
melhor indiv??duo da gera????o:[1, 3, 23, 33, 49, 58, 62, 70] - 3457
gera????o: 5: 
[[1, 2, 3, 5, 6, 7, 8, 17, 26, 28, 34, 46, 49, 58, 62, 70] - 4466, [1, 3, 23, 33, 49, 58, 62, 70] - 3457, [1, 3, 23, 33, 49, 58, 62, 70] - 3457, [1, 2, 3, 5, 6, 7, 8, 17, 26, 28, 34, 46, 49, 58, 62, 70] - 4466, [1, 3, 23, 33, 49, 58, 62, 70] - 3457, [1, 3, 23, 33, 49, 58, 62, 70] - 3457, [1, 3, 23, 33, 49, 58, 62, 70] - 3457, [1, 4, 10, 11, 21, 22, 23, 25, 33, 46, 49, 55, 56, 63, 70] - 4979, [1, 4, 10, 11, 21, 22, 23, 25, 33, 46, 49, 55, 56, 63, 70] - 4979, [1, 3, 23, 33, 49, 58, 62, 70] - 3457, [1, 3, 23, 33, 49, 58, 62, 70] - 3457, [1, 4, 11, 20, 30, 32, 37, 39, 44, 55, 57, 70] - 5145, [1, 3, 23, 33, 49, 58, 62, 70] - 3457, [1, 3, 23, 33, 49, 58, 62, 70] - 3457, [1, 3, 23, 33, 49, 58, 62, 70] - 3457, [1, 2, 3, 5, 6, 7, 8, 17, 26, 28, 34, 46, 49, 58, 62, 70] - 4466, [1, 3, 23, 33, 49, 58, 62, 70] - 3457, [1, 3, 23, 33, 49, 58, 62, 70] - 3457]
melhor indiv??duo da gera????o:[1, 3, 23, 33, 49, 58, 62, 70] - 3457
gera????o: 6: 
[[1, 3, 23, 33, 49, 58, 62, 70] - 3457, [1, 2, 3, 5, 6, 7, 8, 17, 26, 28, 34, 46, 49, 58, 62, 70] - 4466, [1, 3, 23, 33, 49, 58, 62, 70] - 3457, [1, 4, 10, 11, 21, 22, 23, 25, 33, 46, 49, 55, 56, 63, 70] - 4979, [1, 3, 23, 33, 49, 58, 62, 70] - 3457, [1, 4, 11, 20, 30, 32, 37, 39, 44, 55, 57, 70] - 5145, [1, 3, 23, 33, 49, 58, 62, 70] - 3457, [1, 2, 3, 5, 6, 7, 8, 17, 26, 28, 34, 46, 49, 58, 62, 70] - 4466, [1, 3, 23, 33, 49, 58, 62, 70] - 3457, [1, 3, 23, 33, 49, 58, 62, 70] - 3457, [1, 3, 23, 33, 49, 58, 62, 70] - 3457, [1, 3, 23, 33, 49, 58, 62, 70] - 3457, [1, 3, 23, 33, 49, 58, 62, 70] - 3457, [1, 3, 23, 33, 49, 58, 62, 70] - 3457, [1, 3, 23, 33, 49, 58, 62, 70] - 3457, [1, 3, 23, 33, 49, 58, 62, 70] - 3457]
melhor indiv??duo da gera????o:[1, 3, 23, 33, 49, 58, 62, 70] - 3457
gera????o: 7: 
[[1, 2, 3, 5, 6, 7, 8, 17, 26, 28, 34, 46, 49, 58, 62, 70] - 4466, [1, 4, 10, 11, 21, 22, 23, 25, 33, 46, 49, 55, 56, 63, 70] - 4979, [1, 4, 11, 20, 30, 32, 37, 39, 44, 55, 57, 70] - 5145, [1, 2, 3, 5, 6, 7, 8, 17, 26, 28, 34, 46, 49, 58, 62, 70] - 4466, [1, 3, 23, 33, 49, 58, 62, 70] - 3457, [1, 3, 23, 33, 49, 58, 62, 70] - 3457, [1, 3, 23, 33, 49, 58, 62, 70] - 3457, [1, 3, 23, 33, 49, 58, 62, 70] - 3457, [1, 3, 23, 33, 49, 58, 62, 70] - 3457, [1, 3, 23, 33, 49, 58, 62, 70] - 3457, [1, 3, 23, 33, 49, 58, 62, 70] - 3457, [1, 3, 23, 33, 49, 58, 62, 70] - 3457, [1, 3, 23, 33, 49, 58, 62, 70] - 3457, [1, 3, 23, 33, 49, 58, 62, 70] - 3457, [1, 3, 23, 33, 49, 58, 62, 70] - 3457]
melhor indiv??duo da gera????o:[1, 3, 23, 33, 49, 58, 62, 70] - 3457
gera????o: 8: 
[[1, 4, 10, 11, 21, 22, 23, 25, 33, 46, 49, 55, 56, 63, 70] - 4979, [1, 2, 3, 5, 6, 7, 8, 17, 26, 28, 34, 46, 49, 58, 62, 70] - 4466, [1, 3, 23, 33, 49, 58, 62, 70] - 3457, [1, 3, 23, 33, 49, 58, 62, 70] - 3457, [1, 3, 23, 33, 49, 58, 62, 70] - 3457, [1, 3, 23, 33, 49, 58, 62, 70] - 3457, [1, 3, 23, 33, 49, 58, 62, 70] - 3457, [1, 3, 23, 33, 49, 58, 62, 70] - 3457, [1, 3, 23, 33, 49, 58, 62, 70] - 3457, [1, 3, 23, 33, 49, 58, 62, 70] - 3457, [1, 3, 23, 33, 49, 58, 62, 70] - 3457, [1, 3, 23, 33, 49, 58, 62, 70] - 3457, [1, 3, 23, 33, 49, 58, 62, 70] - 3457, [1, 3, 23, 33, 49, 58, 62, 70] - 3457]
melhor indiv??duo da gera????o:[1, 3, 23, 33, 49, 58, 62, 70] - 3457
gera????o: 9: 
[[1, 2, 3, 5, 6, 7, 8, 17, 26, 28, 34, 46, 49, 58, 62, 70] - 4466, [1, 3, 23, 33, 49, 58, 62, 70] - 3457, [1, 3, 23, 33, 49, 58, 62, 70] - 3457, [1, 3, 23, 33, 49, 58, 62, 70] - 3457, [1, 3, 23, 33, 49, 58, 62, 70] - 3457, [1, 3, 23, 33, 49, 58, 62, 70] - 3457, [1, 3, 23, 33, 49, 58, 62, 70] - 3457, [1, 4, 10, 11, 21, 22, 23, 25, 33, 46, 49, 55, 56, 63, 70] - 4979, [1, 4, 10, 11, 21, 22, 23, 25, 33, 46, 49, 55, 56, 63, 70] - 4979, [1, 3, 23, 33, 49, 58, 62, 70] - 3457, [1, 2, 3, 5, 6, 7, 8, 17, 26, 28, 34, 46, 49, 58, 62, 70] - 4466, [1, 3, 23, 33, 49, 58, 62, 70] - 3457, [1, 3, 23, 33, 49, 58, 62, 70] - 3457]
melhor indiv??duo da gera????o:[1, 3, 23, 33, 49, 58, 62, 70] - 3457
gera????o: 10: 
[[1, 3, 23, 33, 49, 58, 62, 70] - 3457, [1, 3, 23, 33, 49, 58, 62, 70] - 3457, [1, 3, 23, 33, 49, 58, 62, 70] - 3457, [1, 4, 10, 11, 21, 22, 23, 25, 33, 46, 49, 55, 56, 63, 70] - 4979, [1, 3, 23, 33, 49, 58, 62, 70] - 3457, [1, 3, 23, 33, 49, 58, 62, 70] - 3457, [1, 2, 3, 5, 6, 7, 8, 17, 26, 28, 34, 46, 49, 58, 62, 70] - 4466, [1, 3, 23, 33, 49, 58, 62, 70] - 3457, [1, 4, 10, 11, 21, 22, 23, 25, 33, 46, 49, 55, 56, 63, 70] - 4979, [1, 3, 23, 33, 49, 58, 62, 70] - 3457, [1, 3, 23, 33, 49, 58, 62, 70] - 3457, [1, 3, 23, 33, 49, 58, 62, 70] - 3457]
melhor indiv??duo da gera????o:[1, 3, 23, 33, 49, 58, 62, 70] - 3457
gera????o: 11: 
[[1, 3, 23, 33, 49, 58, 62, 70] - 3457, [1, 4, 10, 11, 21, 22, 23, 25, 33, 46, 49, 55, 56, 63, 70] - 4979, [1, 3, 23, 33, 49, 58, 62, 70] - 3457, [1, 3, 23, 33, 49, 58, 62, 70] - 3457, [1, 3, 23, 33, 49, 58, 62, 70] - 3457, [1, 3, 23, 33, 49, 58, 62, 70] - 3457, [1, 3, 23, 33, 49, 58, 62, 70] - 3457, [1, 3, 23, 33, 49, 58, 62, 70] - 3457, [1, 3, 23, 33, 49, 58, 62, 70] - 3457, [1, 3, 23, 33, 49, 58, 62, 70] - 3457, [1, 3, 23, 33, 49, 58, 62, 70] - 3457]
melhor indiv??duo da gera????o:[1, 3, 23, 33, 49, 58, 62, 70] - 3457
______________________________________________________________________________________________________________________________
