gera????o: 1: 
[[1, 2, 9, 21, 31, 40, 41, 47, 55, 57, 70] - 3901, [1, 2, 3, 23, 33, 47, 56, 63, 70] - 3957, [1, 2, 3, 9, 11, 21, 22, 33, 49, 58, 62, 70] - 3960, [1, 3, 13, 14, 22, 23, 31, 41, 45, 57, 70] - 4288, [1, 2, 9, 11, 20, 21, 23, 33, 49, 55, 57, 70] - 4320, [1, 4, 10, 11, 20, 31, 41, 45, 57, 70] - 4423, [1, 4, 10, 11, 20, 29, 37, 39, 40, 44, 56, 63, 70] - 4564, [1, 3, 9, 13, 22, 33, 46, 47, 49, 55, 58, 62, 70] - 4603, [1, 4, 10, 11, 21, 22, 23, 31, 32, 40, 41, 45, 47, 55, 58, 62, 70] - 4671, [1, 3, 23, 33, 34, 41, 44, 45, 47, 55, 58, 62, 70] - 4824, [1, 2, 4, 10, 20, 37, 38, 43, 51, 59, 60, 61, 63, 70] - 4869, [1, 3, 5, 12, 13, 14, 22, 25, 26, 34, 35, 36, 49, 55, 58, 62, 70] - 4942, [1, 2, 3, 13, 14, 26, 28, 34, 35, 36, 48, 58, 62, 70] - 4958, [1, 2, 3, 13, 21, 22, 23, 33, 40, 41, 45, 56, 61, 68, 70] - 5139, [1, 4, 11, 20, 32, 37, 38, 43, 52, 53, 54, 56, 63, 70] - 5498, [1, 2, 4, 11, 20, 31, 33, 46, 47, 56, 61, 68, 70] - 5807, [1, 3, 5, 6, 26, 31, 33, 47, 56, 60, 65, 68, 70] - 6028, [1, 2, 4, 10, 20, 37, 39, 42, 50, 53, 60, 61, 65, 67, 69, 70] - 6481, [1, 3, 23, 31, 32, 37, 42, 52, 59, 64, 65, 66, 67, 68, 70] - 6746, [1, 4, 10, 20, 30, 32, 40, 44, 50, 53, 60, 61, 65, 66, 67, 68, 70] - 6764]
melhor indiv??duo da gera????o:[1, 2, 9, 21, 31, 40, 41, 47, 55, 57, 70] - 3901
gera????o: 2: 
[[1, 3, 23, 31, 41, 45, 57, 70] - 3854, [1, 2, 9, 21, 31, 40, 41, 47, 55, 57, 70] - 3901, [1, 2, 3, 9, 11, 21, 22, 33, 49, 58, 62, 70] - 3960, [1, 3, 9, 21, 23, 25, 33, 47, 56, 63, 70] - 4212, [1, 2, 9, 11, 20, 21, 23, 33, 49, 55, 57, 70] - 4320, [1, 4, 10, 11, 20, 31, 41, 45, 57, 70] - 4423, [1, 4, 11, 21, 31, 40, 44, 53, 61, 63, 70] - 4483, [1, 3, 9, 13, 22, 33, 46, 47, 49, 55, 58, 62, 70] - 4603, [1, 4, 11, 20, 21, 22, 33, 47, 55, 58, 62, 70] - 4721, [1, 3, 23, 33, 34, 41, 44, 45, 47, 55, 58, 62, 70] - 4824, [1, 3, 5, 12, 13, 14, 22, 25, 26, 34, 35, 36, 49, 55, 58, 62, 70] - 4942, [1, 3, 9, 13, 14, 22, 25, 33, 39, 40, 44, 45, 57, 70] - 5063, [1, 4, 11, 20, 29, 37, 38, 43, 51, 59, 60, 61, 63, 70] - 5325, [1, 4, 10, 20, 31, 40, 41, 46, 47, 55, 56, 57, 70] - 5466, [1, 4, 11, 21, 31, 32, 40, 44, 53, 60, 64, 65, 68, 70] - 5502, [1, 2, 4, 10, 20, 37, 42, 43, 52, 59, 64, 67, 69, 70] - 5933, [1, 2, 3, 9, 11, 20, 29, 37, 42, 43, 52, 60, 64, 66, 67, 69, 70] - 6132, [1, 2, 3, 9, 13, 21, 23, 31, 33, 41, 46, 47, 56, 61, 65, 68, 70] - 6187, [1, 2, 4, 10, 20, 37, 39, 42, 50, 53, 60, 61, 65, 67, 69, 70] - 6481, [1, 4, 10, 20, 30, 32, 40, 44, 50, 53, 60, 61, 65, 66, 67, 68, 70] - 6764, [1, 4, 10, 20, 31, 41, 44, 45, 56, 60, 61, 65, 66, 67, 69, 70] - 7304]
melhor indiv??duo da gera????o:[1, 3, 23, 31, 41, 45, 57, 70] - 3854
gera????o: 3: 
[[1, 2, 9, 21, 31, 40, 41, 47, 55, 57, 70] - 3901, [1, 3, 9, 21, 23, 25, 33, 47, 56, 63, 70] - 4212, [1, 4, 10, 11, 20, 31, 41, 45, 57, 70] - 4423, [1, 2, 3, 9, 21, 23, 31, 33, 46, 47, 55, 57, 70] - 4496, [1, 3, 9, 13, 14, 25, 33, 41, 47, 49, 58, 62, 70] - 4542, [1, 3, 9, 13, 22, 33, 46, 47, 49, 55, 58, 62, 70] - 4603, [1, 4, 11, 20, 21, 22, 33, 47, 55, 58, 62, 70] - 4721, [1, 4, 11, 20, 39, 50, 53, 61, 68, 70] - 4916, [1, 4, 11, 21, 23, 31, 32, 40, 41, 46, 49, 55, 57, 70] - 4995, [1, 4, 10, 11, 21, 22, 25, 33, 39, 40, 41, 44, 56, 63, 70] - 5114, [1, 4, 10, 20, 31, 40, 41, 46, 47, 55, 56, 57, 70] - 5466, [1, 2, 9, 11, 20, 37, 42, 43, 51, 59, 60, 61, 65, 68, 70] - 5519, [1, 2, 4, 10, 20, 37, 42, 43, 52, 59, 64, 67, 69, 70] - 5933, [1, 2, 3, 9, 11, 20, 29, 37, 42, 43, 52, 60, 64, 66, 67, 69, 70] - 6132, [1, 2, 4, 11, 21, 23, 31, 41, 46, 47, 56, 60, 61, 63, 70] - 6378, [1, 4, 10, 20, 30, 32, 40, 44, 50, 53, 60, 61, 65, 66, 67, 68, 70] - 6764]
melhor indiv??duo da gera????o:[1, 2, 9, 21, 31, 40, 41, 47, 55, 57, 70] - 3901
gera????o: 4: 
[[1, 2, 9, 21, 31, 40, 41, 47, 55, 57, 70] - 3901, [1, 3, 13, 40, 41, 47, 49, 58, 62, 70] - 4244, [1, 2, 3, 9, 21, 23, 31, 33, 46, 47, 55, 57, 70] - 4496, [1, 3, 9, 13, 14, 25, 33, 41, 47, 49, 58, 62, 70] - 4542, [1, 3, 9, 13, 22, 33, 46, 47, 49, 55, 58, 62, 70] - 4603, [1, 3, 5, 12, 22, 23, 25, 33, 46, 49, 55, 56, 63, 70] - 4679, [1, 4, 11, 20, 21, 22, 33, 47, 55, 58, 62, 70] - 4721, [1, 2, 9, 21, 23, 25, 26, 28, 34, 35, 46, 49, 55, 58, 62, 70] - 4848, [1, 3, 13, 21, 23, 31, 33, 46, 49, 55, 56, 63, 70] - 4960, [1, 4, 11, 21, 23, 31, 32, 40, 41, 46, 49, 55, 57, 70] - 4995, [1, 4, 11, 21, 23, 33, 40, 41, 44, 55, 56, 63, 70] - 5206, [1, 4, 11, 21, 23, 25, 33, 46, 49, 55, 56, 61, 68, 70] - 5471, [1, 4, 11, 20, 30, 32, 37, 42, 50, 53, 60, 61, 63, 70] - 5618, [1, 2, 4, 11, 20, 39, 50, 53, 60, 64, 67, 68, 70] - 5832, [1, 2, 3, 9, 11, 20, 29, 37, 42, 43, 52, 60, 64, 66, 67, 69, 70] - 6132, [1, 4, 10, 20, 30, 32, 40, 44, 50, 53, 60, 61, 65, 66, 67, 68, 70] - 6764, [1, 2, 4, 10, 20, 31, 32, 37, 38, 43, 52, 60, 64, 65, 66, 67, 68, 70] - 7164]
melhor indiv??duo da gera????o:[1, 2, 9, 21, 31, 40, 41, 47, 55, 57, 70] - 3901
gera????o: 5: 
[[1, 2, 9, 13, 40, 44, 56, 61, 63, 70] - 3870, [1, 2, 4, 11, 21, 31, 33, 49, 55, 57, 70] - 4020, [1, 3, 23, 33, 47, 55, 56, 57, 70] - 4127, [1, 4, 10, 11, 21, 23, 33, 46, 47, 49, 58, 62, 70] - 4396, [1, 3, 9, 13, 14, 25, 33, 41, 47, 49, 58, 62, 70] - 4542, [1, 3, 9, 13, 22, 33, 46, 47, 49, 55, 58, 62, 70] - 4603, [1, 3, 5, 12, 22, 23, 25, 33, 46, 49, 55, 56, 63, 70] - 4679, [1, 3, 9, 11, 20, 29, 37, 42, 50, 53, 54, 61, 63, 70] - 4771, [1, 3, 23, 31, 41, 46, 47, 49, 55, 58, 62, 70] - 4923, [1, 3, 13, 21, 23, 31, 33, 46, 49, 55, 56, 63, 70] - 4960, [1, 2, 9, 11, 20, 30, 31, 32, 40, 41, 46, 49, 55, 57, 70] - 5108, [1, 3, 5, 6, 22, 24, 36, 49, 55, 56, 57, 70] - 5341, [1, 4, 10, 20, 29, 38, 43, 51, 59, 64, 65, 68, 70] - 5436, [1, 4, 11, 20, 30, 32, 37, 42, 50, 53, 60, 61, 63, 70] - 5618, [1, 3, 9, 13, 21, 22, 23, 33, 39, 42, 50, 53, 54, 61, 68, 70] - 5781, [1, 2, 3, 9, 11, 20, 29, 37, 42, 43, 52, 60, 64, 66, 67, 69, 70] - 6132, [1, 4, 11, 20, 37, 39, 42, 51, 59, 60, 65, 67, 68, 70] - 6461, [1, 2, 4, 10, 20, 31, 32, 37, 38, 43, 52, 60, 64, 65, 66, 67, 68, 70] - 7164]
melhor indiv??duo da gera????o:[1, 2, 9, 13, 40, 44, 56, 61, 63, 70] - 3870
gera????o: 6: 
[[1, 3, 12, 13, 21, 23, 33, 49, 58, 62, 70] - 3711, [1, 2, 4, 11, 21, 31, 33, 49, 55, 57, 70] - 4020, [1, 3, 23, 33, 47, 55, 56, 57, 70] - 4127, [1, 3, 12, 22, 25, 33, 46, 47, 49, 58, 62, 70] - 4219, [1, 4, 10, 11, 21, 23, 33, 46, 47, 49, 58, 62, 70] - 4396, [1, 2, 3, 9, 21, 23, 33, 34, 46, 47, 55, 58, 62, 70] - 4436, [1, 3, 9, 13, 22, 33, 46, 47, 49, 55, 58, 62, 70] - 4603, [1, 3, 9, 11, 20, 29, 37, 42, 50, 53, 54, 61, 63, 70] - 4771, [1, 3, 23, 31, 41, 46, 47, 49, 55, 58, 62, 70] - 4923, [1, 3, 13, 14, 25, 26, 31, 40, 44, 55, 58, 62, 70] - 5071, [1, 2, 9, 11, 20, 30, 31, 32, 40, 41, 46, 49, 55, 57, 70] - 5108, [1, 2, 4, 11, 20, 31, 41, 47, 56, 57, 70] - 5362, [1, 4, 11, 20, 30, 32, 37, 42, 50, 53, 60, 61, 63, 70] - 5618, [1, 3, 9, 13, 21, 22, 23, 33, 39, 42, 50, 53, 54, 61, 68, 70] - 5781, [1, 3, 12, 13, 31, 32, 39, 42, 51, 59, 64, 67, 68, 70] - 5876, [1, 3, 5, 6, 22, 24, 26, 31, 41, 44, 53, 61, 68, 70] - 6149, [1, 4, 11, 20, 37, 39, 42, 51, 59, 60, 65, 67, 68, 70] - 6461, [1, 2, 4, 10, 20, 31, 32, 37, 38, 43, 52, 60, 64, 65, 66, 67, 68, 70] - 7164]
melhor indiv??duo da gera????o:[1, 3, 12, 13, 21, 23, 33, 49, 58, 62, 70] - 3711
gera????o: 7: 
[[1, 3, 12, 13, 21, 23, 33, 49, 58, 62, 70] - 3711, [1, 3, 9, 21, 23, 33, 46, 47, 55, 57, 70] - 4082, [1, 3, 12, 22, 25, 33, 46, 47, 49, 58, 62, 70] - 4219, [1, 4, 10, 11, 21, 23, 33, 46, 47, 49, 58, 62, 70] - 4396, [1, 4, 11, 21, 31, 41, 44, 55, 58, 62, 70] - 4541, [1, 3, 9, 21, 23, 25, 33, 34, 46, 47, 49, 58, 62, 70] - 4611, [1, 3, 12, 14, 25, 33, 46, 47, 56, 57, 70] - 4670, [1, 3, 9, 11, 20, 29, 37, 42, 50, 53, 54, 61, 63, 70] - 4771, [1, 3, 23, 31, 41, 46, 47, 49, 55, 58, 62, 70] - 4923, [1, 3, 13, 14, 25, 26, 31, 40, 44, 55, 58, 62, 70] - 5071, [1, 2, 9, 11, 20, 30, 31, 32, 40, 41, 46, 49, 55, 57, 70] - 5108, [1, 2, 4, 11, 20, 31, 41, 47, 56, 57, 70] - 5362, [1, 4, 11, 20, 30, 32, 37, 42, 50, 53, 60, 61, 63, 70] - 5618, [1, 3, 9, 13, 21, 22, 23, 33, 39, 42, 50, 53, 54, 61, 68, 70] - 5781, [1, 3, 5, 6, 22, 24, 26, 31, 41, 44, 53, 61, 68, 70] - 6149, [1, 4, 11, 20, 37, 39, 42, 51, 59, 60, 65, 67, 68, 70] - 6461, [1, 2, 4, 10, 11, 21, 31, 32, 40, 41, 44, 56, 60, 65, 66, 67, 69, 70] - 6622, [1, 2, 4, 10, 20, 31, 32, 37, 38, 43, 52, 60, 64, 65, 66, 67, 68, 70] - 7164]
melhor indiv??duo da gera????o:[1, 3, 12, 13, 21, 23, 33, 49, 58, 62, 70] - 3711
gera????o: 8: 
[[1, 2, 9, 21, 31, 41, 45, 57, 70] - 3716, [1, 2, 4, 11, 21, 31, 41, 45, 57, 70] - 4052, [1, 3, 12, 22, 25, 33, 46, 47, 49, 58, 62, 70] - 4219, [1, 2, 9, 11, 21, 31, 40, 41, 44, 55, 58, 62, 70] - 4332, [1, 3, 12, 13, 23, 31, 41, 46, 49, 58, 62, 70] - 4533, [1, 4, 11, 21, 31, 41, 44, 55, 58, 62, 70] - 4541, [1, 3, 12, 14, 25, 33, 46, 47, 56, 57, 70] - 4670, [1, 3, 9, 11, 20, 29, 37, 42, 50, 53, 54, 61, 63, 70] - 4771, [1, 3, 23, 31, 41, 46, 47, 49, 55, 58, 62, 70] - 4923, [1, 4, 10, 11, 21, 22, 24, 36, 48, 49, 58, 62, 70] - 4958, [1, 2, 3, 13, 22, 25, 26, 34, 35, 46, 47, 56, 57, 70] - 5041, [1, 2, 9, 11, 20, 30, 31, 32, 40, 41, 46, 49, 55, 57, 70] - 5108, [1, 2, 3, 23, 25, 26, 31, 33, 34, 35, 46, 47, 55, 58, 62, 70] - 5547, [1, 2, 4, 10, 20, 29, 38, 43, 51, 59, 66, 67, 69, 70] - 5645, [1, 2, 4, 10, 11, 21, 31, 40, 44, 50, 53, 61, 65, 67, 69, 70] - 5693, [1, 3, 9, 13, 21, 22, 23, 33, 39, 42, 50, 53, 54, 61, 68, 70] - 5781, [1, 4, 10, 11, 21, 31, 32, 37, 42, 52, 59, 64, 65, 67, 69, 70] - 6327, [1, 2, 4, 10, 11, 21, 31, 32, 40, 41, 44, 56, 60, 65, 66, 67, 69, 70] - 6622]
melhor indiv??duo da gera????o:[1, 2, 9, 21, 31, 41, 45, 57, 70] - 3716
gera????o: 9: 
[[1, 2, 3, 12, 22, 33, 49, 55, 57, 70] - 3728, [1, 4, 11, 21, 23, 25, 33, 49, 58, 62, 70] - 3949, [1, 2, 4, 11, 21, 31, 41, 45, 57, 70] - 4052, [1, 2, 9, 21, 22, 23, 25, 33, 46, 49, 58, 62, 70] - 4254, [1, 3, 12, 13, 23, 31, 41, 46, 49, 58, 62, 70] - 4533, [1, 3, 12, 14, 25, 33, 46, 47, 56, 57, 70] - 4670, [1, 3, 9, 11, 20, 29, 37, 42, 50, 53, 54, 61, 63, 70] - 4771, [1, 2, 9, 11, 21, 22, 24, 26, 34, 46, 47, 56, 63, 70] - 4903, [1, 4, 10, 11, 21, 22, 24, 36, 48, 49, 58, 62, 70] - 4958, [1, 2, 3, 13, 22, 25, 26, 34, 35, 46, 47, 56, 57, 70] - 5041, [1, 2, 4, 11, 20, 21, 23, 31, 41, 47, 55, 58, 62, 70] - 5246, [1, 2, 9, 11, 20, 37, 42, 51, 59, 60, 64, 65, 68, 70] - 5329, [1, 3, 5, 6, 17, 18, 24, 27, 28, 34, 46, 47, 56, 57, 70] - 5623, [1, 2, 4, 10, 11, 21, 31, 40, 44, 50, 53, 61, 65, 67, 69, 70] - 5693, [1, 2, 3, 5, 6, 12, 14, 25, 26, 31, 40, 44, 50, 53, 61, 65, 68, 70] - 5826, [1, 4, 11, 20, 32, 37, 38, 43, 51, 59, 66, 67, 69, 70] - 6170, [1, 4, 11, 20, 29, 37, 38, 43, 51, 59, 60, 65, 67, 68, 70] - 6352, [1, 2, 4, 10, 11, 21, 31, 32, 40, 41, 44, 56, 60, 65, 66, 67, 69, 70] - 6622]
melhor indiv??duo da gera????o:[1, 2, 3, 12, 22, 33, 49, 55, 57, 70] - 3728
gera????o: 10: 
[[1, 2, 9, 21, 22, 25, 33, 49, 58, 62, 70] - 3677, [1, 2, 3, 12, 14, 22, 33, 47, 55, 57, 70] - 3776, [1, 2, 4, 11, 21, 31, 41, 45, 57, 70] - 4052, [1, 2, 3, 9, 21, 31, 40, 44, 45, 47, 55, 58, 62, 70] - 4355, [1, 3, 12, 13, 23, 31, 41, 46, 49, 58, 62, 70] - 4533, [1, 3, 13, 23, 25, 26, 28, 36, 48, 49, 55, 57, 70] - 4664, [1, 3, 12, 14, 24, 28, 35, 36, 48, 49, 58, 62, 70] - 4679, [1, 2, 9, 11, 21, 22, 24, 26, 34, 46, 47, 56, 63, 70] - 4903, [1, 2, 4, 10, 11, 21, 22, 23, 33, 47, 49, 55, 56, 61, 63, 70] - 4938, [1, 4, 10, 11, 20, 29, 37, 39, 44, 54, 61, 68, 70] - 4983, [1, 3, 5, 12, 14, 25, 26, 34, 41, 47, 55, 56, 57, 70] - 5063, [1, 2, 9, 11, 20, 37, 42, 51, 59, 60, 64, 65, 68, 70] - 5329, [1, 3, 5, 6, 17, 18, 24, 27, 28, 34, 46, 47, 56, 57, 70] - 5623, [1, 4, 10, 11, 20, 29, 38, 43, 51, 59, 64, 67, 69, 70] - 5768, [1, 3, 13, 14, 26, 34, 41, 44, 54, 61, 65, 67, 68, 70] - 6055, [1, 4, 10, 11, 20, 32, 37, 38, 43, 51, 59, 60, 64, 67, 68, 70] - 6202, [1, 3, 23, 25, 33, 41, 47, 49, 55, 56, 60, 64, 67, 69, 70] - 6492, [1, 4, 11, 20, 30, 31, 41, 44, 54, 56, 60, 61, 65, 67, 69, 70] - 7265]
melhor indiv??duo da gera????o:[1, 2, 9, 21, 22, 25, 33, 49, 58, 62, 70] - 3677
melhor valor ?? da gera????o 0!!!!
______________________________________________________________________________________________________________________________
