gera????o: 1: 
[[1, 2, 3, 23, 33, 47, 55, 58, 62, 70] - 3704, [1, 3, 13, 40, 41, 45, 57, 70] - 3805, [1, 4, 11, 21, 31, 33, 49, 58, 62, 70] - 3859, [1, 3, 5, 6, 8, 17, 24, 28, 35, 49, 58, 62, 70] - 4048, [1, 2, 9, 13, 31, 41, 44, 45, 47, 49, 58, 62, 70] - 4454, [1, 4, 10, 11, 21, 22, 25, 26, 34, 35, 46, 49, 58, 62, 70] - 4533, [1, 3, 13, 21, 22, 33, 46, 47, 56, 57, 70] - 4868, [1, 4, 11, 20, 39, 50, 53, 61, 68, 70] - 4916, [1, 4, 11, 20, 21, 31, 33, 41, 44, 56, 63, 70] - 4934, [1, 4, 11, 21, 31, 33, 46, 49, 55, 56, 61, 63, 70] - 5041, [1, 2, 3, 5, 6, 7, 15, 17, 24, 27, 28, 35, 36, 48, 58, 62, 70] - 5055, [1, 2, 9, 11, 21, 23, 31, 32, 39, 40, 41, 47, 56, 57, 70] - 5130, [1, 4, 11, 20, 39, 40, 41, 44, 45, 47, 55, 58, 62, 70] - 5149, [1, 4, 11, 20, 39, 40, 41, 47, 56, 57, 70] - 5330, [1, 2, 4, 10, 11, 20, 21, 22, 23, 25, 26, 28, 36, 49, 58, 62, 70] - 5514, [1, 4, 11, 21, 23, 31, 40, 41, 46, 49, 55, 56, 57, 70] - 5583, [1, 3, 5, 12, 22, 24, 26, 31, 40, 44, 50, 53, 54, 61, 68, 70] - 5769, [1, 2, 4, 10, 11, 21, 23, 31, 41, 47, 56, 60, 61, 63, 70] - 5896, [1, 4, 10, 11, 20, 32, 37, 38, 43, 52, 59, 64, 66, 67, 69, 70] - 6664, [1, 4, 10, 20, 21, 23, 25, 33, 41, 44, 45, 56, 60, 64, 67, 68, 70] - 6785]
melhor indiv??duo da gera????o:[1, 2, 3, 23, 33, 47, 55, 58, 62, 70] - 3704
gera????o: 2: 
[[1, 3, 23, 33, 47, 55, 58, 62, 70] - 3571, [1, 2, 3, 23, 33, 47, 55, 58, 62, 70] - 3704, [1, 2, 3, 23, 33, 47, 55, 58, 62, 70] - 3704, [1, 2, 3, 23, 33, 47, 55, 58, 62, 70] - 3704, [1, 2, 3, 23, 33, 47, 55, 58, 62, 70] - 3704, [1, 2, 3, 23, 33, 47, 55, 58, 62, 70] - 3704, [1, 2, 3, 23, 33, 47, 55, 58, 62, 70] - 3704, [1, 3, 13, 40, 41, 45, 57, 70] - 3805, [1, 3, 13, 40, 41, 45, 57, 70] - 3805, [1, 3, 13, 40, 41, 45, 57, 70] - 3805, [1, 4, 11, 21, 31, 33, 49, 58, 62, 70] - 3859, [1, 2, 3, 23, 33, 41, 44, 56, 63, 70] - 3973, [1, 3, 5, 6, 8, 17, 24, 28, 35, 49, 58, 62, 70] - 4048, [1, 2, 9, 13, 31, 41, 45, 47, 49, 58, 62, 70] - 4135, [1, 2, 9, 13, 31, 41, 44, 45, 47, 49, 58, 62, 70] - 4454, [1, 4, 10, 11, 21, 22, 25, 26, 34, 35, 46, 49, 58, 62, 70] - 4533, [1, 3, 5, 6, 8, 17, 24, 27, 28, 35, 49, 58, 62, 70] - 4555, [1, 4, 11, 20, 21, 31, 33, 47, 55, 58, 62, 70] - 4665, [1, 3, 13, 21, 22, 33, 46, 47, 56, 57, 70] - 4868, [1, 4, 11, 20, 21, 31, 33, 41, 44, 56, 63, 70] - 4934, [1, 4, 11, 20, 21, 31, 33, 41, 44, 56, 63, 70] - 4934, [1, 4, 11, 21, 31, 33, 46, 49, 55, 56, 61, 63, 70] - 5041, [1, 2, 3, 5, 6, 7, 15, 17, 24, 27, 28, 35, 36, 48, 58, 62, 70] - 5055, [1, 4, 11, 20, 39, 40, 41, 44, 45, 47, 55, 58, 62, 70] - 5149, [1, 2, 4, 10, 11, 20, 21, 22, 23, 25, 26, 28, 36, 49, 58, 62, 70] - 5514, [1, 4, 11, 21, 23, 31, 40, 41, 46, 49, 55, 56, 57, 70] - 5583, [1, 3, 5, 12, 22, 24, 26, 31, 40, 44, 50, 53, 54, 61, 68, 70] - 5769, [1, 2, 4, 10, 11, 21, 23, 31, 41, 47, 56, 60, 61, 63, 70] - 5896, [1, 3, 13, 21, 22, 24, 26, 31, 40, 44, 50, 53, 54, 61, 68, 70] - 6068, [1, 4, 10, 11, 20, 32, 37, 38, 43, 52, 59, 64, 66, 67, 69, 70] - 6664]
melhor indiv??duo da gera????o:[1, 3, 23, 33, 47, 55, 58, 62, 70] - 3571
gera????o: 3: 
[[1, 3, 23, 33, 47, 55, 58, 62, 70] - 3571, [1, 3, 23, 33, 47, 55, 58, 62, 70] - 3571, [1, 3, 23, 33, 47, 55, 58, 62, 70] - 3571, [1, 2, 3, 23, 33, 47, 55, 58, 62, 70] - 3704, [1, 2, 3, 23, 33, 47, 55, 58, 62, 70] - 3704, [1, 2, 3, 23, 33, 47, 55, 58, 62, 70] - 3704, [1, 2, 3, 23, 33, 47, 55, 58, 62, 70] - 3704, [1, 2, 3, 23, 33, 47, 55, 58, 62, 70] - 3704, [1, 3, 13, 40, 41, 45, 57, 70] - 3805, [1, 4, 11, 21, 31, 33, 49, 58, 62, 70] - 3859, [1, 2, 3, 23, 33, 41, 44, 56, 63, 70] - 3973, [1, 3, 5, 6, 8, 17, 24, 28, 35, 49, 58, 62, 70] - 4048, [1, 2, 9, 13, 31, 41, 44, 45, 47, 49, 58, 62, 70] - 4454, [1, 4, 10, 11, 21, 22, 25, 26, 34, 35, 46, 49, 58, 62, 70] - 4533, [1, 3, 5, 6, 8, 17, 24, 27, 28, 35, 49, 58, 62, 70] - 4555, [1, 3, 5, 6, 8, 17, 24, 27, 28, 35, 49, 58, 62, 70] - 4555, [1, 3, 13, 21, 22, 33, 46, 47, 56, 57, 70] - 4868, [1, 4, 11, 20, 21, 31, 33, 41, 44, 56, 63, 70] - 4934, [1, 2, 3, 5, 6, 7, 15, 17, 24, 27, 28, 35, 36, 48, 58, 62, 70] - 5055, [1, 4, 11, 20, 39, 40, 41, 44, 45, 47, 55, 58, 62, 70] - 5149, [1, 4, 11, 20, 39, 40, 41, 44, 45, 47, 55, 58, 62, 70] - 5149, [1, 2, 4, 10, 11, 20, 21, 22, 23, 25, 26, 28, 36, 49, 58, 62, 70] - 5514, [1, 3, 5, 12, 22, 24, 26, 31, 40, 44, 50, 53, 54, 61, 68, 70] - 5769, [1, 2, 4, 10, 11, 21, 23, 31, 41, 47, 56, 60, 61, 63, 70] - 5896, [1, 3, 13, 21, 22, 24, 26, 31, 40, 44, 50, 53, 54, 61, 68, 70] - 6068, [1, 4, 10, 11, 20, 32, 37, 38, 43, 52, 59, 64, 66, 67, 69, 70] - 6664]
melhor indiv??duo da gera????o:[1, 3, 23, 33, 47, 55, 58, 62, 70] - 3571
gera????o: 4: 
[[1, 3, 23, 33, 47, 55, 58, 62, 70] - 3571, [1, 3, 23, 33, 47, 55, 58, 62, 70] - 3571, [1, 3, 23, 33, 47, 55, 58, 62, 70] - 3571, [1, 3, 23, 33, 47, 55, 58, 62, 70] - 3571, [1, 2, 3, 23, 33, 47, 55, 58, 62, 70] - 3704, [1, 2, 3, 23, 33, 47, 55, 58, 62, 70] - 3704, [1, 2, 3, 23, 33, 47, 55, 58, 62, 70] - 3704, [1, 3, 13, 40, 41, 45, 57, 70] - 3805, [1, 4, 11, 21, 31, 33, 49, 58, 62, 70] - 3859, [1, 2, 3, 23, 33, 41, 44, 56, 63, 70] - 3973, [1, 3, 5, 6, 8, 17, 24, 28, 35, 49, 58, 62, 70] - 4048, [1, 2, 9, 13, 31, 41, 44, 45, 47, 49, 58, 62, 70] - 4454, [1, 2, 3, 23, 33, 41, 44, 45, 47, 49, 58, 62, 70] - 4510, [1, 3, 5, 6, 8, 17, 24, 27, 28, 35, 49, 58, 62, 70] - 4555, [1, 3, 13, 21, 22, 33, 46, 47, 56, 57, 70] - 4868, [1, 2, 3, 5, 6, 7, 15, 17, 24, 27, 28, 35, 36, 48, 58, 62, 70] - 5055, [1, 4, 11, 20, 39, 40, 41, 44, 45, 47, 55, 58, 62, 70] - 5149, [1, 4, 11, 20, 39, 40, 41, 44, 45, 47, 55, 58, 62, 70] - 5149, [1, 4, 11, 20, 39, 40, 41, 44, 45, 47, 55, 58, 62, 70] - 5149, [1, 4, 11, 20, 39, 40, 41, 44, 45, 47, 55, 58, 62, 70] - 5149, [1, 2, 4, 10, 11, 20, 21, 22, 23, 25, 26, 28, 36, 49, 58, 62, 70] - 5514, [1, 4, 11, 20, 21, 22, 23, 25, 26, 28, 36, 49, 58, 62, 70] - 5515, [1, 2, 4, 10, 11, 21, 23, 31, 41, 47, 56, 60, 61, 63, 70] - 5896, [1, 4, 10, 11, 20, 32, 37, 38, 43, 52, 59, 64, 66, 67, 69, 70] - 6664]
melhor indiv??duo da gera????o:[1, 3, 23, 33, 47, 55, 58, 62, 70] - 3571
gera????o: 5: 
[[1, 3, 23, 33, 47, 55, 58, 62, 70] - 3571, [1, 3, 23, 33, 47, 55, 58, 62, 70] - 3571, [1, 3, 23, 33, 47, 55, 58, 62, 70] - 3571, [1, 2, 3, 23, 33, 47, 55, 58, 62, 70] - 3704, [1, 2, 3, 23, 33, 47, 55, 58, 62, 70] - 3704, [1, 3, 13, 40, 41, 45, 57, 70] - 3805, [1, 3, 13, 40, 41, 45, 57, 70] - 3805, [1, 4, 11, 21, 31, 33, 49, 58, 62, 70] - 3859, [1, 2, 3, 23, 33, 41, 44, 56, 63, 70] - 3973, [1, 3, 5, 6, 8, 17, 24, 28, 35, 49, 58, 62, 70] - 4048, [1, 2, 3, 5, 6, 8, 17, 24, 28, 35, 49, 58, 62, 70] - 4181, [1, 2, 9, 13, 31, 41, 44, 45, 47, 49, 58, 62, 70] - 4454, [1, 3, 5, 6, 8, 17, 24, 27, 28, 35, 49, 58, 62, 70] - 4555, [1, 2, 3, 5, 6, 7, 15, 17, 24, 27, 28, 35, 36, 48, 58, 62, 70] - 5055, [1, 4, 11, 20, 39, 40, 41, 44, 45, 47, 55, 58, 62, 70] - 5149, [1, 4, 11, 20, 39, 40, 41, 44, 45, 47, 55, 58, 62, 70] - 5149, [1, 4, 11, 20, 21, 22, 23, 25, 26, 28, 36, 49, 58, 62, 70] - 5515, [1, 2, 4, 10, 11, 21, 23, 31, 41, 47, 56, 60, 61, 63, 70] - 5896]
melhor indiv??duo da gera????o:[1, 3, 23, 33, 47, 55, 58, 62, 70] - 3571
gera????o: 6: 
[[1, 3, 23, 33, 47, 55, 58, 62, 70] - 3571, [1, 3, 23, 33, 47, 55, 58, 62, 70] - 3571, [1, 3, 23, 33, 47, 55, 58, 62, 70] - 3571, [1, 3, 23, 33, 47, 55, 58, 62, 70] - 3571, [1, 2, 3, 23, 33, 47, 55, 58, 62, 70] - 3704, [1, 2, 3, 23, 33, 47, 55, 58, 62, 70] - 3704, [1, 3, 13, 40, 41, 45, 57, 70] - 3805, [1, 3, 13, 40, 41, 45, 57, 70] - 3805, [1, 3, 13, 40, 41, 45, 57, 70] - 3805, [1, 4, 11, 21, 31, 33, 49, 58, 62, 70] - 3859, [1, 2, 3, 23, 33, 41, 44, 56, 63, 70] - 3973, [1, 3, 5, 6, 8, 17, 24, 28, 35, 49, 58, 62, 70] - 4048, [1, 2, 3, 5, 6, 8, 17, 24, 28, 35, 49, 58, 62, 70] - 4181, [1, 2, 9, 13, 31, 41, 44, 45, 47, 49, 58, 62, 70] - 4454, [1, 3, 5, 6, 8, 17, 24, 27, 28, 35, 49, 58, 62, 70] - 4555, [1, 3, 5, 6, 8, 17, 24, 27, 28, 35, 49, 58, 62, 70] - 4555, [1, 4, 11, 20, 39, 40, 41, 44, 45, 47, 55, 58, 62, 70] - 5149, [1, 4, 11, 20, 39, 40, 41, 44, 45, 47, 55, 58, 62, 70] - 5149, [1, 4, 11, 20, 39, 40, 41, 44, 45, 47, 55, 58, 62, 70] - 5149, [1, 2, 4, 10, 11, 21, 23, 31, 41, 47, 56, 60, 61, 63, 70] - 5896]
melhor indiv??duo da gera????o:[1, 3, 23, 33, 47, 55, 58, 62, 70] - 3571
gera????o: 7: 
[[1, 3, 23, 33, 47, 55, 58, 62, 70] - 3571, [1, 3, 23, 33, 47, 55, 58, 62, 70] - 3571, [1, 3, 23, 33, 47, 55, 58, 62, 70] - 3571, [1, 3, 23, 33, 47, 55, 58, 62, 70] - 3571, [1, 3, 23, 33, 47, 55, 58, 62, 70] - 3571, [1, 3, 23, 33, 47, 55, 58, 62, 70] - 3571, [1, 3, 23, 33, 47, 55, 58, 62, 70] - 3571, [1, 2, 3, 23, 33, 47, 55, 58, 62, 70] - 3704, [1, 2, 3, 23, 33, 47, 55, 58, 62, 70] - 3704, [1, 2, 3, 23, 33, 47, 55, 58, 62, 70] - 3704, [1, 3, 13, 40, 41, 45, 57, 70] - 3805, [1, 3, 13, 40, 41, 45, 57, 70] - 3805, [1, 2, 3, 23, 33, 41, 44, 56, 63, 70] - 3973, [1, 3, 5, 6, 8, 17, 24, 28, 35, 49, 58, 62, 70] - 4048, [1, 3, 5, 6, 8, 17, 24, 28, 35, 49, 58, 62, 70] - 4048, [1, 3, 5, 6, 8, 17, 24, 28, 35, 49, 58, 62, 70] - 4048, [1, 3, 5, 6, 8, 17, 24, 28, 35, 49, 58, 62, 70] - 4048, [1, 2, 3, 5, 6, 8, 17, 24, 28, 35, 49, 58, 62, 70] - 4181, [1, 2, 3, 5, 6, 8, 17, 24, 28, 35, 49, 58, 62, 70] - 4181, [1, 2, 9, 13, 31, 41, 44, 45, 47, 49, 58, 62, 70] - 4454, [1, 3, 5, 6, 8, 17, 24, 27, 28, 35, 49, 58, 62, 70] - 4555, [1, 3, 5, 6, 8, 17, 24, 27, 28, 35, 49, 58, 62, 70] - 4555, [1, 4, 11, 20, 39, 40, 41, 44, 45, 47, 55, 58, 62, 70] - 5149, [1, 4, 11, 20, 39, 40, 41, 44, 45, 47, 55, 58, 62, 70] - 5149]
melhor indiv??duo da gera????o:[1, 3, 23, 33, 47, 55, 58, 62, 70] - 3571
gera????o: 8: 
[[1, 3, 23, 33, 47, 55, 58, 62, 70] - 3571, [1, 3, 23, 33, 47, 55, 58, 62, 70] - 3571, [1, 3, 23, 33, 47, 55, 58, 62, 70] - 3571, [1, 3, 23, 33, 47, 55, 58, 62, 70] - 3571, [1, 3, 23, 33, 47, 55, 58, 62, 70] - 3571, [1, 3, 23, 33, 47, 55, 58, 62, 70] - 3571, [1, 2, 3, 23, 33, 47, 55, 58, 62, 70] - 3704, [1, 2, 3, 23, 33, 47, 55, 58, 62, 70] - 3704, [1, 2, 3, 23, 33, 47, 55, 58, 62, 70] - 3704, [1, 3, 13, 40, 41, 45, 57, 70] - 3805, [1, 2, 3, 23, 33, 41, 44, 56, 63, 70] - 3973, [1, 3, 5, 6, 8, 17, 24, 28, 35, 49, 58, 62, 70] - 4048, [1, 3, 5, 6, 8, 17, 24, 28, 35, 49, 58, 62, 70] - 4048, [1, 2, 3, 5, 6, 8, 17, 24, 28, 35, 49, 58, 62, 70] - 4181, [1, 2, 9, 13, 31, 41, 44, 45, 47, 49, 58, 62, 70] - 4454, [1, 3, 5, 6, 8, 17, 24, 27, 28, 35, 49, 58, 62, 70] - 4555, [1, 4, 11, 20, 39, 40, 41, 44, 45, 47, 55, 58, 62, 70] - 5149]
melhor indiv??duo da gera????o:[1, 3, 23, 33, 47, 55, 58, 62, 70] - 3571
gera????o: 9: 
[[1, 3, 23, 33, 47, 55, 58, 62, 70] - 3571, [1, 3, 23, 33, 47, 55, 58, 62, 70] - 3571, [1, 3, 23, 33, 47, 55, 58, 62, 70] - 3571, [1, 3, 23, 33, 47, 55, 58, 62, 70] - 3571, [1, 3, 23, 33, 47, 55, 58, 62, 70] - 3571, [1, 3, 23, 33, 47, 55, 58, 62, 70] - 3571, [1, 3, 23, 33, 47, 55, 58, 62, 70] - 3571, [1, 3, 23, 33, 47, 55, 58, 62, 70] - 3571, [1, 3, 23, 33, 47, 55, 58, 62, 70] - 3571, [1, 2, 3, 23, 33, 47, 55, 58, 62, 70] - 3704, [1, 2, 3, 23, 33, 47, 55, 58, 62, 70] - 3704, [1, 3, 13, 40, 41, 45, 57, 70] - 3805, [1, 3, 5, 6, 8, 17, 24, 28, 35, 49, 58, 62, 70] - 4048, [1, 3, 5, 6, 8, 17, 24, 28, 35, 49, 58, 62, 70] - 4048, [1, 2, 3, 5, 6, 8, 17, 24, 28, 35, 49, 58, 62, 70] - 4181, [1, 3, 5, 6, 8, 17, 24, 27, 28, 35, 49, 58, 62, 70] - 4555, [1, 4, 11, 20, 39, 40, 41, 44, 45, 47, 55, 58, 62, 70] - 5149]
melhor indiv??duo da gera????o:[1, 3, 23, 33, 47, 55, 58, 62, 70] - 3571
gera????o: 10: 
[[1, 3, 23, 33, 47, 55, 58, 62, 70] - 3571, [1, 3, 23, 33, 47, 55, 58, 62, 70] - 3571, [1, 3, 23, 33, 47, 55, 58, 62, 70] - 3571, [1, 3, 23, 33, 47, 55, 58, 62, 70] - 3571, [1, 3, 23, 33, 47, 55, 58, 62, 70] - 3571, [1, 3, 23, 33, 47, 55, 58, 62, 70] - 3571, [1, 3, 23, 33, 47, 55, 58, 62, 70] - 3571, [1, 3, 23, 33, 47, 55, 58, 62, 70] - 3571, [1, 3, 23, 33, 47, 55, 58, 62, 70] - 3571, [1, 3, 23, 33, 47, 55, 58, 62, 70] - 3571, [1, 3, 23, 33, 47, 55, 58, 62, 70] - 3571, [1, 2, 3, 23, 33, 47, 55, 58, 62, 70] - 3704, [1, 3, 13, 40, 41, 45, 57, 70] - 3805, [1, 3, 5, 6, 8, 17, 24, 28, 35, 49, 58, 62, 70] - 4048, [1, 3, 5, 6, 8, 17, 24, 28, 35, 49, 58, 62, 70] - 4048, [1, 2, 3, 5, 6, 8, 17, 24, 28, 35, 49, 58, 62, 70] - 4181, [1, 4, 11, 20, 39, 40, 41, 44, 45, 47, 55, 58, 62, 70] - 5149]
melhor indiv??duo da gera????o:[1, 3, 23, 33, 47, 55, 58, 62, 70] - 3571
gera????o: 11: 
[[1, 3, 23, 33, 47, 55, 58, 62, 70] - 3571, [1, 3, 23, 33, 47, 55, 58, 62, 70] - 3571, [1, 3, 23, 33, 47, 55, 58, 62, 70] - 3571, [1, 3, 23, 33, 47, 55, 58, 62, 70] - 3571, [1, 3, 23, 33, 47, 55, 58, 62, 70] - 3571, [1, 3, 23, 33, 47, 55, 58, 62, 70] - 3571, [1, 3, 23, 33, 47, 55, 58, 62, 70] - 3571, [1, 3, 23, 33, 47, 55, 58, 62, 70] - 3571, [1, 3, 23, 33, 47, 55, 58, 62, 70] - 3571, [1, 3, 23, 33, 47, 55, 58, 62, 70] - 3571, [1, 3, 23, 33, 47, 55, 58, 62, 70] - 3571, [1, 3, 23, 33, 47, 55, 58, 62, 70] - 3571, [1, 3, 23, 33, 47, 55, 58, 62, 70] - 3571, [1, 2, 3, 23, 33, 47, 55, 58, 62, 70] - 3704, [1, 3, 13, 40, 41, 45, 57, 70] - 3805, [1, 3, 5, 6, 8, 17, 24, 28, 35, 49, 58, 62, 70] - 4048, [1, 3, 5, 6, 8, 17, 24, 28, 35, 49, 58, 62, 70] - 4048, [1, 4, 11, 20, 39, 40, 41, 44, 45, 47, 55, 58, 62, 70] - 5149]
melhor indiv??duo da gera????o:[1, 3, 23, 33, 47, 55, 58, 62, 70] - 3571
gera????o: 12: 
[[1, 3, 23, 33, 47, 55, 58, 62, 70] - 3571, [1, 3, 23, 33, 47, 55, 58, 62, 70] - 3571, [1, 3, 23, 33, 47, 55, 58, 62, 70] - 3571, [1, 3, 23, 33, 47, 55, 58, 62, 70] - 3571, [1, 3, 23, 33, 47, 55, 58, 62, 70] - 3571, [1, 3, 23, 33, 47, 55, 58, 62, 70] - 3571, [1, 3, 23, 33, 47, 55, 58, 62, 70] - 3571, [1, 3, 23, 33, 47, 55, 58, 62, 70] - 3571, [1, 3, 23, 33, 47, 55, 58, 62, 70] - 3571, [1, 3, 23, 33, 47, 55, 58, 62, 70] - 3571, [1, 3, 23, 33, 47, 55, 58, 62, 70] - 3571, [1, 3, 23, 33, 47, 55, 58, 62, 70] - 3571, [1, 3, 23, 33, 47, 55, 58, 62, 70] - 3571, [1, 3, 23, 33, 47, 55, 58, 62, 70] - 3571, [1, 2, 3, 23, 33, 47, 55, 58, 62, 70] - 3704, [1, 2, 3, 23, 33, 47, 55, 58, 62, 70] - 3704, [1, 3, 5, 6, 8, 17, 24, 28, 35, 49, 58, 62, 70] - 4048, [1, 3, 5, 6, 8, 17, 24, 28, 35, 49, 58, 62, 70] - 4048]
melhor indiv??duo da gera????o:[1, 3, 23, 33, 47, 55, 58, 62, 70] - 3571
gera????o: 13: 
[[1, 3, 23, 33, 47, 55, 58, 62, 70] - 3571, [1, 3, 23, 33, 47, 55, 58, 62, 70] - 3571, [1, 3, 23, 33, 47, 55, 58, 62, 70] - 3571, [1, 3, 23, 33, 47, 55, 58, 62, 70] - 3571, [1, 3, 23, 33, 47, 55, 58, 62, 70] - 3571, [1, 3, 23, 33, 47, 55, 58, 62, 70] - 3571, [1, 3, 23, 33, 47, 55, 58, 62, 70] - 3571, [1, 3, 23, 33, 47, 55, 58, 62, 70] - 3571, [1, 3, 23, 33, 47, 55, 58, 62, 70] - 3571, [1, 3, 23, 33, 47, 55, 58, 62, 70] - 3571, [1, 3, 23, 33, 47, 55, 58, 62, 70] - 3571, [1, 3, 23, 33, 47, 55, 58, 62, 70] - 3571, [1, 3, 23, 33, 47, 55, 58, 62, 70] - 3571, [1, 3, 23, 33, 47, 55, 58, 62, 70] - 3571, [1, 2, 3, 23, 33, 47, 55, 58, 62, 70] - 3704, [1, 3, 5, 6, 8, 17, 24, 28, 35, 49, 58, 62, 70] - 4048]
melhor indiv??duo da gera????o:[1, 3, 23, 33, 47, 55, 58, 62, 70] - 3571
gera????o: 14: 
[[1, 3, 23, 33, 47, 55, 58, 62, 70] - 3571, [1, 3, 23, 33, 47, 55, 58, 62, 70] - 3571, [1, 3, 23, 33, 47, 55, 58, 62, 70] - 3571, [1, 3, 23, 33, 47, 55, 58, 62, 70] - 3571, [1, 3, 23, 33, 47, 55, 58, 62, 70] - 3571, [1, 3, 23, 33, 47, 55, 58, 62, 70] - 3571, [1, 3, 23, 33, 47, 55, 58, 62, 70] - 3571, [1, 3, 23, 33, 47, 55, 58, 62, 70] - 3571, [1, 3, 23, 33, 47, 55, 58, 62, 70] - 3571, [1, 3, 23, 33, 47, 55, 58, 62, 70] - 3571, [1, 3, 23, 33, 47, 55, 58, 62, 70] - 3571, [1, 3, 23, 33, 47, 55, 58, 62, 70] - 3571, [1, 3, 23, 33, 47, 55, 58, 62, 70] - 3571, [1, 3, 23, 33, 47, 55, 58, 62, 70] - 3571, [1, 3, 5, 6, 8, 17, 24, 28, 35, 49, 58, 62, 70] - 4048]
melhor indiv??duo da gera????o:[1, 3, 23, 33, 47, 55, 58, 62, 70] - 3571
gera????o: 15: 
[[1, 3, 23, 33, 47, 55, 58, 62, 70] - 3571, [1, 3, 23, 33, 47, 55, 58, 62, 70] - 3571, [1, 3, 23, 33, 47, 55, 58, 62, 70] - 3571, [1, 3, 23, 33, 47, 55, 58, 62, 70] - 3571, [1, 3, 23, 33, 47, 55, 58, 62, 70] - 3571, [1, 3, 23, 33, 47, 55, 58, 62, 70] - 3571, [1, 3, 23, 33, 47, 55, 58, 62, 70] - 3571, [1, 3, 23, 33, 47, 55, 58, 62, 70] - 3571, [1, 3, 23, 33, 47, 55, 58, 62, 70] - 3571, [1, 3, 23, 33, 47, 55, 58, 62, 70] - 3571, [1, 3, 23, 33, 47, 55, 58, 62, 70] - 3571, [1, 3, 23, 33, 47, 55, 58, 62, 70] - 3571, [1, 3, 23, 33, 47, 55, 58, 62, 70] - 3571, [1, 3, 23, 33, 47, 55, 58, 62, 70] - 3571]
melhor indiv??duo da gera????o:[1, 3, 23, 33, 47, 55, 58, 62, 70] - 3571
gera????o: 16: 
[[1, 3, 23, 33, 47, 55, 58, 62, 70] - 3571, [1, 3, 23, 33, 47, 55, 58, 62, 70] - 3571, [1, 3, 23, 33, 47, 55, 58, 62, 70] - 3571, [1, 3, 23, 33, 47, 55, 58, 62, 70] - 3571, [1, 3, 23, 33, 47, 55, 58, 62, 70] - 3571, [1, 3, 23, 33, 47, 55, 58, 62, 70] - 3571, [1, 3, 23, 33, 47, 55, 58, 62, 70] - 3571, [1, 3, 23, 33, 47, 55, 58, 62, 70] - 3571, [1, 3, 23, 33, 47, 55, 58, 62, 70] - 3571, [1, 3, 23, 33, 47, 55, 58, 62, 70] - 3571, [1, 3, 23, 33, 47, 55, 58, 62, 70] - 3571, [1, 3, 23, 33, 47, 55, 58, 62, 70] - 3571, [1, 3, 23, 33, 47, 55, 58, 62, 70] - 3571]
melhor indiv??duo da gera????o:[1, 3, 23, 33, 47, 55, 58, 62, 70] - 3571
gera????o: 17: 
[[1, 3, 23, 33, 47, 55, 58, 62, 70] - 3571, [1, 3, 23, 33, 47, 55, 58, 62, 70] - 3571, [1, 3, 23, 33, 47, 55, 58, 62, 70] - 3571, [1, 3, 23, 33, 47, 55, 58, 62, 70] - 3571, [1, 3, 23, 33, 47, 55, 58, 62, 70] - 3571, [1, 3, 23, 33, 47, 55, 58, 62, 70] - 3571, [1, 3, 23, 33, 47, 55, 58, 62, 70] - 3571, [1, 3, 23, 33, 47, 55, 58, 62, 70] - 3571, [1, 3, 23, 33, 47, 55, 58, 62, 70] - 3571, [1, 3, 23, 33, 47, 55, 58, 62, 70] - 3571, [1, 3, 23, 33, 47, 55, 58, 62, 70] - 3571, [1, 3, 23, 33, 47, 55, 58, 62, 70] - 3571]
melhor indiv??duo da gera????o:[1, 3, 23, 33, 47, 55, 58, 62, 70] - 3571
gera????o: 18: 
[[1, 3, 23, 33, 47, 55, 58, 62, 70] - 3571, [1, 3, 23, 33, 47, 55, 58, 62, 70] - 3571, [1, 3, 23, 33, 47, 55, 58, 62, 70] - 3571, [1, 3, 23, 33, 47, 55, 58, 62, 70] - 3571, [1, 3, 23, 33, 47, 55, 58, 62, 70] - 3571, [1, 3, 23, 33, 47, 55, 58, 62, 70] - 3571, [1, 3, 23, 33, 47, 55, 58, 62, 70] - 3571, [1, 3, 23, 33, 47, 55, 58, 62, 70] - 3571, [1, 3, 23, 33, 47, 55, 58, 62, 70] - 3571, [1, 3, 23, 33, 47, 55, 58, 62, 70] - 3571, [1, 3, 23, 33, 47, 55, 58, 62, 70] - 3571]
melhor indiv??duo da gera????o:[1, 3, 23, 33, 47, 55, 58, 62, 70] - 3571
gera????o: 19: 
[[1, 3, 23, 33, 47, 55, 58, 62, 70] - 3571, [1, 3, 23, 33, 47, 55, 58, 62, 70] - 3571, [1, 3, 23, 33, 47, 55, 58, 62, 70] - 3571, [1, 3, 23, 33, 47, 55, 58, 62, 70] - 3571, [1, 3, 23, 33, 47, 55, 58, 62, 70] - 3571, [1, 3, 23, 33, 47, 55, 58, 62, 70] - 3571, [1, 3, 23, 33, 47, 55, 58, 62, 70] - 3571, [1, 3, 23, 33, 47, 55, 58, 62, 70] - 3571, [1, 3, 23, 33, 47, 55, 58, 62, 70] - 3571, [1, 3, 23, 33, 47, 55, 58, 62, 70] - 3571]
melhor indiv??duo da gera????o:[1, 3, 23, 33, 47, 55, 58, 62, 70] - 3571
gera????o: 20: 
[[1, 3, 23, 33, 47, 55, 58, 62, 70] - 3571, [1, 3, 23, 33, 47, 55, 58, 62, 70] - 3571, [1, 3, 23, 33, 47, 55, 58, 62, 70] - 3571, [1, 3, 23, 33, 47, 55, 58, 62, 70] - 3571, [1, 3, 23, 33, 47, 55, 58, 62, 70] - 3571, [1, 3, 23, 33, 47, 55, 58, 62, 70] - 3571, [1, 3, 23, 33, 47, 55, 58, 62, 70] - 3571, [1, 3, 23, 33, 47, 55, 58, 62, 70] - 3571, [1, 3, 23, 33, 47, 55, 58, 62, 70] - 3571]
melhor indiv??duo da gera????o:[1, 3, 23, 33, 47, 55, 58, 62, 70] - 3571
gera????o: 21: 
[[1, 3, 23, 33, 47, 55, 58, 62, 70] - 3571, [1, 3, 23, 33, 47, 55, 58, 62, 70] - 3571, [1, 3, 23, 33, 47, 55, 58, 62, 70] - 3571, [1, 3, 23, 33, 47, 55, 58, 62, 70] - 3571, [1, 3, 23, 33, 47, 55, 58, 62, 70] - 3571, [1, 3, 23, 33, 47, 55, 58, 62, 70] - 3571, [1, 3, 23, 33, 47, 55, 58, 62, 70] - 3571, [1, 3, 23, 33, 47, 55, 58, 62, 70] - 3571, [1, 3, 23, 33, 47, 55, 58, 62, 70] - 3571]
melhor indiv??duo da gera????o:[1, 3, 23, 33, 47, 55, 58, 62, 70] - 3571
gera????o: 22: 
[[1, 3, 23, 33, 47, 55, 58, 62, 70] - 3571, [1, 3, 23, 33, 47, 55, 58, 62, 70] - 3571, [1, 3, 23, 33, 47, 55, 58, 62, 70] - 3571, [1, 3, 23, 33, 47, 55, 58, 62, 70] - 3571, [1, 3, 23, 33, 47, 55, 58, 62, 70] - 3571, [1, 3, 23, 33, 47, 55, 58, 62, 70] - 3571, [1, 3, 23, 33, 47, 55, 58, 62, 70] - 3571, [1, 3, 23, 33, 47, 55, 58, 62, 70] - 3571, [1, 3, 23, 33, 47, 55, 58, 62, 70] - 3571]
melhor indiv??duo da gera????o:[1, 3, 23, 33, 47, 55, 58, 62, 70] - 3571
gera????o: 23: 
[[1, 3, 23, 33, 47, 55, 58, 62, 70] - 3571, [1, 3, 23, 33, 47, 55, 58, 62, 70] - 3571, [1, 3, 23, 33, 47, 55, 58, 62, 70] - 3571, [1, 3, 23, 33, 47, 55, 58, 62, 70] - 3571, [1, 3, 23, 33, 47, 55, 58, 62, 70] - 3571, [1, 3, 23, 33, 47, 55, 58, 62, 70] - 3571, [1, 3, 23, 33, 47, 55, 58, 62, 70] - 3571, [1, 3, 23, 33, 47, 55, 58, 62, 70] - 3571, [1, 3, 23, 33, 47, 55, 58, 62, 70] - 3571]
melhor indiv??duo da gera????o:[1, 3, 23, 33, 47, 55, 58, 62, 70] - 3571
gera????o: 24: 
[[1, 3, 23, 33, 47, 55, 58, 62, 70] - 3571, [1, 3, 23, 33, 47, 55, 58, 62, 70] - 3571, [1, 3, 23, 33, 47, 55, 58, 62, 70] - 3571, [1, 3, 23, 33, 47, 55, 58, 62, 70] - 3571, [1, 3, 23, 33, 47, 55, 58, 62, 70] - 3571, [1, 3, 23, 33, 47, 55, 58, 62, 70] - 3571, [1, 3, 23, 33, 47, 55, 58, 62, 70] - 3571, [1, 3, 23, 33, 47, 55, 58, 62, 70] - 3571, [1, 3, 23, 33, 47, 55, 58, 62, 70] - 3571]
melhor indiv??duo da gera????o:[1, 3, 23, 33, 47, 55, 58, 62, 70] - 3571
gera????o: 25: 
[[1, 3, 23, 33, 47, 55, 58, 62, 70] - 3571, [1, 3, 23, 33, 47, 55, 58, 62, 70] - 3571, [1, 3, 23, 33, 47, 55, 58, 62, 70] - 3571, [1, 3, 23, 33, 47, 55, 58, 62, 70] - 3571, [1, 3, 23, 33, 47, 55, 58, 62, 70] - 3571, [1, 3, 23, 33, 47, 55, 58, 62, 70] - 3571, [1, 3, 23, 33, 47, 55, 58, 62, 70] - 3571, [1, 3, 23, 33, 47, 55, 58, 62, 70] - 3571, [1, 3, 23, 33, 47, 55, 58, 62, 70] - 3571]
melhor indiv??duo da gera????o:[1, 3, 23, 33, 47, 55, 58, 62, 70] - 3571
gera????o: 26: 
[[1, 3, 23, 33, 47, 55, 58, 62, 70] - 3571, [1, 3, 23, 33, 47, 55, 58, 62, 70] - 3571, [1, 3, 23, 33, 47, 55, 58, 62, 70] - 3571, [1, 3, 23, 33, 47, 55, 58, 62, 70] - 3571, [1, 3, 23, 33, 47, 55, 58, 62, 70] - 3571, [1, 3, 23, 33, 47, 55, 58, 62, 70] - 3571, [1, 3, 23, 33, 47, 55, 58, 62, 70] - 3571, [1, 3, 23, 33, 47, 55, 58, 62, 70] - 3571, [1, 3, 23, 33, 47, 55, 58, 62, 70] - 3571]
melhor indiv??duo da gera????o:[1, 3, 23, 33, 47, 55, 58, 62, 70] - 3571
gera????o: 27: 
[[1, 3, 23, 33, 47, 55, 58, 62, 70] - 3571, [1, 3, 23, 33, 47, 55, 58, 62, 70] - 3571, [1, 3, 23, 33, 47, 55, 58, 62, 70] - 3571, [1, 3, 23, 33, 47, 55, 58, 62, 70] - 3571, [1, 3, 23, 33, 47, 55, 58, 62, 70] - 3571, [1, 3, 23, 33, 47, 55, 58, 62, 70] - 3571, [1, 3, 23, 33, 47, 55, 58, 62, 70] - 3571, [1, 3, 23, 33, 47, 55, 58, 62, 70] - 3571, [1, 3, 23, 33, 47, 55, 58, 62, 70] - 3571]
melhor indiv??duo da gera????o:[1, 3, 23, 33, 47, 55, 58, 62, 70] - 3571
gera????o: 28: 
[[1, 3, 23, 33, 47, 55, 58, 62, 70] - 3571, [1, 3, 23, 33, 47, 55, 58, 62, 70] - 3571, [1, 3, 23, 33, 47, 55, 58, 62, 70] - 3571, [1, 3, 23, 33, 47, 55, 58, 62, 70] - 3571, [1, 3, 23, 33, 47, 55, 58, 62, 70] - 3571, [1, 3, 23, 33, 47, 55, 58, 62, 70] - 3571, [1, 3, 23, 33, 47, 55, 58, 62, 70] - 3571, [1, 3, 23, 33, 47, 55, 58, 62, 70] - 3571, [1, 3, 23, 33, 47, 55, 58, 62, 70] - 3571]
melhor indiv??duo da gera????o:[1, 3, 23, 33, 47, 55, 58, 62, 70] - 3571
gera????o: 29: 
[[1, 3, 23, 33, 47, 55, 58, 62, 70] - 3571, [1, 3, 23, 33, 47, 55, 58, 62, 70] - 3571, [1, 3, 23, 33, 47, 55, 58, 62, 70] - 3571, [1, 3, 23, 33, 47, 55, 58, 62, 70] - 3571, [1, 3, 23, 33, 47, 55, 58, 62, 70] - 3571, [1, 3, 23, 33, 47, 55, 58, 62, 70] - 3571, [1, 3, 23, 33, 47, 55, 58, 62, 70] - 3571, [1, 3, 23, 33, 47, 55, 58, 62, 70] - 3571, [1, 3, 23, 33, 47, 55, 58, 62, 70] - 3571]
melhor indiv??duo da gera????o:[1, 3, 23, 33, 47, 55, 58, 62, 70] - 3571
gera????o: 30: 
[[1, 3, 23, 33, 47, 55, 58, 62, 70] - 3571, [1, 3, 23, 33, 47, 55, 58, 62, 70] - 3571, [1, 3, 23, 33, 47, 55, 58, 62, 70] - 3571, [1, 3, 23, 33, 47, 55, 58, 62, 70] - 3571, [1, 3, 23, 33, 47, 55, 58, 62, 70] - 3571, [1, 3, 23, 33, 47, 55, 58, 62, 70] - 3571, [1, 3, 23, 33, 47, 55, 58, 62, 70] - 3571, [1, 3, 23, 33, 47, 55, 58, 62, 70] - 3571, [1, 3, 23, 33, 47, 55, 58, 62, 70] - 3571]
melhor indiv??duo da gera????o:[1, 3, 23, 33, 47, 55, 58, 62, 70] - 3571
gera????o: 31: 
[[1, 3, 23, 33, 47, 55, 58, 62, 70] - 3571, [1, 3, 23, 33, 47, 55, 58, 62, 70] - 3571, [1, 3, 23, 33, 47, 55, 58, 62, 70] - 3571, [1, 3, 23, 33, 47, 55, 58, 62, 70] - 3571, [1, 3, 23, 33, 47, 55, 58, 62, 70] - 3571, [1, 3, 23, 33, 47, 55, 58, 62, 70] - 3571, [1, 3, 23, 33, 47, 55, 58, 62, 70] - 3571, [1, 3, 23, 33, 47, 55, 58, 62, 70] - 3571, [1, 3, 23, 33, 47, 55, 58, 62, 70] - 3571]
melhor indiv??duo da gera????o:[1, 3, 23, 33, 47, 55, 58, 62, 70] - 3571
gera????o: 32: 
[[1, 3, 23, 33, 47, 55, 58, 62, 70] - 3571, [1, 3, 23, 33, 47, 55, 58, 62, 70] - 3571, [1, 3, 23, 33, 47, 55, 58, 62, 70] - 3571, [1, 3, 23, 33, 47, 55, 58, 62, 70] - 3571, [1, 3, 23, 33, 47, 55, 58, 62, 70] - 3571, [1, 3, 23, 33, 47, 55, 58, 62, 70] - 3571, [1, 3, 23, 33, 47, 55, 58, 62, 70] - 3571, [1, 3, 23, 33, 47, 55, 58, 62, 70] - 3571, [1, 3, 23, 33, 47, 55, 58, 62, 70] - 3571]
melhor indiv??duo da gera????o:[1, 3, 23, 33, 47, 55, 58, 62, 70] - 3571
gera????o: 33: 
[[1, 3, 23, 33, 47, 55, 58, 62, 70] - 3571, [1, 3, 23, 33, 47, 55, 58, 62, 70] - 3571, [1, 3, 23, 33, 47, 55, 58, 62, 70] - 3571, [1, 3, 23, 33, 47, 55, 58, 62, 70] - 3571, [1, 3, 23, 33, 47, 55, 58, 62, 70] - 3571, [1, 3, 23, 33, 47, 55, 58, 62, 70] - 3571, [1, 3, 23, 33, 47, 55, 58, 62, 70] - 3571, [1, 3, 23, 33, 47, 55, 58, 62, 70] - 3571, [1, 3, 23, 33, 47, 55, 58, 62, 70] - 3571]
melhor indiv??duo da gera????o:[1, 3, 23, 33, 47, 55, 58, 62, 70] - 3571
gera????o: 34: 
[[1, 3, 23, 33, 47, 55, 58, 62, 70] - 3571, [1, 3, 23, 33, 47, 55, 58, 62, 70] - 3571, [1, 3, 23, 33, 47, 55, 58, 62, 70] - 3571, [1, 3, 23, 33, 47, 55, 58, 62, 70] - 3571, [1, 3, 23, 33, 47, 55, 58, 62, 70] - 3571, [1, 3, 23, 33, 47, 55, 58, 62, 70] - 3571, [1, 3, 23, 33, 47, 55, 58, 62, 70] - 3571, [1, 3, 23, 33, 47, 55, 58, 62, 70] - 3571, [1, 3, 23, 33, 47, 55, 58, 62, 70] - 3571]
melhor indiv??duo da gera????o:[1, 3, 23, 33, 47, 55, 58, 62, 70] - 3571
gera????o: 35: 
[[1, 3, 23, 33, 47, 55, 58, 62, 70] - 3571, [1, 3, 23, 33, 47, 55, 58, 62, 70] - 3571, [1, 3, 23, 33, 47, 55, 58, 62, 70] - 3571, [1, 3, 23, 33, 47, 55, 58, 62, 70] - 3571, [1, 3, 23, 33, 47, 55, 58, 62, 70] - 3571, [1, 3, 23, 33, 47, 55, 58, 62, 70] - 3571, [1, 3, 23, 33, 47, 55, 58, 62, 70] - 3571, [1, 3, 23, 33, 47, 55, 58, 62, 70] - 3571, [1, 3, 23, 33, 47, 55, 58, 62, 70] - 3571]
melhor indiv??duo da gera????o:[1, 3, 23, 33, 47, 55, 58, 62, 70] - 3571
gera????o: 36: 
[[1, 3, 23, 33, 47, 55, 58, 62, 70] - 3571, [1, 3, 23, 33, 47, 55, 58, 62, 70] - 3571, [1, 3, 23, 33, 47, 55, 58, 62, 70] - 3571, [1, 3, 23, 33, 47, 55, 58, 62, 70] - 3571, [1, 3, 23, 33, 47, 55, 58, 62, 70] - 3571, [1, 3, 23, 33, 47, 55, 58, 62, 70] - 3571, [1, 3, 23, 33, 47, 55, 58, 62, 70] - 3571, [1, 3, 23, 33, 47, 55, 58, 62, 70] - 3571, [1, 3, 23, 33, 47, 55, 58, 62, 70] - 3571]
melhor indiv??duo da gera????o:[1, 3, 23, 33, 47, 55, 58, 62, 70] - 3571
gera????o: 37: 
[[1, 3, 23, 33, 47, 55, 58, 62, 70] - 3571, [1, 3, 23, 33, 47, 55, 58, 62, 70] - 3571, [1, 3, 23, 33, 47, 55, 58, 62, 70] - 3571, [1, 3, 23, 33, 47, 55, 58, 62, 70] - 3571, [1, 3, 23, 33, 47, 55, 58, 62, 70] - 3571, [1, 3, 23, 33, 47, 55, 58, 62, 70] - 3571, [1, 3, 23, 33, 47, 55, 58, 62, 70] - 3571, [1, 3, 23, 33, 47, 55, 58, 62, 70] - 3571, [1, 3, 23, 33, 47, 55, 58, 62, 70] - 3571]
melhor indiv??duo da gera????o:[1, 3, 23, 33, 47, 55, 58, 62, 70] - 3571
gera????o: 38: 
[[1, 3, 23, 33, 47, 55, 58, 62, 70] - 3571, [1, 3, 23, 33, 47, 55, 58, 62, 70] - 3571, [1, 3, 23, 33, 47, 55, 58, 62, 70] - 3571, [1, 3, 23, 33, 47, 55, 58, 62, 70] - 3571, [1, 3, 23, 33, 47, 55, 58, 62, 70] - 3571, [1, 3, 23, 33, 47, 55, 58, 62, 70] - 3571, [1, 3, 23, 33, 47, 55, 58, 62, 70] - 3571, [1, 3, 23, 33, 47, 55, 58, 62, 70] - 3571, [1, 3, 23, 33, 47, 55, 58, 62, 70] - 3571]
melhor indiv??duo da gera????o:[1, 3, 23, 33, 47, 55, 58, 62, 70] - 3571
gera????o: 39: 
[[1, 3, 23, 33, 47, 55, 58, 62, 70] - 3571, [1, 3, 23, 33, 47, 55, 58, 62, 70] - 3571, [1, 3, 23, 33, 47, 55, 58, 62, 70] - 3571, [1, 3, 23, 33, 47, 55, 58, 62, 70] - 3571, [1, 3, 23, 33, 47, 55, 58, 62, 70] - 3571, [1, 3, 23, 33, 47, 55, 58, 62, 70] - 3571, [1, 3, 23, 33, 47, 55, 58, 62, 70] - 3571, [1, 3, 23, 33, 47, 55, 58, 62, 70] - 3571, [1, 3, 23, 33, 47, 55, 58, 62, 70] - 3571]
melhor indiv??duo da gera????o:[1, 3, 23, 33, 47, 55, 58, 62, 70] - 3571
gera????o: 40: 
[[1, 3, 23, 33, 47, 55, 58, 62, 70] - 3571, [1, 3, 23, 33, 47, 55, 58, 62, 70] - 3571, [1, 3, 23, 33, 47, 55, 58, 62, 70] - 3571, [1, 3, 23, 33, 47, 55, 58, 62, 70] - 3571, [1, 3, 23, 33, 47, 55, 58, 62, 70] - 3571, [1, 3, 23, 33, 47, 55, 58, 62, 70] - 3571, [1, 3, 23, 33, 47, 55, 58, 62, 70] - 3571, [1, 3, 23, 33, 47, 55, 58, 62, 70] - 3571, [1, 3, 23, 33, 47, 55, 58, 62, 70] - 3571]
melhor indiv??duo da gera????o:[1, 3, 23, 33, 47, 55, 58, 62, 70] - 3571
gera????o: 41: 
[[1, 3, 23, 33, 47, 55, 58, 62, 70] - 3571, [1, 3, 23, 33, 47, 55, 58, 62, 70] - 3571, [1, 3, 23, 33, 47, 55, 58, 62, 70] - 3571, [1, 3, 23, 33, 47, 55, 58, 62, 70] - 3571, [1, 3, 23, 33, 47, 55, 58, 62, 70] - 3571, [1, 3, 23, 33, 47, 55, 58, 62, 70] - 3571, [1, 3, 23, 33, 47, 55, 58, 62, 70] - 3571, [1, 3, 23, 33, 47, 55, 58, 62, 70] - 3571, [1, 3, 23, 33, 47, 55, 58, 62, 70] - 3571]
melhor indiv??duo da gera????o:[1, 3, 23, 33, 47, 55, 58, 62, 70] - 3571
gera????o: 42: 
[[1, 3, 23, 33, 47, 55, 58, 62, 70] - 3571, [1, 3, 23, 33, 47, 55, 58, 62, 70] - 3571, [1, 3, 23, 33, 47, 55, 58, 62, 70] - 3571, [1, 3, 23, 33, 47, 55, 58, 62, 70] - 3571, [1, 3, 23, 33, 47, 55, 58, 62, 70] - 3571, [1, 3, 23, 33, 47, 55, 58, 62, 70] - 3571, [1, 3, 23, 33, 47, 55, 58, 62, 70] - 3571, [1, 3, 23, 33, 47, 55, 58, 62, 70] - 3571, [1, 3, 23, 33, 47, 55, 58, 62, 70] - 3571]
melhor indiv??duo da gera????o:[1, 3, 23, 33, 47, 55, 58, 62, 70] - 3571
gera????o: 43: 
[[1, 3, 23, 33, 47, 55, 58, 62, 70] - 3571, [1, 3, 23, 33, 47, 55, 58, 62, 70] - 3571, [1, 3, 23, 33, 47, 55, 58, 62, 70] - 3571, [1, 3, 23, 33, 47, 55, 58, 62, 70] - 3571, [1, 3, 23, 33, 47, 55, 58, 62, 70] - 3571, [1, 3, 23, 33, 47, 55, 58, 62, 70] - 3571, [1, 3, 23, 33, 47, 55, 58, 62, 70] - 3571, [1, 3, 23, 33, 47, 55, 58, 62, 70] - 3571, [1, 3, 23, 33, 47, 55, 58, 62, 70] - 3571]
melhor indiv??duo da gera????o:[1, 3, 23, 33, 47, 55, 58, 62, 70] - 3571
gera????o: 44: 
[[1, 3, 23, 33, 47, 55, 58, 62, 70] - 3571, [1, 3, 23, 33, 47, 55, 58, 62, 70] - 3571, [1, 3, 23, 33, 47, 55, 58, 62, 70] - 3571, [1, 3, 23, 33, 47, 55, 58, 62, 70] - 3571, [1, 3, 23, 33, 47, 55, 58, 62, 70] - 3571, [1, 3, 23, 33, 47, 55, 58, 62, 70] - 3571, [1, 3, 23, 33, 47, 55, 58, 62, 70] - 3571, [1, 3, 23, 33, 47, 55, 58, 62, 70] - 3571, [1, 3, 23, 33, 47, 55, 58, 62, 70] - 3571]
melhor indiv??duo da gera????o:[1, 3, 23, 33, 47, 55, 58, 62, 70] - 3571
gera????o: 45: 
[[1, 3, 23, 33, 47, 55, 58, 62, 70] - 3571, [1, 3, 23, 33, 47, 55, 58, 62, 70] - 3571, [1, 3, 23, 33, 47, 55, 58, 62, 70] - 3571, [1, 3, 23, 33, 47, 55, 58, 62, 70] - 3571, [1, 3, 23, 33, 47, 55, 58, 62, 70] - 3571, [1, 3, 23, 33, 47, 55, 58, 62, 70] - 3571, [1, 3, 23, 33, 47, 55, 58, 62, 70] - 3571, [1, 3, 23, 33, 47, 55, 58, 62, 70] - 3571, [1, 3, 23, 33, 47, 55, 58, 62, 70] - 3571]
melhor indiv??duo da gera????o:[1, 3, 23, 33, 47, 55, 58, 62, 70] - 3571
gera????o: 46: 
[[1, 3, 23, 33, 47, 55, 58, 62, 70] - 3571, [1, 3, 23, 33, 47, 55, 58, 62, 70] - 3571, [1, 3, 23, 33, 47, 55, 58, 62, 70] - 3571, [1, 3, 23, 33, 47, 55, 58, 62, 70] - 3571, [1, 3, 23, 33, 47, 55, 58, 62, 70] - 3571, [1, 3, 23, 33, 47, 55, 58, 62, 70] - 3571, [1, 3, 23, 33, 47, 55, 58, 62, 70] - 3571, [1, 3, 23, 33, 47, 55, 58, 62, 70] - 3571, [1, 3, 23, 33, 47, 55, 58, 62, 70] - 3571]
melhor indiv??duo da gera????o:[1, 3, 23, 33, 47, 55, 58, 62, 70] - 3571
gera????o: 47: 
[[1, 3, 23, 33, 47, 55, 58, 62, 70] - 3571, [1, 3, 23, 33, 47, 55, 58, 62, 70] - 3571, [1, 3, 23, 33, 47, 55, 58, 62, 70] - 3571, [1, 3, 23, 33, 47, 55, 58, 62, 70] - 3571, [1, 3, 23, 33, 47, 55, 58, 62, 70] - 3571, [1, 3, 23, 33, 47, 55, 58, 62, 70] - 3571, [1, 3, 23, 33, 47, 55, 58, 62, 70] - 3571, [1, 3, 23, 33, 47, 55, 58, 62, 70] - 3571, [1, 3, 23, 33, 47, 55, 58, 62, 70] - 3571]
melhor indiv??duo da gera????o:[1, 3, 23, 33, 47, 55, 58, 62, 70] - 3571
gera????o: 48: 
[[1, 3, 23, 33, 47, 55, 58, 62, 70] - 3571, [1, 3, 23, 33, 47, 55, 58, 62, 70] - 3571, [1, 3, 23, 33, 47, 55, 58, 62, 70] - 3571, [1, 3, 23, 33, 47, 55, 58, 62, 70] - 3571, [1, 3, 23, 33, 47, 55, 58, 62, 70] - 3571, [1, 3, 23, 33, 47, 55, 58, 62, 70] - 3571, [1, 3, 23, 33, 47, 55, 58, 62, 70] - 3571, [1, 3, 23, 33, 47, 55, 58, 62, 70] - 3571, [1, 3, 23, 33, 47, 55, 58, 62, 70] - 3571]
melhor indiv??duo da gera????o:[1, 3, 23, 33, 47, 55, 58, 62, 70] - 3571
gera????o: 49: 
[[1, 3, 23, 33, 47, 55, 58, 62, 70] - 3571, [1, 3, 23, 33, 47, 55, 58, 62, 70] - 3571, [1, 3, 23, 33, 47, 55, 58, 62, 70] - 3571, [1, 3, 23, 33, 47, 55, 58, 62, 70] - 3571, [1, 3, 23, 33, 47, 55, 58, 62, 70] - 3571, [1, 3, 23, 33, 47, 55, 58, 62, 70] - 3571, [1, 3, 23, 33, 47, 55, 58, 62, 70] - 3571, [1, 3, 23, 33, 47, 55, 58, 62, 70] - 3571, [1, 3, 23, 33, 47, 55, 58, 62, 70] - 3571]
melhor indiv??duo da gera????o:[1, 3, 23, 33, 47, 55, 58, 62, 70] - 3571
gera????o: 50: 
[[1, 3, 23, 33, 47, 55, 58, 62, 70] - 3571, [1, 3, 23, 33, 47, 55, 58, 62, 70] - 3571, [1, 3, 23, 33, 47, 55, 58, 62, 70] - 3571, [1, 3, 23, 33, 47, 55, 58, 62, 70] - 3571, [1, 3, 23, 33, 47, 55, 58, 62, 70] - 3571, [1, 3, 23, 33, 47, 55, 58, 62, 70] - 3571, [1, 3, 23, 33, 47, 55, 58, 62, 70] - 3571, [1, 3, 23, 33, 47, 55, 58, 62, 70] - 3571, [1, 3, 23, 33, 47, 55, 58, 62, 70] - 3571]
melhor indiv??duo da gera????o:[1, 3, 23, 33, 47, 55, 58, 62, 70] - 3571
gera????o: 51: 
[[1, 3, 23, 33, 47, 55, 58, 62, 70] - 3571, [1, 3, 23, 33, 47, 55, 58, 62, 70] - 3571, [1, 3, 23, 33, 47, 55, 58, 62, 70] - 3571, [1, 3, 23, 33, 47, 55, 58, 62, 70] - 3571, [1, 3, 23, 33, 47, 55, 58, 62, 70] - 3571, [1, 3, 23, 33, 47, 55, 58, 62, 70] - 3571, [1, 3, 23, 33, 47, 55, 58, 62, 70] - 3571, [1, 3, 23, 33, 47, 55, 58, 62, 70] - 3571, [1, 3, 23, 33, 47, 55, 58, 62, 70] - 3571]
melhor indiv??duo da gera????o:[1, 3, 23, 33, 47, 55, 58, 62, 70] - 3571
gera????o: 52: 
[[1, 3, 23, 33, 47, 55, 58, 62, 70] - 3571, [1, 3, 23, 33, 47, 55, 58, 62, 70] - 3571, [1, 3, 23, 33, 47, 55, 58, 62, 70] - 3571, [1, 3, 23, 33, 47, 55, 58, 62, 70] - 3571, [1, 3, 23, 33, 47, 55, 58, 62, 70] - 3571, [1, 3, 23, 33, 47, 55, 58, 62, 70] - 3571, [1, 3, 23, 33, 47, 55, 58, 62, 70] - 3571, [1, 3, 23, 33, 47, 55, 58, 62, 70] - 3571, [1, 3, 23, 33, 47, 55, 58, 62, 70] - 3571]
melhor indiv??duo da gera????o:[1, 3, 23, 33, 47, 55, 58, 62, 70] - 3571
gera????o: 53: 
[[1, 3, 23, 33, 47, 55, 58, 62, 70] - 3571, [1, 3, 23, 33, 47, 55, 58, 62, 70] - 3571, [1, 3, 23, 33, 47, 55, 58, 62, 70] - 3571, [1, 3, 23, 33, 47, 55, 58, 62, 70] - 3571, [1, 3, 23, 33, 47, 55, 58, 62, 70] - 3571, [1, 3, 23, 33, 47, 55, 58, 62, 70] - 3571, [1, 3, 23, 33, 47, 55, 58, 62, 70] - 3571, [1, 3, 23, 33, 47, 55, 58, 62, 70] - 3571, [1, 3, 23, 33, 47, 55, 58, 62, 70] - 3571]
melhor indiv??duo da gera????o:[1, 3, 23, 33, 47, 55, 58, 62, 70] - 3571
gera????o: 54: 
[[1, 3, 23, 33, 47, 55, 58, 62, 70] - 3571, [1, 3, 23, 33, 47, 55, 58, 62, 70] - 3571, [1, 3, 23, 33, 47, 55, 58, 62, 70] - 3571, [1, 3, 23, 33, 47, 55, 58, 62, 70] - 3571, [1, 3, 23, 33, 47, 55, 58, 62, 70] - 3571, [1, 3, 23, 33, 47, 55, 58, 62, 70] - 3571, [1, 3, 23, 33, 47, 55, 58, 62, 70] - 3571, [1, 3, 23, 33, 47, 55, 58, 62, 70] - 3571, [1, 3, 23, 33, 47, 55, 58, 62, 70] - 3571]
melhor indiv??duo da gera????o:[1, 3, 23, 33, 47, 55, 58, 62, 70] - 3571
gera????o: 55: 
[[1, 3, 23, 33, 47, 55, 58, 62, 70] - 3571, [1, 3, 23, 33, 47, 55, 58, 62, 70] - 3571, [1, 3, 23, 33, 47, 55, 58, 62, 70] - 3571, [1, 3, 23, 33, 47, 55, 58, 62, 70] - 3571, [1, 3, 23, 33, 47, 55, 58, 62, 70] - 3571, [1, 3, 23, 33, 47, 55, 58, 62, 70] - 3571, [1, 3, 23, 33, 47, 55, 58, 62, 70] - 3571, [1, 3, 23, 33, 47, 55, 58, 62, 70] - 3571, [1, 3, 23, 33, 47, 55, 58, 62, 70] - 3571]
melhor indiv??duo da gera????o:[1, 3, 23, 33, 47, 55, 58, 62, 70] - 3571
gera????o: 56: 
[[1, 3, 23, 33, 47, 55, 58, 62, 70] - 3571, [1, 3, 23, 33, 47, 55, 58, 62, 70] - 3571, [1, 3, 23, 33, 47, 55, 58, 62, 70] - 3571, [1, 3, 23, 33, 47, 55, 58, 62, 70] - 3571, [1, 3, 23, 33, 47, 55, 58, 62, 70] - 3571, [1, 3, 23, 33, 47, 55, 58, 62, 70] - 3571, [1, 3, 23, 33, 47, 55, 58, 62, 70] - 3571, [1, 3, 23, 33, 47, 55, 58, 62, 70] - 3571, [1, 3, 23, 33, 47, 55, 58, 62, 70] - 3571]
melhor indiv??duo da gera????o:[1, 3, 23, 33, 47, 55, 58, 62, 70] - 3571
gera????o: 57: 
[[1, 3, 23, 33, 47, 55, 58, 62, 70] - 3571, [1, 3, 23, 33, 47, 55, 58, 62, 70] - 3571, [1, 3, 23, 33, 47, 55, 58, 62, 70] - 3571, [1, 3, 23, 33, 47, 55, 58, 62, 70] - 3571, [1, 3, 23, 33, 47, 55, 58, 62, 70] - 3571, [1, 3, 23, 33, 47, 55, 58, 62, 70] - 3571, [1, 3, 23, 33, 47, 55, 58, 62, 70] - 3571, [1, 3, 23, 33, 47, 55, 58, 62, 70] - 3571, [1, 3, 23, 33, 47, 55, 58, 62, 70] - 3571]
melhor indiv??duo da gera????o:[1, 3, 23, 33, 47, 55, 58, 62, 70] - 3571
gera????o: 58: 
[[1, 3, 23, 33, 47, 55, 58, 62, 70] - 3571, [1, 3, 23, 33, 47, 55, 58, 62, 70] - 3571, [1, 3, 23, 33, 47, 55, 58, 62, 70] - 3571, [1, 3, 23, 33, 47, 55, 58, 62, 70] - 3571, [1, 3, 23, 33, 47, 55, 58, 62, 70] - 3571, [1, 3, 23, 33, 47, 55, 58, 62, 70] - 3571, [1, 3, 23, 33, 47, 55, 58, 62, 70] - 3571, [1, 3, 23, 33, 47, 55, 58, 62, 70] - 3571, [1, 3, 23, 33, 47, 55, 58, 62, 70] - 3571]
melhor indiv??duo da gera????o:[1, 3, 23, 33, 47, 55, 58, 62, 70] - 3571
gera????o: 59: 
[[1, 3, 23, 33, 47, 55, 58, 62, 70] - 3571, [1, 3, 23, 33, 47, 55, 58, 62, 70] - 3571, [1, 3, 23, 33, 47, 55, 58, 62, 70] - 3571, [1, 3, 23, 33, 47, 55, 58, 62, 70] - 3571, [1, 3, 23, 33, 47, 55, 58, 62, 70] - 3571, [1, 3, 23, 33, 47, 55, 58, 62, 70] - 3571, [1, 3, 23, 33, 47, 55, 58, 62, 70] - 3571, [1, 3, 23, 33, 47, 55, 58, 62, 70] - 3571, [1, 3, 23, 33, 47, 55, 58, 62, 70] - 3571]
melhor indiv??duo da gera????o:[1, 3, 23, 33, 47, 55, 58, 62, 70] - 3571
gera????o: 60: 
[[1, 3, 23, 33, 47, 55, 58, 62, 70] - 3571, [1, 3, 23, 33, 47, 55, 58, 62, 70] - 3571, [1, 3, 23, 33, 47, 55, 58, 62, 70] - 3571, [1, 3, 23, 33, 47, 55, 58, 62, 70] - 3571, [1, 3, 23, 33, 47, 55, 58, 62, 70] - 3571, [1, 3, 23, 33, 47, 55, 58, 62, 70] - 3571, [1, 3, 23, 33, 47, 55, 58, 62, 70] - 3571, [1, 3, 23, 33, 47, 55, 58, 62, 70] - 3571, [1, 3, 23, 33, 47, 55, 58, 62, 70] - 3571]
melhor indiv??duo da gera????o:[1, 3, 23, 33, 47, 55, 58, 62, 70] - 3571
gera????o: 61: 
[[1, 3, 23, 33, 47, 55, 58, 62, 70] - 3571, [1, 3, 23, 33, 47, 55, 58, 62, 70] - 3571, [1, 3, 23, 33, 47, 55, 58, 62, 70] - 3571, [1, 3, 23, 33, 47, 55, 58, 62, 70] - 3571, [1, 3, 23, 33, 47, 55, 58, 62, 70] - 3571, [1, 3, 23, 33, 47, 55, 58, 62, 70] - 3571, [1, 3, 23, 33, 47, 55, 58, 62, 70] - 3571, [1, 3, 23, 33, 47, 55, 58, 62, 70] - 3571, [1, 3, 23, 33, 47, 55, 58, 62, 70] - 3571]
melhor indiv??duo da gera????o:[1, 3, 23, 33, 47, 55, 58, 62, 70] - 3571
gera????o: 62: 
[[1, 3, 23, 33, 47, 55, 58, 62, 70] - 3571, [1, 3, 23, 33, 47, 55, 58, 62, 70] - 3571, [1, 3, 23, 33, 47, 55, 58, 62, 70] - 3571, [1, 3, 23, 33, 47, 55, 58, 62, 70] - 3571, [1, 3, 23, 33, 47, 55, 58, 62, 70] - 3571, [1, 3, 23, 33, 47, 55, 58, 62, 70] - 3571, [1, 3, 23, 33, 47, 55, 58, 62, 70] - 3571, [1, 3, 23, 33, 47, 55, 58, 62, 70] - 3571, [1, 3, 23, 33, 47, 55, 58, 62, 70] - 3571]
melhor indiv??duo da gera????o:[1, 3, 23, 33, 47, 55, 58, 62, 70] - 3571
gera????o: 63: 
[[1, 3, 23, 33, 47, 55, 58, 62, 70] - 3571, [1, 3, 23, 33, 47, 55, 58, 62, 70] - 3571, [1, 3, 23, 33, 47, 55, 58, 62, 70] - 3571, [1, 3, 23, 33, 47, 55, 58, 62, 70] - 3571, [1, 3, 23, 33, 47, 55, 58, 62, 70] - 3571, [1, 3, 23, 33, 47, 55, 58, 62, 70] - 3571, [1, 3, 23, 33, 47, 55, 58, 62, 70] - 3571, [1, 3, 23, 33, 47, 55, 58, 62, 70] - 3571, [1, 3, 23, 33, 47, 55, 58, 62, 70] - 3571]
melhor indiv??duo da gera????o:[1, 3, 23, 33, 47, 55, 58, 62, 70] - 3571
gera????o: 64: 
[[1, 3, 23, 33, 47, 55, 58, 62, 70] - 3571, [1, 3, 23, 33, 47, 55, 58, 62, 70] - 3571, [1, 3, 23, 33, 47, 55, 58, 62, 70] - 3571, [1, 3, 23, 33, 47, 55, 58, 62, 70] - 3571, [1, 3, 23, 33, 47, 55, 58, 62, 70] - 3571, [1, 3, 23, 33, 47, 55, 58, 62, 70] - 3571, [1, 3, 23, 33, 47, 55, 58, 62, 70] - 3571, [1, 3, 23, 33, 47, 55, 58, 62, 70] - 3571, [1, 3, 23, 33, 47, 55, 58, 62, 70] - 3571]
melhor indiv??duo da gera????o:[1, 3, 23, 33, 47, 55, 58, 62, 70] - 3571
gera????o: 65: 
[[1, 3, 23, 33, 47, 55, 58, 62, 70] - 3571, [1, 3, 23, 33, 47, 55, 58, 62, 70] - 3571, [1, 3, 23, 33, 47, 55, 58, 62, 70] - 3571, [1, 3, 23, 33, 47, 55, 58, 62, 70] - 3571, [1, 3, 23, 33, 47, 55, 58, 62, 70] - 3571, [1, 3, 23, 33, 47, 55, 58, 62, 70] - 3571, [1, 3, 23, 33, 47, 55, 58, 62, 70] - 3571, [1, 3, 23, 33, 47, 55, 58, 62, 70] - 3571, [1, 3, 23, 33, 47, 55, 58, 62, 70] - 3571]
melhor indiv??duo da gera????o:[1, 3, 23, 33, 47, 55, 58, 62, 70] - 3571
gera????o: 66: 
[[1, 3, 23, 33, 47, 55, 58, 62, 70] - 3571, [1, 3, 23, 33, 47, 55, 58, 62, 70] - 3571, [1, 3, 23, 33, 47, 55, 58, 62, 70] - 3571, [1, 3, 23, 33, 47, 55, 58, 62, 70] - 3571, [1, 3, 23, 33, 47, 55, 58, 62, 70] - 3571, [1, 3, 23, 33, 47, 55, 58, 62, 70] - 3571, [1, 3, 23, 33, 47, 55, 58, 62, 70] - 3571, [1, 3, 23, 33, 47, 55, 58, 62, 70] - 3571, [1, 3, 23, 33, 47, 55, 58, 62, 70] - 3571]
melhor indiv??duo da gera????o:[1, 3, 23, 33, 47, 55, 58, 62, 70] - 3571
gera????o: 67: 
[[1, 3, 23, 33, 47, 55, 58, 62, 70] - 3571, [1, 3, 23, 33, 47, 55, 58, 62, 70] - 3571, [1, 3, 23, 33, 47, 55, 58, 62, 70] - 3571, [1, 3, 23, 33, 47, 55, 58, 62, 70] - 3571, [1, 3, 23, 33, 47, 55, 58, 62, 70] - 3571, [1, 3, 23, 33, 47, 55, 58, 62, 70] - 3571, [1, 3, 23, 33, 47, 55, 58, 62, 70] - 3571, [1, 3, 23, 33, 47, 55, 58, 62, 70] - 3571, [1, 3, 23, 33, 47, 55, 58, 62, 70] - 3571]
melhor indiv??duo da gera????o:[1, 3, 23, 33, 47, 55, 58, 62, 70] - 3571
gera????o: 68: 
[[1, 3, 23, 33, 47, 55, 58, 62, 70] - 3571, [1, 3, 23, 33, 47, 55, 58, 62, 70] - 3571, [1, 3, 23, 33, 47, 55, 58, 62, 70] - 3571, [1, 3, 23, 33, 47, 55, 58, 62, 70] - 3571, [1, 3, 23, 33, 47, 55, 58, 62, 70] - 3571, [1, 3, 23, 33, 47, 55, 58, 62, 70] - 3571, [1, 3, 23, 33, 47, 55, 58, 62, 70] - 3571, [1, 3, 23, 33, 47, 55, 58, 62, 70] - 3571, [1, 3, 23, 33, 47, 55, 58, 62, 70] - 3571]
melhor indiv??duo da gera????o:[1, 3, 23, 33, 47, 55, 58, 62, 70] - 3571
gera????o: 69: 
[[1, 3, 23, 33, 47, 55, 58, 62, 70] - 3571, [1, 3, 23, 33, 47, 55, 58, 62, 70] - 3571, [1, 3, 23, 33, 47, 55, 58, 62, 70] - 3571, [1, 3, 23, 33, 47, 55, 58, 62, 70] - 3571, [1, 3, 23, 33, 47, 55, 58, 62, 70] - 3571, [1, 3, 23, 33, 47, 55, 58, 62, 70] - 3571, [1, 3, 23, 33, 47, 55, 58, 62, 70] - 3571, [1, 3, 23, 33, 47, 55, 58, 62, 70] - 3571, [1, 3, 23, 33, 47, 55, 58, 62, 70] - 3571]
melhor indiv??duo da gera????o:[1, 3, 23, 33, 47, 55, 58, 62, 70] - 3571
gera????o: 70: 
[[1, 3, 23, 33, 47, 55, 58, 62, 70] - 3571, [1, 3, 23, 33, 47, 55, 58, 62, 70] - 3571, [1, 3, 23, 33, 47, 55, 58, 62, 70] - 3571, [1, 3, 23, 33, 47, 55, 58, 62, 70] - 3571, [1, 3, 23, 33, 47, 55, 58, 62, 70] - 3571, [1, 3, 23, 33, 47, 55, 58, 62, 70] - 3571, [1, 3, 23, 33, 47, 55, 58, 62, 70] - 3571, [1, 3, 23, 33, 47, 55, 58, 62, 70] - 3571, [1, 3, 23, 33, 47, 55, 58, 62, 70] - 3571]
melhor indiv??duo da gera????o:[1, 3, 23, 33, 47, 55, 58, 62, 70] - 3571
gera????o: 71: 
[[1, 3, 23, 33, 47, 55, 58, 62, 70] - 3571, [1, 3, 23, 33, 47, 55, 58, 62, 70] - 3571, [1, 3, 23, 33, 47, 55, 58, 62, 70] - 3571, [1, 3, 23, 33, 47, 55, 58, 62, 70] - 3571, [1, 3, 23, 33, 47, 55, 58, 62, 70] - 3571, [1, 3, 23, 33, 47, 55, 58, 62, 70] - 3571, [1, 3, 23, 33, 47, 55, 58, 62, 70] - 3571, [1, 3, 23, 33, 47, 55, 58, 62, 70] - 3571, [1, 3, 23, 33, 47, 55, 58, 62, 70] - 3571]
melhor indiv??duo da gera????o:[1, 3, 23, 33, 47, 55, 58, 62, 70] - 3571
gera????o: 72: 
[[1, 3, 23, 33, 47, 55, 58, 62, 70] - 3571, [1, 3, 23, 33, 47, 55, 58, 62, 70] - 3571, [1, 3, 23, 33, 47, 55, 58, 62, 70] - 3571, [1, 3, 23, 33, 47, 55, 58, 62, 70] - 3571, [1, 3, 23, 33, 47, 55, 58, 62, 70] - 3571, [1, 3, 23, 33, 47, 55, 58, 62, 70] - 3571, [1, 3, 23, 33, 47, 55, 58, 62, 70] - 3571, [1, 3, 23, 33, 47, 55, 58, 62, 70] - 3571, [1, 3, 23, 33, 47, 55, 58, 62, 70] - 3571]
melhor indiv??duo da gera????o:[1, 3, 23, 33, 47, 55, 58, 62, 70] - 3571
gera????o: 73: 
[[1, 3, 23, 33, 47, 55, 58, 62, 70] - 3571, [1, 3, 23, 33, 47, 55, 58, 62, 70] - 3571, [1, 3, 23, 33, 47, 55, 58, 62, 70] - 3571, [1, 3, 23, 33, 47, 55, 58, 62, 70] - 3571, [1, 3, 23, 33, 47, 55, 58, 62, 70] - 3571, [1, 3, 23, 33, 47, 55, 58, 62, 70] - 3571, [1, 3, 23, 33, 47, 55, 58, 62, 70] - 3571, [1, 3, 23, 33, 47, 55, 58, 62, 70] - 3571, [1, 3, 23, 33, 47, 55, 58, 62, 70] - 3571]
melhor indiv??duo da gera????o:[1, 3, 23, 33, 47, 55, 58, 62, 70] - 3571
gera????o: 74: 
[[1, 3, 23, 33, 47, 55, 58, 62, 70] - 3571, [1, 3, 23, 33, 47, 55, 58, 62, 70] - 3571, [1, 3, 23, 33, 47, 55, 58, 62, 70] - 3571, [1, 3, 23, 33, 47, 55, 58, 62, 70] - 3571, [1, 3, 23, 33, 47, 55, 58, 62, 70] - 3571, [1, 3, 23, 33, 47, 55, 58, 62, 70] - 3571, [1, 3, 23, 33, 47, 55, 58, 62, 70] - 3571, [1, 3, 23, 33, 47, 55, 58, 62, 70] - 3571, [1, 3, 23, 33, 47, 55, 58, 62, 70] - 3571]
melhor indiv??duo da gera????o:[1, 3, 23, 33, 47, 55, 58, 62, 70] - 3571
gera????o: 75: 
[[1, 3, 23, 33, 47, 55, 58, 62, 70] - 3571, [1, 3, 23, 33, 47, 55, 58, 62, 70] - 3571, [1, 3, 23, 33, 47, 55, 58, 62, 70] - 3571, [1, 3, 23, 33, 47, 55, 58, 62, 70] - 3571, [1, 3, 23, 33, 47, 55, 58, 62, 70] - 3571, [1, 3, 23, 33, 47, 55, 58, 62, 70] - 3571, [1, 3, 23, 33, 47, 55, 58, 62, 70] - 3571, [1, 3, 23, 33, 47, 55, 58, 62, 70] - 3571, [1, 3, 23, 33, 47, 55, 58, 62, 70] - 3571]
melhor indiv??duo da gera????o:[1, 3, 23, 33, 47, 55, 58, 62, 70] - 3571
gera????o: 76: 
[[1, 3, 23, 33, 47, 55, 58, 62, 70] - 3571, [1, 3, 23, 33, 47, 55, 58, 62, 70] - 3571, [1, 3, 23, 33, 47, 55, 58, 62, 70] - 3571, [1, 3, 23, 33, 47, 55, 58, 62, 70] - 3571, [1, 3, 23, 33, 47, 55, 58, 62, 70] - 3571, [1, 3, 23, 33, 47, 55, 58, 62, 70] - 3571, [1, 3, 23, 33, 47, 55, 58, 62, 70] - 3571, [1, 3, 23, 33, 47, 55, 58, 62, 70] - 3571, [1, 3, 23, 33, 47, 55, 58, 62, 70] - 3571]
melhor indiv??duo da gera????o:[1, 3, 23, 33, 47, 55, 58, 62, 70] - 3571
gera????o: 77: 
[[1, 3, 23, 33, 47, 55, 58, 62, 70] - 3571, [1, 3, 23, 33, 47, 55, 58, 62, 70] - 3571, [1, 3, 23, 33, 47, 55, 58, 62, 70] - 3571, [1, 3, 23, 33, 47, 55, 58, 62, 70] - 3571, [1, 3, 23, 33, 47, 55, 58, 62, 70] - 3571, [1, 3, 23, 33, 47, 55, 58, 62, 70] - 3571, [1, 3, 23, 33, 47, 55, 58, 62, 70] - 3571, [1, 3, 23, 33, 47, 55, 58, 62, 70] - 3571, [1, 3, 23, 33, 47, 55, 58, 62, 70] - 3571]
melhor indiv??duo da gera????o:[1, 3, 23, 33, 47, 55, 58, 62, 70] - 3571
gera????o: 78: 
[[1, 3, 23, 33, 47, 55, 58, 62, 70] - 3571, [1, 3, 23, 33, 47, 55, 58, 62, 70] - 3571, [1, 3, 23, 33, 47, 55, 58, 62, 70] - 3571, [1, 3, 23, 33, 47, 55, 58, 62, 70] - 3571, [1, 3, 23, 33, 47, 55, 58, 62, 70] - 3571, [1, 3, 23, 33, 47, 55, 58, 62, 70] - 3571, [1, 3, 23, 33, 47, 55, 58, 62, 70] - 3571, [1, 3, 23, 33, 47, 55, 58, 62, 70] - 3571, [1, 3, 23, 33, 47, 55, 58, 62, 70] - 3571]
melhor indiv??duo da gera????o:[1, 3, 23, 33, 47, 55, 58, 62, 70] - 3571
gera????o: 79: 
[[1, 3, 23, 33, 47, 55, 58, 62, 70] - 3571, [1, 3, 23, 33, 47, 55, 58, 62, 70] - 3571, [1, 3, 23, 33, 47, 55, 58, 62, 70] - 3571, [1, 3, 23, 33, 47, 55, 58, 62, 70] - 3571, [1, 3, 23, 33, 47, 55, 58, 62, 70] - 3571, [1, 3, 23, 33, 47, 55, 58, 62, 70] - 3571, [1, 3, 23, 33, 47, 55, 58, 62, 70] - 3571, [1, 3, 23, 33, 47, 55, 58, 62, 70] - 3571, [1, 3, 23, 33, 47, 55, 58, 62, 70] - 3571]
melhor indiv??duo da gera????o:[1, 3, 23, 33, 47, 55, 58, 62, 70] - 3571
gera????o: 80: 
[[1, 3, 23, 33, 47, 55, 58, 62, 70] - 3571, [1, 3, 23, 33, 47, 55, 58, 62, 70] - 3571, [1, 3, 23, 33, 47, 55, 58, 62, 70] - 3571, [1, 3, 23, 33, 47, 55, 58, 62, 70] - 3571, [1, 3, 23, 33, 47, 55, 58, 62, 70] - 3571, [1, 3, 23, 33, 47, 55, 58, 62, 70] - 3571, [1, 3, 23, 33, 47, 55, 58, 62, 70] - 3571, [1, 3, 23, 33, 47, 55, 58, 62, 70] - 3571, [1, 3, 23, 33, 47, 55, 58, 62, 70] - 3571]
melhor indiv??duo da gera????o:[1, 3, 23, 33, 47, 55, 58, 62, 70] - 3571
gera????o: 81: 
[[1, 3, 23, 33, 47, 55, 58, 62, 70] - 3571, [1, 3, 23, 33, 47, 55, 58, 62, 70] - 3571, [1, 3, 23, 33, 47, 55, 58, 62, 70] - 3571, [1, 3, 23, 33, 47, 55, 58, 62, 70] - 3571, [1, 3, 23, 33, 47, 55, 58, 62, 70] - 3571, [1, 3, 23, 33, 47, 55, 58, 62, 70] - 3571, [1, 3, 23, 33, 47, 55, 58, 62, 70] - 3571, [1, 3, 23, 33, 47, 55, 58, 62, 70] - 3571, [1, 3, 23, 33, 47, 55, 58, 62, 70] - 3571]
melhor indiv??duo da gera????o:[1, 3, 23, 33, 47, 55, 58, 62, 70] - 3571
gera????o: 82: 
[[1, 3, 23, 33, 47, 55, 58, 62, 70] - 3571, [1, 3, 23, 33, 47, 55, 58, 62, 70] - 3571, [1, 3, 23, 33, 47, 55, 58, 62, 70] - 3571, [1, 3, 23, 33, 47, 55, 58, 62, 70] - 3571, [1, 3, 23, 33, 47, 55, 58, 62, 70] - 3571, [1, 3, 23, 33, 47, 55, 58, 62, 70] - 3571, [1, 3, 23, 33, 47, 55, 58, 62, 70] - 3571, [1, 3, 23, 33, 47, 55, 58, 62, 70] - 3571, [1, 3, 23, 33, 47, 55, 58, 62, 70] - 3571]
melhor indiv??duo da gera????o:[1, 3, 23, 33, 47, 55, 58, 62, 70] - 3571
gera????o: 83: 
[[1, 3, 23, 33, 47, 55, 58, 62, 70] - 3571, [1, 3, 23, 33, 47, 55, 58, 62, 70] - 3571, [1, 3, 23, 33, 47, 55, 58, 62, 70] - 3571, [1, 3, 23, 33, 47, 55, 58, 62, 70] - 3571, [1, 3, 23, 33, 47, 55, 58, 62, 70] - 3571, [1, 3, 23, 33, 47, 55, 58, 62, 70] - 3571, [1, 3, 23, 33, 47, 55, 58, 62, 70] - 3571, [1, 3, 23, 33, 47, 55, 58, 62, 70] - 3571, [1, 3, 23, 33, 47, 55, 58, 62, 70] - 3571]
melhor indiv??duo da gera????o:[1, 3, 23, 33, 47, 55, 58, 62, 70] - 3571
gera????o: 84: 
[[1, 3, 23, 33, 47, 55, 58, 62, 70] - 3571, [1, 3, 23, 33, 47, 55, 58, 62, 70] - 3571, [1, 3, 23, 33, 47, 55, 58, 62, 70] - 3571, [1, 3, 23, 33, 47, 55, 58, 62, 70] - 3571, [1, 3, 23, 33, 47, 55, 58, 62, 70] - 3571, [1, 3, 23, 33, 47, 55, 58, 62, 70] - 3571, [1, 3, 23, 33, 47, 55, 58, 62, 70] - 3571, [1, 3, 23, 33, 47, 55, 58, 62, 70] - 3571, [1, 3, 23, 33, 47, 55, 58, 62, 70] - 3571]
melhor indiv??duo da gera????o:[1, 3, 23, 33, 47, 55, 58, 62, 70] - 3571
gera????o: 85: 
[[1, 3, 23, 33, 47, 55, 58, 62, 70] - 3571, [1, 3, 23, 33, 47, 55, 58, 62, 70] - 3571, [1, 3, 23, 33, 47, 55, 58, 62, 70] - 3571, [1, 3, 23, 33, 47, 55, 58, 62, 70] - 3571, [1, 3, 23, 33, 47, 55, 58, 62, 70] - 3571, [1, 3, 23, 33, 47, 55, 58, 62, 70] - 3571, [1, 3, 23, 33, 47, 55, 58, 62, 70] - 3571, [1, 3, 23, 33, 47, 55, 58, 62, 70] - 3571, [1, 3, 23, 33, 47, 55, 58, 62, 70] - 3571]
melhor indiv??duo da gera????o:[1, 3, 23, 33, 47, 55, 58, 62, 70] - 3571
gera????o: 86: 
[[1, 3, 23, 33, 47, 55, 58, 62, 70] - 3571, [1, 3, 23, 33, 47, 55, 58, 62, 70] - 3571, [1, 3, 23, 33, 47, 55, 58, 62, 70] - 3571, [1, 3, 23, 33, 47, 55, 58, 62, 70] - 3571, [1, 3, 23, 33, 47, 55, 58, 62, 70] - 3571, [1, 3, 23, 33, 47, 55, 58, 62, 70] - 3571, [1, 3, 23, 33, 47, 55, 58, 62, 70] - 3571, [1, 3, 23, 33, 47, 55, 58, 62, 70] - 3571, [1, 3, 23, 33, 47, 55, 58, 62, 70] - 3571]
melhor indiv??duo da gera????o:[1, 3, 23, 33, 47, 55, 58, 62, 70] - 3571
gera????o: 87: 
[[1, 3, 23, 33, 47, 55, 58, 62, 70] - 3571, [1, 3, 23, 33, 47, 55, 58, 62, 70] - 3571, [1, 3, 23, 33, 47, 55, 58, 62, 70] - 3571, [1, 3, 23, 33, 47, 55, 58, 62, 70] - 3571, [1, 3, 23, 33, 47, 55, 58, 62, 70] - 3571, [1, 3, 23, 33, 47, 55, 58, 62, 70] - 3571, [1, 3, 23, 33, 47, 55, 58, 62, 70] - 3571, [1, 3, 23, 33, 47, 55, 58, 62, 70] - 3571, [1, 3, 23, 33, 47, 55, 58, 62, 70] - 3571]
melhor indiv??duo da gera????o:[1, 3, 23, 33, 47, 55, 58, 62, 70] - 3571
gera????o: 88: 
[[1, 3, 23, 33, 47, 55, 58, 62, 70] - 3571, [1, 3, 23, 33, 47, 55, 58, 62, 70] - 3571, [1, 3, 23, 33, 47, 55, 58, 62, 70] - 3571, [1, 3, 23, 33, 47, 55, 58, 62, 70] - 3571, [1, 3, 23, 33, 47, 55, 58, 62, 70] - 3571, [1, 3, 23, 33, 47, 55, 58, 62, 70] - 3571, [1, 3, 23, 33, 47, 55, 58, 62, 70] - 3571, [1, 3, 23, 33, 47, 55, 58, 62, 70] - 3571, [1, 3, 23, 33, 47, 55, 58, 62, 70] - 3571]
melhor indiv??duo da gera????o:[1, 3, 23, 33, 47, 55, 58, 62, 70] - 3571
gera????o: 89: 
[[1, 3, 23, 33, 47, 55, 58, 62, 70] - 3571, [1, 3, 23, 33, 47, 55, 58, 62, 70] - 3571, [1, 3, 23, 33, 47, 55, 58, 62, 70] - 3571, [1, 3, 23, 33, 47, 55, 58, 62, 70] - 3571, [1, 3, 23, 33, 47, 55, 58, 62, 70] - 3571, [1, 3, 23, 33, 47, 55, 58, 62, 70] - 3571, [1, 3, 23, 33, 47, 55, 58, 62, 70] - 3571, [1, 3, 23, 33, 47, 55, 58, 62, 70] - 3571, [1, 3, 23, 33, 47, 55, 58, 62, 70] - 3571]
melhor indiv??duo da gera????o:[1, 3, 23, 33, 47, 55, 58, 62, 70] - 3571
gera????o: 90: 
[[1, 3, 23, 33, 47, 55, 58, 62, 70] - 3571, [1, 3, 23, 33, 47, 55, 58, 62, 70] - 3571, [1, 3, 23, 33, 47, 55, 58, 62, 70] - 3571, [1, 3, 23, 33, 47, 55, 58, 62, 70] - 3571, [1, 3, 23, 33, 47, 55, 58, 62, 70] - 3571, [1, 3, 23, 33, 47, 55, 58, 62, 70] - 3571, [1, 3, 23, 33, 47, 55, 58, 62, 70] - 3571, [1, 3, 23, 33, 47, 55, 58, 62, 70] - 3571, [1, 3, 23, 33, 47, 55, 58, 62, 70] - 3571]
melhor indiv??duo da gera????o:[1, 3, 23, 33, 47, 55, 58, 62, 70] - 3571
gera????o: 91: 
[[1, 3, 23, 33, 47, 55, 58, 62, 70] - 3571, [1, 3, 23, 33, 47, 55, 58, 62, 70] - 3571, [1, 3, 23, 33, 47, 55, 58, 62, 70] - 3571, [1, 3, 23, 33, 47, 55, 58, 62, 70] - 3571, [1, 3, 23, 33, 47, 55, 58, 62, 70] - 3571, [1, 3, 23, 33, 47, 55, 58, 62, 70] - 3571, [1, 3, 23, 33, 47, 55, 58, 62, 70] - 3571, [1, 3, 23, 33, 47, 55, 58, 62, 70] - 3571, [1, 3, 23, 33, 47, 55, 58, 62, 70] - 3571]
melhor indiv??duo da gera????o:[1, 3, 23, 33, 47, 55, 58, 62, 70] - 3571
gera????o: 92: 
[[1, 3, 23, 33, 47, 55, 58, 62, 70] - 3571, [1, 3, 23, 33, 47, 55, 58, 62, 70] - 3571, [1, 3, 23, 33, 47, 55, 58, 62, 70] - 3571, [1, 3, 23, 33, 47, 55, 58, 62, 70] - 3571, [1, 3, 23, 33, 47, 55, 58, 62, 70] - 3571, [1, 3, 23, 33, 47, 55, 58, 62, 70] - 3571, [1, 3, 23, 33, 47, 55, 58, 62, 70] - 3571, [1, 3, 23, 33, 47, 55, 58, 62, 70] - 3571, [1, 3, 23, 33, 47, 55, 58, 62, 70] - 3571]
melhor indiv??duo da gera????o:[1, 3, 23, 33, 47, 55, 58, 62, 70] - 3571
gera????o: 93: 
[[1, 3, 23, 33, 47, 55, 58, 62, 70] - 3571, [1, 3, 23, 33, 47, 55, 58, 62, 70] - 3571, [1, 3, 23, 33, 47, 55, 58, 62, 70] - 3571, [1, 3, 23, 33, 47, 55, 58, 62, 70] - 3571, [1, 3, 23, 33, 47, 55, 58, 62, 70] - 3571, [1, 3, 23, 33, 47, 55, 58, 62, 70] - 3571, [1, 3, 23, 33, 47, 55, 58, 62, 70] - 3571, [1, 3, 23, 33, 47, 55, 58, 62, 70] - 3571, [1, 3, 23, 33, 47, 55, 58, 62, 70] - 3571]
melhor indiv??duo da gera????o:[1, 3, 23, 33, 47, 55, 58, 62, 70] - 3571
gera????o: 94: 
[[1, 3, 23, 33, 47, 55, 58, 62, 70] - 3571, [1, 3, 23, 33, 47, 55, 58, 62, 70] - 3571, [1, 3, 23, 33, 47, 55, 58, 62, 70] - 3571, [1, 3, 23, 33, 47, 55, 58, 62, 70] - 3571, [1, 3, 23, 33, 47, 55, 58, 62, 70] - 3571, [1, 3, 23, 33, 47, 55, 58, 62, 70] - 3571, [1, 3, 23, 33, 47, 55, 58, 62, 70] - 3571, [1, 3, 23, 33, 47, 55, 58, 62, 70] - 3571, [1, 3, 23, 33, 47, 55, 58, 62, 70] - 3571]
melhor indiv??duo da gera????o:[1, 3, 23, 33, 47, 55, 58, 62, 70] - 3571
gera????o: 95: 
[[1, 3, 23, 33, 47, 55, 58, 62, 70] - 3571, [1, 3, 23, 33, 47, 55, 58, 62, 70] - 3571, [1, 3, 23, 33, 47, 55, 58, 62, 70] - 3571, [1, 3, 23, 33, 47, 55, 58, 62, 70] - 3571, [1, 3, 23, 33, 47, 55, 58, 62, 70] - 3571, [1, 3, 23, 33, 47, 55, 58, 62, 70] - 3571, [1, 3, 23, 33, 47, 55, 58, 62, 70] - 3571, [1, 3, 23, 33, 47, 55, 58, 62, 70] - 3571, [1, 3, 23, 33, 47, 55, 58, 62, 70] - 3571]
melhor indiv??duo da gera????o:[1, 3, 23, 33, 47, 55, 58, 62, 70] - 3571
gera????o: 96: 
[[1, 3, 23, 33, 47, 55, 58, 62, 70] - 3571, [1, 3, 23, 33, 47, 55, 58, 62, 70] - 3571, [1, 3, 23, 33, 47, 55, 58, 62, 70] - 3571, [1, 3, 23, 33, 47, 55, 58, 62, 70] - 3571, [1, 3, 23, 33, 47, 55, 58, 62, 70] - 3571, [1, 3, 23, 33, 47, 55, 58, 62, 70] - 3571, [1, 3, 23, 33, 47, 55, 58, 62, 70] - 3571, [1, 3, 23, 33, 47, 55, 58, 62, 70] - 3571, [1, 3, 23, 33, 47, 55, 58, 62, 70] - 3571]
melhor indiv??duo da gera????o:[1, 3, 23, 33, 47, 55, 58, 62, 70] - 3571
gera????o: 97: 
[[1, 3, 23, 33, 47, 55, 58, 62, 70] - 3571, [1, 3, 23, 33, 47, 55, 58, 62, 70] - 3571, [1, 3, 23, 33, 47, 55, 58, 62, 70] - 3571, [1, 3, 23, 33, 47, 55, 58, 62, 70] - 3571, [1, 3, 23, 33, 47, 55, 58, 62, 70] - 3571, [1, 3, 23, 33, 47, 55, 58, 62, 70] - 3571, [1, 3, 23, 33, 47, 55, 58, 62, 70] - 3571, [1, 3, 23, 33, 47, 55, 58, 62, 70] - 3571, [1, 3, 23, 33, 47, 55, 58, 62, 70] - 3571]
melhor indiv??duo da gera????o:[1, 3, 23, 33, 47, 55, 58, 62, 70] - 3571
gera????o: 98: 
[[1, 3, 23, 33, 47, 55, 58, 62, 70] - 3571, [1, 3, 23, 33, 47, 55, 58, 62, 70] - 3571, [1, 3, 23, 33, 47, 55, 58, 62, 70] - 3571, [1, 3, 23, 33, 47, 55, 58, 62, 70] - 3571, [1, 3, 23, 33, 47, 55, 58, 62, 70] - 3571, [1, 3, 23, 33, 47, 55, 58, 62, 70] - 3571, [1, 3, 23, 33, 47, 55, 58, 62, 70] - 3571, [1, 3, 23, 33, 47, 55, 58, 62, 70] - 3571, [1, 3, 23, 33, 47, 55, 58, 62, 70] - 3571]
melhor indiv??duo da gera????o:[1, 3, 23, 33, 47, 55, 58, 62, 70] - 3571
gera????o: 99: 
[[1, 3, 23, 33, 47, 55, 58, 62, 70] - 3571, [1, 3, 23, 33, 47, 55, 58, 62, 70] - 3571, [1, 3, 23, 33, 47, 55, 58, 62, 70] - 3571, [1, 3, 23, 33, 47, 55, 58, 62, 70] - 3571, [1, 3, 23, 33, 47, 55, 58, 62, 70] - 3571, [1, 3, 23, 33, 47, 55, 58, 62, 70] - 3571, [1, 3, 23, 33, 47, 55, 58, 62, 70] - 3571, [1, 3, 23, 33, 47, 55, 58, 62, 70] - 3571, [1, 3, 23, 33, 47, 55, 58, 62, 70] - 3571]
melhor indiv??duo da gera????o:[1, 3, 23, 33, 47, 55, 58, 62, 70] - 3571
gera????o: 100: 
[[1, 3, 23, 33, 47, 55, 58, 62, 70] - 3571, [1, 3, 23, 33, 47, 55, 58, 62, 70] - 3571, [1, 3, 23, 33, 47, 55, 58, 62, 70] - 3571, [1, 3, 23, 33, 47, 55, 58, 62, 70] - 3571, [1, 3, 23, 33, 47, 55, 58, 62, 70] - 3571, [1, 3, 23, 33, 47, 55, 58, 62, 70] - 3571, [1, 3, 23, 33, 47, 55, 58, 62, 70] - 3571, [1, 3, 23, 33, 47, 55, 58, 62, 70] - 3571, [1, 3, 23, 33, 47, 55, 58, 62, 70] - 3571]
melhor indiv??duo da gera????o:[1, 3, 23, 33, 47, 55, 58, 62, 70] - 3571
gera????o: 101: 
[[1, 3, 23, 33, 47, 55, 58, 62, 70] - 3571, [1, 3, 23, 33, 47, 55, 58, 62, 70] - 3571, [1, 3, 23, 33, 47, 55, 58, 62, 70] - 3571, [1, 3, 23, 33, 47, 55, 58, 62, 70] - 3571, [1, 3, 23, 33, 47, 55, 58, 62, 70] - 3571, [1, 3, 23, 33, 47, 55, 58, 62, 70] - 3571, [1, 3, 23, 33, 47, 55, 58, 62, 70] - 3571, [1, 3, 23, 33, 47, 55, 58, 62, 70] - 3571, [1, 3, 23, 33, 47, 55, 58, 62, 70] - 3571]
melhor indiv??duo da gera????o:[1, 3, 23, 33, 47, 55, 58, 62, 70] - 3571
gera????o: 102: 
[[1, 3, 23, 33, 47, 55, 58, 62, 70] - 3571, [1, 3, 23, 33, 47, 55, 58, 62, 70] - 3571, [1, 3, 23, 33, 47, 55, 58, 62, 70] - 3571, [1, 3, 23, 33, 47, 55, 58, 62, 70] - 3571, [1, 3, 23, 33, 47, 55, 58, 62, 70] - 3571, [1, 3, 23, 33, 47, 55, 58, 62, 70] - 3571, [1, 3, 23, 33, 47, 55, 58, 62, 70] - 3571, [1, 3, 23, 33, 47, 55, 58, 62, 70] - 3571, [1, 3, 23, 33, 47, 55, 58, 62, 70] - 3571]
melhor indiv??duo da gera????o:[1, 3, 23, 33, 47, 55, 58, 62, 70] - 3571
gera????o: 103: 
[[1, 3, 23, 33, 47, 55, 58, 62, 70] - 3571, [1, 3, 23, 33, 47, 55, 58, 62, 70] - 3571, [1, 3, 23, 33, 47, 55, 58, 62, 70] - 3571, [1, 3, 23, 33, 47, 55, 58, 62, 70] - 3571, [1, 3, 23, 33, 47, 55, 58, 62, 70] - 3571, [1, 3, 23, 33, 47, 55, 58, 62, 70] - 3571, [1, 3, 23, 33, 47, 55, 58, 62, 70] - 3571, [1, 3, 23, 33, 47, 55, 58, 62, 70] - 3571, [1, 3, 23, 33, 47, 55, 58, 62, 70] - 3571]
melhor indiv??duo da gera????o:[1, 3, 23, 33, 47, 55, 58, 62, 70] - 3571
gera????o: 104: 
[[1, 3, 23, 33, 47, 55, 58, 62, 70] - 3571, [1, 3, 23, 33, 47, 55, 58, 62, 70] - 3571, [1, 3, 23, 33, 47, 55, 58, 62, 70] - 3571, [1, 3, 23, 33, 47, 55, 58, 62, 70] - 3571, [1, 3, 23, 33, 47, 55, 58, 62, 70] - 3571, [1, 3, 23, 33, 47, 55, 58, 62, 70] - 3571, [1, 3, 23, 33, 47, 55, 58, 62, 70] - 3571, [1, 3, 23, 33, 47, 55, 58, 62, 70] - 3571, [1, 3, 23, 33, 47, 55, 58, 62, 70] - 3571]
melhor indiv??duo da gera????o:[1, 3, 23, 33, 47, 55, 58, 62, 70] - 3571
gera????o: 105: 
[[1, 3, 23, 33, 47, 55, 58, 62, 70] - 3571, [1, 3, 23, 33, 47, 55, 58, 62, 70] - 3571, [1, 3, 23, 33, 47, 55, 58, 62, 70] - 3571, [1, 3, 23, 33, 47, 55, 58, 62, 70] - 3571, [1, 3, 23, 33, 47, 55, 58, 62, 70] - 3571, [1, 3, 23, 33, 47, 55, 58, 62, 70] - 3571, [1, 3, 23, 33, 47, 55, 58, 62, 70] - 3571, [1, 3, 23, 33, 47, 55, 58, 62, 70] - 3571, [1, 3, 23, 33, 47, 55, 58, 62, 70] - 3571]
melhor indiv??duo da gera????o:[1, 3, 23, 33, 47, 55, 58, 62, 70] - 3571
gera????o: 106: 
[[1, 3, 23, 33, 47, 55, 58, 62, 70] - 3571, [1, 3, 23, 33, 47, 55, 58, 62, 70] - 3571, [1, 3, 23, 33, 47, 55, 58, 62, 70] - 3571, [1, 3, 23, 33, 47, 55, 58, 62, 70] - 3571, [1, 3, 23, 33, 47, 55, 58, 62, 70] - 3571, [1, 3, 23, 33, 47, 55, 58, 62, 70] - 3571, [1, 3, 23, 33, 47, 55, 58, 62, 70] - 3571, [1, 3, 23, 33, 47, 55, 58, 62, 70] - 3571, [1, 3, 23, 33, 47, 55, 58, 62, 70] - 3571]
melhor indiv??duo da gera????o:[1, 3, 23, 33, 47, 55, 58, 62, 70] - 3571
gera????o: 107: 
[[1, 3, 23, 33, 47, 55, 58, 62, 70] - 3571, [1, 3, 23, 33, 47, 55, 58, 62, 70] - 3571, [1, 3, 23, 33, 47, 55, 58, 62, 70] - 3571, [1, 3, 23, 33, 47, 55, 58, 62, 70] - 3571, [1, 3, 23, 33, 47, 55, 58, 62, 70] - 3571, [1, 3, 23, 33, 47, 55, 58, 62, 70] - 3571, [1, 3, 23, 33, 47, 55, 58, 62, 70] - 3571, [1, 3, 23, 33, 47, 55, 58, 62, 70] - 3571, [1, 3, 23, 33, 47, 55, 58, 62, 70] - 3571]
melhor indiv??duo da gera????o:[1, 3, 23, 33, 47, 55, 58, 62, 70] - 3571
gera????o: 108: 
[[1, 3, 23, 33, 47, 55, 58, 62, 70] - 3571, [1, 3, 23, 33, 47, 55, 58, 62, 70] - 3571, [1, 3, 23, 33, 47, 55, 58, 62, 70] - 3571, [1, 3, 23, 33, 47, 55, 58, 62, 70] - 3571, [1, 3, 23, 33, 47, 55, 58, 62, 70] - 3571, [1, 3, 23, 33, 47, 55, 58, 62, 70] - 3571, [1, 3, 23, 33, 47, 55, 58, 62, 70] - 3571, [1, 3, 23, 33, 47, 55, 58, 62, 70] - 3571, [1, 3, 23, 33, 47, 55, 58, 62, 70] - 3571]
melhor indiv??duo da gera????o:[1, 3, 23, 33, 47, 55, 58, 62, 70] - 3571
gera????o: 109: 
[[1, 3, 23, 33, 47, 55, 58, 62, 70] - 3571, [1, 3, 23, 33, 47, 55, 58, 62, 70] - 3571, [1, 3, 23, 33, 47, 55, 58, 62, 70] - 3571, [1, 3, 23, 33, 47, 55, 58, 62, 70] - 3571, [1, 3, 23, 33, 47, 55, 58, 62, 70] - 3571, [1, 3, 23, 33, 47, 55, 58, 62, 70] - 3571, [1, 3, 23, 33, 47, 55, 58, 62, 70] - 3571, [1, 3, 23, 33, 47, 55, 58, 62, 70] - 3571, [1, 3, 23, 33, 47, 55, 58, 62, 70] - 3571]
melhor indiv??duo da gera????o:[1, 3, 23, 33, 47, 55, 58, 62, 70] - 3571
gera????o: 110: 
[[1, 3, 23, 33, 47, 55, 58, 62, 70] - 3571, [1, 3, 23, 33, 47, 55, 58, 62, 70] - 3571, [1, 3, 23, 33, 47, 55, 58, 62, 70] - 3571, [1, 3, 23, 33, 47, 55, 58, 62, 70] - 3571, [1, 3, 23, 33, 47, 55, 58, 62, 70] - 3571, [1, 3, 23, 33, 47, 55, 58, 62, 70] - 3571, [1, 3, 23, 33, 47, 55, 58, 62, 70] - 3571, [1, 3, 23, 33, 47, 55, 58, 62, 70] - 3571, [1, 3, 23, 33, 47, 55, 58, 62, 70] - 3571]
melhor indiv??duo da gera????o:[1, 3, 23, 33, 47, 55, 58, 62, 70] - 3571
gera????o: 111: 
[[1, 3, 23, 33, 47, 55, 58, 62, 70] - 3571, [1, 3, 23, 33, 47, 55, 58, 62, 70] - 3571, [1, 3, 23, 33, 47, 55, 58, 62, 70] - 3571, [1, 3, 23, 33, 47, 55, 58, 62, 70] - 3571, [1, 3, 23, 33, 47, 55, 58, 62, 70] - 3571, [1, 3, 23, 33, 47, 55, 58, 62, 70] - 3571, [1, 3, 23, 33, 47, 55, 58, 62, 70] - 3571, [1, 3, 23, 33, 47, 55, 58, 62, 70] - 3571, [1, 3, 23, 33, 47, 55, 58, 62, 70] - 3571]
melhor indiv??duo da gera????o:[1, 3, 23, 33, 47, 55, 58, 62, 70] - 3571
gera????o: 112: 
[[1, 3, 23, 33, 47, 55, 58, 62, 70] - 3571, [1, 3, 23, 33, 47, 55, 58, 62, 70] - 3571, [1, 3, 23, 33, 47, 55, 58, 62, 70] - 3571, [1, 3, 23, 33, 47, 55, 58, 62, 70] - 3571, [1, 3, 23, 33, 47, 55, 58, 62, 70] - 3571, [1, 3, 23, 33, 47, 55, 58, 62, 70] - 3571, [1, 3, 23, 33, 47, 55, 58, 62, 70] - 3571, [1, 3, 23, 33, 47, 55, 58, 62, 70] - 3571, [1, 3, 23, 33, 47, 55, 58, 62, 70] - 3571]
melhor indiv??duo da gera????o:[1, 3, 23, 33, 47, 55, 58, 62, 70] - 3571
gera????o: 113: 
[[1, 3, 23, 33, 47, 55, 58, 62, 70] - 3571, [1, 3, 23, 33, 47, 55, 58, 62, 70] - 3571, [1, 3, 23, 33, 47, 55, 58, 62, 70] - 3571, [1, 3, 23, 33, 47, 55, 58, 62, 70] - 3571, [1, 3, 23, 33, 47, 55, 58, 62, 70] - 3571, [1, 3, 23, 33, 47, 55, 58, 62, 70] - 3571, [1, 3, 23, 33, 47, 55, 58, 62, 70] - 3571, [1, 3, 23, 33, 47, 55, 58, 62, 70] - 3571, [1, 3, 23, 33, 47, 55, 58, 62, 70] - 3571]
melhor indiv??duo da gera????o:[1, 3, 23, 33, 47, 55, 58, 62, 70] - 3571
gera????o: 114: 
[[1, 3, 23, 33, 47, 55, 58, 62, 70] - 3571, [1, 3, 23, 33, 47, 55, 58, 62, 70] - 3571, [1, 3, 23, 33, 47, 55, 58, 62, 70] - 3571, [1, 3, 23, 33, 47, 55, 58, 62, 70] - 3571, [1, 3, 23, 33, 47, 55, 58, 62, 70] - 3571, [1, 3, 23, 33, 47, 55, 58, 62, 70] - 3571, [1, 3, 23, 33, 47, 55, 58, 62, 70] - 3571, [1, 3, 23, 33, 47, 55, 58, 62, 70] - 3571, [1, 3, 23, 33, 47, 55, 58, 62, 70] - 3571]
melhor indiv??duo da gera????o:[1, 3, 23, 33, 47, 55, 58, 62, 70] - 3571
gera????o: 115: 
[[1, 3, 23, 33, 47, 55, 58, 62, 70] - 3571, [1, 3, 23, 33, 47, 55, 58, 62, 70] - 3571, [1, 3, 23, 33, 47, 55, 58, 62, 70] - 3571, [1, 3, 23, 33, 47, 55, 58, 62, 70] - 3571, [1, 3, 23, 33, 47, 55, 58, 62, 70] - 3571, [1, 3, 23, 33, 47, 55, 58, 62, 70] - 3571, [1, 3, 23, 33, 47, 55, 58, 62, 70] - 3571, [1, 3, 23, 33, 47, 55, 58, 62, 70] - 3571, [1, 3, 23, 33, 47, 55, 58, 62, 70] - 3571]
melhor indiv??duo da gera????o:[1, 3, 23, 33, 47, 55, 58, 62, 70] - 3571
gera????o: 116: 
[[1, 3, 23, 33, 47, 55, 58, 62, 70] - 3571, [1, 3, 23, 33, 47, 55, 58, 62, 70] - 3571, [1, 3, 23, 33, 47, 55, 58, 62, 70] - 3571, [1, 3, 23, 33, 47, 55, 58, 62, 70] - 3571, [1, 3, 23, 33, 47, 55, 58, 62, 70] - 3571, [1, 3, 23, 33, 47, 55, 58, 62, 70] - 3571, [1, 3, 23, 33, 47, 55, 58, 62, 70] - 3571, [1, 3, 23, 33, 47, 55, 58, 62, 70] - 3571, [1, 3, 23, 33, 47, 55, 58, 62, 70] - 3571]
melhor indiv??duo da gera????o:[1, 3, 23, 33, 47, 55, 58, 62, 70] - 3571
gera????o: 117: 
[[1, 3, 23, 33, 47, 55, 58, 62, 70] - 3571, [1, 3, 23, 33, 47, 55, 58, 62, 70] - 3571, [1, 3, 23, 33, 47, 55, 58, 62, 70] - 3571, [1, 3, 23, 33, 47, 55, 58, 62, 70] - 3571, [1, 3, 23, 33, 47, 55, 58, 62, 70] - 3571, [1, 3, 23, 33, 47, 55, 58, 62, 70] - 3571, [1, 3, 23, 33, 47, 55, 58, 62, 70] - 3571, [1, 3, 23, 33, 47, 55, 58, 62, 70] - 3571, [1, 3, 23, 33, 47, 55, 58, 62, 70] - 3571]
melhor indiv??duo da gera????o:[1, 3, 23, 33, 47, 55, 58, 62, 70] - 3571
gera????o: 118: 
[[1, 3, 23, 33, 47, 55, 58, 62, 70] - 3571, [1, 3, 23, 33, 47, 55, 58, 62, 70] - 3571, [1, 3, 23, 33, 47, 55, 58, 62, 70] - 3571, [1, 3, 23, 33, 47, 55, 58, 62, 70] - 3571, [1, 3, 23, 33, 47, 55, 58, 62, 70] - 3571, [1, 3, 23, 33, 47, 55, 58, 62, 70] - 3571, [1, 3, 23, 33, 47, 55, 58, 62, 70] - 3571, [1, 3, 23, 33, 47, 55, 58, 62, 70] - 3571, [1, 3, 23, 33, 47, 55, 58, 62, 70] - 3571]
melhor indiv??duo da gera????o:[1, 3, 23, 33, 47, 55, 58, 62, 70] - 3571
gera????o: 119: 
[[1, 3, 23, 33, 47, 55, 58, 62, 70] - 3571, [1, 3, 23, 33, 47, 55, 58, 62, 70] - 3571, [1, 3, 23, 33, 47, 55, 58, 62, 70] - 3571, [1, 3, 23, 33, 47, 55, 58, 62, 70] - 3571, [1, 3, 23, 33, 47, 55, 58, 62, 70] - 3571, [1, 3, 23, 33, 47, 55, 58, 62, 70] - 3571, [1, 3, 23, 33, 47, 55, 58, 62, 70] - 3571, [1, 3, 23, 33, 47, 55, 58, 62, 70] - 3571, [1, 3, 23, 33, 47, 55, 58, 62, 70] - 3571]
melhor indiv??duo da gera????o:[1, 3, 23, 33, 47, 55, 58, 62, 70] - 3571
gera????o: 120: 
[[1, 3, 23, 33, 47, 55, 58, 62, 70] - 3571, [1, 3, 23, 33, 47, 55, 58, 62, 70] - 3571, [1, 3, 23, 33, 47, 55, 58, 62, 70] - 3571, [1, 3, 23, 33, 47, 55, 58, 62, 70] - 3571, [1, 3, 23, 33, 47, 55, 58, 62, 70] - 3571, [1, 3, 23, 33, 47, 55, 58, 62, 70] - 3571, [1, 3, 23, 33, 47, 55, 58, 62, 70] - 3571, [1, 3, 23, 33, 47, 55, 58, 62, 70] - 3571, [1, 3, 23, 33, 47, 55, 58, 62, 70] - 3571]
melhor indiv??duo da gera????o:[1, 3, 23, 33, 47, 55, 58, 62, 70] - 3571
gera????o: 121: 
[[1, 3, 23, 33, 47, 55, 58, 62, 70] - 3571, [1, 3, 23, 33, 47, 55, 58, 62, 70] - 3571, [1, 3, 23, 33, 47, 55, 58, 62, 70] - 3571, [1, 3, 23, 33, 47, 55, 58, 62, 70] - 3571, [1, 3, 23, 33, 47, 55, 58, 62, 70] - 3571, [1, 3, 23, 33, 47, 55, 58, 62, 70] - 3571, [1, 3, 23, 33, 47, 55, 58, 62, 70] - 3571, [1, 3, 23, 33, 47, 55, 58, 62, 70] - 3571, [1, 3, 23, 33, 47, 55, 58, 62, 70] - 3571]
melhor indiv??duo da gera????o:[1, 3, 23, 33, 47, 55, 58, 62, 70] - 3571
gera????o: 122: 
[[1, 3, 23, 33, 47, 55, 58, 62, 70] - 3571, [1, 3, 23, 33, 47, 55, 58, 62, 70] - 3571, [1, 3, 23, 33, 47, 55, 58, 62, 70] - 3571, [1, 3, 23, 33, 47, 55, 58, 62, 70] - 3571, [1, 3, 23, 33, 47, 55, 58, 62, 70] - 3571, [1, 3, 23, 33, 47, 55, 58, 62, 70] - 3571, [1, 3, 23, 33, 47, 55, 58, 62, 70] - 3571, [1, 3, 23, 33, 47, 55, 58, 62, 70] - 3571, [1, 3, 23, 33, 47, 55, 58, 62, 70] - 3571]
melhor indiv??duo da gera????o:[1, 3, 23, 33, 47, 55, 58, 62, 70] - 3571
gera????o: 123: 
[[1, 3, 23, 33, 47, 55, 58, 62, 70] - 3571, [1, 3, 23, 33, 47, 55, 58, 62, 70] - 3571, [1, 3, 23, 33, 47, 55, 58, 62, 70] - 3571, [1, 3, 23, 33, 47, 55, 58, 62, 70] - 3571, [1, 3, 23, 33, 47, 55, 58, 62, 70] - 3571, [1, 3, 23, 33, 47, 55, 58, 62, 70] - 3571, [1, 3, 23, 33, 47, 55, 58, 62, 70] - 3571, [1, 3, 23, 33, 47, 55, 58, 62, 70] - 3571, [1, 3, 23, 33, 47, 55, 58, 62, 70] - 3571]
melhor indiv??duo da gera????o:[1, 3, 23, 33, 47, 55, 58, 62, 70] - 3571
gera????o: 124: 
[[1, 3, 23, 33, 47, 55, 58, 62, 70] - 3571, [1, 3, 23, 33, 47, 55, 58, 62, 70] - 3571, [1, 3, 23, 33, 47, 55, 58, 62, 70] - 3571, [1, 3, 23, 33, 47, 55, 58, 62, 70] - 3571, [1, 3, 23, 33, 47, 55, 58, 62, 70] - 3571, [1, 3, 23, 33, 47, 55, 58, 62, 70] - 3571, [1, 3, 23, 33, 47, 55, 58, 62, 70] - 3571, [1, 3, 23, 33, 47, 55, 58, 62, 70] - 3571, [1, 3, 23, 33, 47, 55, 58, 62, 70] - 3571]
melhor indiv??duo da gera????o:[1, 3, 23, 33, 47, 55, 58, 62, 70] - 3571
gera????o: 125: 
[[1, 3, 23, 33, 47, 55, 58, 62, 70] - 3571, [1, 3, 23, 33, 47, 55, 58, 62, 70] - 3571, [1, 3, 23, 33, 47, 55, 58, 62, 70] - 3571, [1, 3, 23, 33, 47, 55, 58, 62, 70] - 3571, [1, 3, 23, 33, 47, 55, 58, 62, 70] - 3571, [1, 3, 23, 33, 47, 55, 58, 62, 70] - 3571, [1, 3, 23, 33, 47, 55, 58, 62, 70] - 3571, [1, 3, 23, 33, 47, 55, 58, 62, 70] - 3571, [1, 3, 23, 33, 47, 55, 58, 62, 70] - 3571]
melhor indiv??duo da gera????o:[1, 3, 23, 33, 47, 55, 58, 62, 70] - 3571
gera????o: 126: 
[[1, 3, 23, 33, 47, 55, 58, 62, 70] - 3571, [1, 3, 23, 33, 47, 55, 58, 62, 70] - 3571, [1, 3, 23, 33, 47, 55, 58, 62, 70] - 3571, [1, 3, 23, 33, 47, 55, 58, 62, 70] - 3571, [1, 3, 23, 33, 47, 55, 58, 62, 70] - 3571, [1, 3, 23, 33, 47, 55, 58, 62, 70] - 3571, [1, 3, 23, 33, 47, 55, 58, 62, 70] - 3571, [1, 3, 23, 33, 47, 55, 58, 62, 70] - 3571, [1, 3, 23, 33, 47, 55, 58, 62, 70] - 3571]
melhor indiv??duo da gera????o:[1, 3, 23, 33, 47, 55, 58, 62, 70] - 3571
gera????o: 127: 
[[1, 3, 23, 33, 47, 55, 58, 62, 70] - 3571, [1, 3, 23, 33, 47, 55, 58, 62, 70] - 3571, [1, 3, 23, 33, 47, 55, 58, 62, 70] - 3571, [1, 3, 23, 33, 47, 55, 58, 62, 70] - 3571, [1, 3, 23, 33, 47, 55, 58, 62, 70] - 3571, [1, 3, 23, 33, 47, 55, 58, 62, 70] - 3571, [1, 3, 23, 33, 47, 55, 58, 62, 70] - 3571, [1, 3, 23, 33, 47, 55, 58, 62, 70] - 3571, [1, 3, 23, 33, 47, 55, 58, 62, 70] - 3571]
melhor indiv??duo da gera????o:[1, 3, 23, 33, 47, 55, 58, 62, 70] - 3571
gera????o: 128: 
[[1, 3, 23, 33, 47, 55, 58, 62, 70] - 3571, [1, 3, 23, 33, 47, 55, 58, 62, 70] - 3571, [1, 3, 23, 33, 47, 55, 58, 62, 70] - 3571, [1, 3, 23, 33, 47, 55, 58, 62, 70] - 3571, [1, 3, 23, 33, 47, 55, 58, 62, 70] - 3571, [1, 3, 23, 33, 47, 55, 58, 62, 70] - 3571, [1, 3, 23, 33, 47, 55, 58, 62, 70] - 3571, [1, 3, 23, 33, 47, 55, 58, 62, 70] - 3571, [1, 3, 23, 33, 47, 55, 58, 62, 70] - 3571]
melhor indiv??duo da gera????o:[1, 3, 23, 33, 47, 55, 58, 62, 70] - 3571
gera????o: 129: 
[[1, 3, 23, 33, 47, 55, 58, 62, 70] - 3571, [1, 3, 23, 33, 47, 55, 58, 62, 70] - 3571, [1, 3, 23, 33, 47, 55, 58, 62, 70] - 3571, [1, 3, 23, 33, 47, 55, 58, 62, 70] - 3571, [1, 3, 23, 33, 47, 55, 58, 62, 70] - 3571, [1, 3, 23, 33, 47, 55, 58, 62, 70] - 3571, [1, 3, 23, 33, 47, 55, 58, 62, 70] - 3571, [1, 3, 23, 33, 47, 55, 58, 62, 70] - 3571, [1, 3, 23, 33, 47, 55, 58, 62, 70] - 3571]
melhor indiv??duo da gera????o:[1, 3, 23, 33, 47, 55, 58, 62, 70] - 3571
gera????o: 130: 
[[1, 3, 23, 33, 47, 55, 58, 62, 70] - 3571, [1, 3, 23, 33, 47, 55, 58, 62, 70] - 3571, [1, 3, 23, 33, 47, 55, 58, 62, 70] - 3571, [1, 3, 23, 33, 47, 55, 58, 62, 70] - 3571, [1, 3, 23, 33, 47, 55, 58, 62, 70] - 3571, [1, 3, 23, 33, 47, 55, 58, 62, 70] - 3571, [1, 3, 23, 33, 47, 55, 58, 62, 70] - 3571, [1, 3, 23, 33, 47, 55, 58, 62, 70] - 3571, [1, 3, 23, 33, 47, 55, 58, 62, 70] - 3571]
melhor indiv??duo da gera????o:[1, 3, 23, 33, 47, 55, 58, 62, 70] - 3571
gera????o: 131: 
[[1, 3, 23, 33, 47, 55, 58, 62, 70] - 3571, [1, 3, 23, 33, 47, 55, 58, 62, 70] - 3571, [1, 3, 23, 33, 47, 55, 58, 62, 70] - 3571, [1, 3, 23, 33, 47, 55, 58, 62, 70] - 3571, [1, 3, 23, 33, 47, 55, 58, 62, 70] - 3571, [1, 3, 23, 33, 47, 55, 58, 62, 70] - 3571, [1, 3, 23, 33, 47, 55, 58, 62, 70] - 3571, [1, 3, 23, 33, 47, 55, 58, 62, 70] - 3571, [1, 3, 23, 33, 47, 55, 58, 62, 70] - 3571]
melhor indiv??duo da gera????o:[1, 3, 23, 33, 47, 55, 58, 62, 70] - 3571
gera????o: 132: 
[[1, 3, 23, 33, 47, 55, 58, 62, 70] - 3571, [1, 3, 23, 33, 47, 55, 58, 62, 70] - 3571, [1, 3, 23, 33, 47, 55, 58, 62, 70] - 3571, [1, 3, 23, 33, 47, 55, 58, 62, 70] - 3571, [1, 3, 23, 33, 47, 55, 58, 62, 70] - 3571, [1, 3, 23, 33, 47, 55, 58, 62, 70] - 3571, [1, 3, 23, 33, 47, 55, 58, 62, 70] - 3571, [1, 3, 23, 33, 47, 55, 58, 62, 70] - 3571, [1, 3, 23, 33, 47, 55, 58, 62, 70] - 3571]
melhor indiv??duo da gera????o:[1, 3, 23, 33, 47, 55, 58, 62, 70] - 3571
gera????o: 133: 
[[1, 3, 23, 33, 47, 55, 58, 62, 70] - 3571, [1, 3, 23, 33, 47, 55, 58, 62, 70] - 3571, [1, 3, 23, 33, 47, 55, 58, 62, 70] - 3571, [1, 3, 23, 33, 47, 55, 58, 62, 70] - 3571, [1, 3, 23, 33, 47, 55, 58, 62, 70] - 3571, [1, 3, 23, 33, 47, 55, 58, 62, 70] - 3571, [1, 3, 23, 33, 47, 55, 58, 62, 70] - 3571, [1, 3, 23, 33, 47, 55, 58, 62, 70] - 3571, [1, 3, 23, 33, 47, 55, 58, 62, 70] - 3571]
melhor indiv??duo da gera????o:[1, 3, 23, 33, 47, 55, 58, 62, 70] - 3571
gera????o: 134: 
[[1, 3, 23, 33, 47, 55, 58, 62, 70] - 3571, [1, 3, 23, 33, 47, 55, 58, 62, 70] - 3571, [1, 3, 23, 33, 47, 55, 58, 62, 70] - 3571, [1, 3, 23, 33, 47, 55, 58, 62, 70] - 3571, [1, 3, 23, 33, 47, 55, 58, 62, 70] - 3571, [1, 3, 23, 33, 47, 55, 58, 62, 70] - 3571, [1, 3, 23, 33, 47, 55, 58, 62, 70] - 3571, [1, 3, 23, 33, 47, 55, 58, 62, 70] - 3571, [1, 3, 23, 33, 47, 55, 58, 62, 70] - 3571]
melhor indiv??duo da gera????o:[1, 3, 23, 33, 47, 55, 58, 62, 70] - 3571
gera????o: 135: 
[[1, 3, 23, 33, 47, 55, 58, 62, 70] - 3571, [1, 3, 23, 33, 47, 55, 58, 62, 70] - 3571, [1, 3, 23, 33, 47, 55, 58, 62, 70] - 3571, [1, 3, 23, 33, 47, 55, 58, 62, 70] - 3571, [1, 3, 23, 33, 47, 55, 58, 62, 70] - 3571, [1, 3, 23, 33, 47, 55, 58, 62, 70] - 3571, [1, 3, 23, 33, 47, 55, 58, 62, 70] - 3571, [1, 3, 23, 33, 47, 55, 58, 62, 70] - 3571, [1, 3, 23, 33, 47, 55, 58, 62, 70] - 3571]
melhor indiv??duo da gera????o:[1, 3, 23, 33, 47, 55, 58, 62, 70] - 3571
gera????o: 136: 
[[1, 3, 23, 33, 47, 55, 58, 62, 70] - 3571, [1, 3, 23, 33, 47, 55, 58, 62, 70] - 3571, [1, 3, 23, 33, 47, 55, 58, 62, 70] - 3571, [1, 3, 23, 33, 47, 55, 58, 62, 70] - 3571, [1, 3, 23, 33, 47, 55, 58, 62, 70] - 3571, [1, 3, 23, 33, 47, 55, 58, 62, 70] - 3571, [1, 3, 23, 33, 47, 55, 58, 62, 70] - 3571, [1, 3, 23, 33, 47, 55, 58, 62, 70] - 3571, [1, 3, 23, 33, 47, 55, 58, 62, 70] - 3571]
melhor indiv??duo da gera????o:[1, 3, 23, 33, 47, 55, 58, 62, 70] - 3571
gera????o: 137: 
[[1, 3, 23, 33, 47, 55, 58, 62, 70] - 3571, [1, 3, 23, 33, 47, 55, 58, 62, 70] - 3571, [1, 3, 23, 33, 47, 55, 58, 62, 70] - 3571, [1, 3, 23, 33, 47, 55, 58, 62, 70] - 3571, [1, 3, 23, 33, 47, 55, 58, 62, 70] - 3571, [1, 3, 23, 33, 47, 55, 58, 62, 70] - 3571, [1, 3, 23, 33, 47, 55, 58, 62, 70] - 3571, [1, 3, 23, 33, 47, 55, 58, 62, 70] - 3571, [1, 3, 23, 33, 47, 55, 58, 62, 70] - 3571]
melhor indiv??duo da gera????o:[1, 3, 23, 33, 47, 55, 58, 62, 70] - 3571
gera????o: 138: 
[[1, 3, 23, 33, 47, 55, 58, 62, 70] - 3571, [1, 3, 23, 33, 47, 55, 58, 62, 70] - 3571, [1, 3, 23, 33, 47, 55, 58, 62, 70] - 3571, [1, 3, 23, 33, 47, 55, 58, 62, 70] - 3571, [1, 3, 23, 33, 47, 55, 58, 62, 70] - 3571, [1, 3, 23, 33, 47, 55, 58, 62, 70] - 3571, [1, 3, 23, 33, 47, 55, 58, 62, 70] - 3571, [1, 3, 23, 33, 47, 55, 58, 62, 70] - 3571, [1, 3, 23, 33, 47, 55, 58, 62, 70] - 3571]
melhor indiv??duo da gera????o:[1, 3, 23, 33, 47, 55, 58, 62, 70] - 3571
gera????o: 139: 
[[1, 3, 23, 33, 47, 55, 58, 62, 70] - 3571, [1, 3, 23, 33, 47, 55, 58, 62, 70] - 3571, [1, 3, 23, 33, 47, 55, 58, 62, 70] - 3571, [1, 3, 23, 33, 47, 55, 58, 62, 70] - 3571, [1, 3, 23, 33, 47, 55, 58, 62, 70] - 3571, [1, 3, 23, 33, 47, 55, 58, 62, 70] - 3571, [1, 3, 23, 33, 47, 55, 58, 62, 70] - 3571, [1, 3, 23, 33, 47, 55, 58, 62, 70] - 3571, [1, 3, 23, 33, 47, 55, 58, 62, 70] - 3571]
melhor indiv??duo da gera????o:[1, 3, 23, 33, 47, 55, 58, 62, 70] - 3571
gera????o: 140: 
[[1, 3, 23, 33, 47, 55, 58, 62, 70] - 3571, [1, 3, 23, 33, 47, 55, 58, 62, 70] - 3571, [1, 3, 23, 33, 47, 55, 58, 62, 70] - 3571, [1, 3, 23, 33, 47, 55, 58, 62, 70] - 3571, [1, 3, 23, 33, 47, 55, 58, 62, 70] - 3571, [1, 3, 23, 33, 47, 55, 58, 62, 70] - 3571, [1, 3, 23, 33, 47, 55, 58, 62, 70] - 3571, [1, 3, 23, 33, 47, 55, 58, 62, 70] - 3571, [1, 3, 23, 33, 47, 55, 58, 62, 70] - 3571]
melhor indiv??duo da gera????o:[1, 3, 23, 33, 47, 55, 58, 62, 70] - 3571
gera????o: 141: 
[[1, 3, 23, 33, 47, 55, 58, 62, 70] - 3571, [1, 3, 23, 33, 47, 55, 58, 62, 70] - 3571, [1, 3, 23, 33, 47, 55, 58, 62, 70] - 3571, [1, 3, 23, 33, 47, 55, 58, 62, 70] - 3571, [1, 3, 23, 33, 47, 55, 58, 62, 70] - 3571, [1, 3, 23, 33, 47, 55, 58, 62, 70] - 3571, [1, 3, 23, 33, 47, 55, 58, 62, 70] - 3571, [1, 3, 23, 33, 47, 55, 58, 62, 70] - 3571, [1, 3, 23, 33, 47, 55, 58, 62, 70] - 3571]
melhor indiv??duo da gera????o:[1, 3, 23, 33, 47, 55, 58, 62, 70] - 3571
gera????o: 142: 
[[1, 3, 23, 33, 47, 55, 58, 62, 70] - 3571, [1, 3, 23, 33, 47, 55, 58, 62, 70] - 3571, [1, 3, 23, 33, 47, 55, 58, 62, 70] - 3571, [1, 3, 23, 33, 47, 55, 58, 62, 70] - 3571, [1, 3, 23, 33, 47, 55, 58, 62, 70] - 3571, [1, 3, 23, 33, 47, 55, 58, 62, 70] - 3571, [1, 3, 23, 33, 47, 55, 58, 62, 70] - 3571, [1, 3, 23, 33, 47, 55, 58, 62, 70] - 3571, [1, 3, 23, 33, 47, 55, 58, 62, 70] - 3571]
melhor indiv??duo da gera????o:[1, 3, 23, 33, 47, 55, 58, 62, 70] - 3571
gera????o: 143: 
[[1, 3, 23, 33, 47, 55, 58, 62, 70] - 3571, [1, 3, 23, 33, 47, 55, 58, 62, 70] - 3571, [1, 3, 23, 33, 47, 55, 58, 62, 70] - 3571, [1, 3, 23, 33, 47, 55, 58, 62, 70] - 3571, [1, 3, 23, 33, 47, 55, 58, 62, 70] - 3571, [1, 3, 23, 33, 47, 55, 58, 62, 70] - 3571, [1, 3, 23, 33, 47, 55, 58, 62, 70] - 3571, [1, 3, 23, 33, 47, 55, 58, 62, 70] - 3571, [1, 3, 23, 33, 47, 55, 58, 62, 70] - 3571]
melhor indiv??duo da gera????o:[1, 3, 23, 33, 47, 55, 58, 62, 70] - 3571
gera????o: 144: 
[[1, 3, 23, 33, 47, 55, 58, 62, 70] - 3571, [1, 3, 23, 33, 47, 55, 58, 62, 70] - 3571, [1, 3, 23, 33, 47, 55, 58, 62, 70] - 3571, [1, 3, 23, 33, 47, 55, 58, 62, 70] - 3571, [1, 3, 23, 33, 47, 55, 58, 62, 70] - 3571, [1, 3, 23, 33, 47, 55, 58, 62, 70] - 3571, [1, 3, 23, 33, 47, 55, 58, 62, 70] - 3571, [1, 3, 23, 33, 47, 55, 58, 62, 70] - 3571, [1, 3, 23, 33, 47, 55, 58, 62, 70] - 3571]
melhor indiv??duo da gera????o:[1, 3, 23, 33, 47, 55, 58, 62, 70] - 3571
gera????o: 145: 
[[1, 3, 23, 33, 47, 55, 58, 62, 70] - 3571, [1, 3, 23, 33, 47, 55, 58, 62, 70] - 3571, [1, 3, 23, 33, 47, 55, 58, 62, 70] - 3571, [1, 3, 23, 33, 47, 55, 58, 62, 70] - 3571, [1, 3, 23, 33, 47, 55, 58, 62, 70] - 3571, [1, 3, 23, 33, 47, 55, 58, 62, 70] - 3571, [1, 3, 23, 33, 47, 55, 58, 62, 70] - 3571, [1, 3, 23, 33, 47, 55, 58, 62, 70] - 3571, [1, 3, 23, 33, 47, 55, 58, 62, 70] - 3571]
melhor indiv??duo da gera????o:[1, 3, 23, 33, 47, 55, 58, 62, 70] - 3571
gera????o: 146: 
[[1, 3, 23, 33, 47, 55, 58, 62, 70] - 3571, [1, 3, 23, 33, 47, 55, 58, 62, 70] - 3571, [1, 3, 23, 33, 47, 55, 58, 62, 70] - 3571, [1, 3, 23, 33, 47, 55, 58, 62, 70] - 3571, [1, 3, 23, 33, 47, 55, 58, 62, 70] - 3571, [1, 3, 23, 33, 47, 55, 58, 62, 70] - 3571, [1, 3, 23, 33, 47, 55, 58, 62, 70] - 3571, [1, 3, 23, 33, 47, 55, 58, 62, 70] - 3571, [1, 3, 23, 33, 47, 55, 58, 62, 70] - 3571]
melhor indiv??duo da gera????o:[1, 3, 23, 33, 47, 55, 58, 62, 70] - 3571
gera????o: 147: 
[[1, 3, 23, 33, 47, 55, 58, 62, 70] - 3571, [1, 3, 23, 33, 47, 55, 58, 62, 70] - 3571, [1, 3, 23, 33, 47, 55, 58, 62, 70] - 3571, [1, 3, 23, 33, 47, 55, 58, 62, 70] - 3571, [1, 3, 23, 33, 47, 55, 58, 62, 70] - 3571, [1, 3, 23, 33, 47, 55, 58, 62, 70] - 3571, [1, 3, 23, 33, 47, 55, 58, 62, 70] - 3571, [1, 3, 23, 33, 47, 55, 58, 62, 70] - 3571, [1, 3, 23, 33, 47, 55, 58, 62, 70] - 3571]
melhor indiv??duo da gera????o:[1, 3, 23, 33, 47, 55, 58, 62, 70] - 3571
gera????o: 148: 
[[1, 3, 23, 33, 47, 55, 58, 62, 70] - 3571, [1, 3, 23, 33, 47, 55, 58, 62, 70] - 3571, [1, 3, 23, 33, 47, 55, 58, 62, 70] - 3571, [1, 3, 23, 33, 47, 55, 58, 62, 70] - 3571, [1, 3, 23, 33, 47, 55, 58, 62, 70] - 3571, [1, 3, 23, 33, 47, 55, 58, 62, 70] - 3571, [1, 3, 23, 33, 47, 55, 58, 62, 70] - 3571, [1, 3, 23, 33, 47, 55, 58, 62, 70] - 3571, [1, 3, 23, 33, 47, 55, 58, 62, 70] - 3571]
melhor indiv??duo da gera????o:[1, 3, 23, 33, 47, 55, 58, 62, 70] - 3571
gera????o: 149: 
[[1, 3, 23, 33, 47, 55, 58, 62, 70] - 3571, [1, 3, 23, 33, 47, 55, 58, 62, 70] - 3571, [1, 3, 23, 33, 47, 55, 58, 62, 70] - 3571, [1, 3, 23, 33, 47, 55, 58, 62, 70] - 3571, [1, 3, 23, 33, 47, 55, 58, 62, 70] - 3571, [1, 3, 23, 33, 47, 55, 58, 62, 70] - 3571, [1, 3, 23, 33, 47, 55, 58, 62, 70] - 3571, [1, 3, 23, 33, 47, 55, 58, 62, 70] - 3571, [1, 3, 23, 33, 47, 55, 58, 62, 70] - 3571]
melhor indiv??duo da gera????o:[1, 3, 23, 33, 47, 55, 58, 62, 70] - 3571
gera????o: 150: 
[[1, 3, 23, 33, 47, 55, 58, 62, 70] - 3571, [1, 3, 23, 33, 47, 55, 58, 62, 70] - 3571, [1, 3, 23, 33, 47, 55, 58, 62, 70] - 3571, [1, 3, 23, 33, 47, 55, 58, 62, 70] - 3571, [1, 3, 23, 33, 47, 55, 58, 62, 70] - 3571, [1, 3, 23, 33, 47, 55, 58, 62, 70] - 3571, [1, 3, 23, 33, 47, 55, 58, 62, 70] - 3571, [1, 3, 23, 33, 47, 55, 58, 62, 70] - 3571, [1, 3, 23, 33, 47, 55, 58, 62, 70] - 3571]
melhor indiv??duo da gera????o:[1, 3, 23, 33, 47, 55, 58, 62, 70] - 3571
______________________________________________________________________________________________________________________________
