gera????o: 1: 
[[1, 2, 9, 11, 21, 31, 41, 44, 54, 56, 57, 70] - 4244, [1, 2, 9, 11, 21, 31, 40, 41, 45, 57, 70] - 3766, [1, 2, 4, 11, 20, 31, 41, 45, 56, 61, 65, 66, 67, 69, 70] - 6428, [1, 2, 9, 21, 23, 33, 40, 44, 53, 54, 61, 63, 70] - 4514, [1, 3, 23, 31, 40, 44, 54, 61, 63, 70] - 3893, [1, 3, 5, 6, 17, 24, 28, 36, 48, 49, 58, 62, 70] - 4219, [1, 3, 5, 12, 22, 25, 26, 33, 49, 55, 56, 63, 70] - 4361, [1, 4, 11, 20, 29, 38, 43, 51, 59, 60, 64, 65, 67, 68, 70] - 6546, [1, 3, 13, 40, 44, 54, 61, 68, 70] - 4150, [1, 4, 10, 11, 21, 31, 41, 44, 56, 57, 70] - 4347, [1, 3, 5, 12, 14, 26, 33, 46, 49, 58, 62, 70] - 4249, [1, 3, 12, 22, 24, 27, 28, 36, 48, 58, 62, 70] - 5013, [1, 2, 3, 12, 14, 24, 34, 46, 49, 58, 62, 70] - 4449, [1, 3, 13, 14, 25, 33, 49, 55, 57, 70] - 3933, [1, 4, 11, 20, 30, 31, 32, 37, 39, 50, 53, 54, 61, 63, 70] - 5204, [1, 4, 11, 20, 21, 23, 33, 41, 46, 47, 56, 61, 65, 68, 70] - 6461, [1, 4, 11, 20, 31, 40, 44, 55, 57, 70] - 4673, [1, 2, 3, 13, 22, 24, 28, 34, 41, 44, 50, 53, 54, 61, 63, 70] - 5433, [1, 3, 23, 31, 40, 44, 45, 56, 57, 70] - 4234, [1, 4, 11, 21, 23, 31, 33, 47, 55, 57, 70] - 4040]
melhor indiv??duo da gera????o:[1, 2, 9, 11, 21, 31, 40, 41, 45, 57, 70] - 3766
gera????o: 2: 
[[1, 2, 9, 11, 21, 31, 40, 41, 45, 57, 70] - 3766, [1, 2, 9, 21, 23, 33, 40, 44, 53, 54, 61, 63, 70] - 4514, [1, 3, 5, 6, 17, 24, 28, 36, 48, 49, 58, 62, 70] - 4219, [1, 4, 11, 20, 29, 38, 43, 51, 59, 60, 64, 65, 67, 68, 70] - 6546, [1, 4, 10, 11, 21, 31, 41, 44, 56, 57, 70] - 4347, [1, 3, 12, 22, 24, 27, 28, 36, 48, 58, 62, 70] - 5013, [1, 3, 13, 14, 25, 33, 49, 55, 57, 70] - 3933, [1, 4, 11, 20, 21, 23, 33, 41, 46, 47, 56, 61, 65, 68, 70] - 6461, [1, 2, 3, 13, 22, 24, 28, 34, 41, 44, 50, 53, 54, 61, 63, 70] - 5433, [1, 4, 11, 21, 23, 31, 33, 47, 55, 57, 70] - 4040, [1, 3, 13, 14, 25, 33, 49, 55, 57, 70] - 3933, [1, 3, 23, 31, 40, 44, 45, 56, 57, 70] - 4234, [1, 3, 13, 14, 25, 33, 49, 55, 57, 70] - 3933, [1, 3, 23, 31, 40, 44, 54, 61, 63, 70] - 3893, [1, 4, 11, 21, 23, 31, 33, 47, 55, 57, 70] - 4040, [1, 3, 12, 22, 24, 27, 28, 36, 48, 58, 62, 70] - 5013, [1, 4, 11, 21, 23, 31, 33, 47, 55, 57, 70] - 4040, [1, 2, 9, 11, 21, 31, 40, 41, 45, 57, 70] - 3766]
melhor indiv??duo da gera????o:[1, 2, 9, 11, 21, 31, 40, 41, 45, 57, 70] - 3766
gera????o: 3: 
[[1, 2, 9, 21, 23, 33, 40, 44, 53, 54, 61, 63, 70] - 4514, [1, 4, 11, 20, 29, 38, 43, 51, 59, 60, 64, 65, 67, 68, 70] - 6546, [1, 3, 12, 22, 24, 27, 28, 36, 48, 58, 62, 70] - 5013, [1, 4, 11, 20, 21, 23, 33, 41, 46, 47, 56, 61, 65, 68, 70] - 6461, [1, 4, 11, 21, 23, 31, 33, 47, 55, 57, 70] - 4040, [1, 3, 23, 31, 40, 44, 45, 56, 57, 70] - 4234, [1, 3, 23, 31, 40, 44, 54, 61, 63, 70] - 3893, [1, 3, 12, 22, 24, 27, 28, 36, 48, 58, 62, 70] - 5013, [1, 2, 9, 11, 21, 31, 40, 41, 45, 57, 70] - 3766, [1, 2, 9, 11, 21, 31, 40, 41, 45, 57, 70] - 3766, [1, 4, 11, 21, 23, 31, 33, 47, 55, 57, 70] - 4040, [1, 2, 9, 11, 21, 31, 40, 41, 45, 57, 70] - 3766, [1, 4, 11, 20, 21, 23, 33, 41, 46, 47, 56, 61, 65, 68, 70] - 6461, [1, 3, 13, 14, 25, 33, 49, 55, 57, 70] - 3933, [1, 3, 13, 14, 25, 33, 49, 55, 57, 70] - 3933, [1, 3, 12, 22, 24, 27, 28, 36, 48, 58, 62, 70] - 5013]
melhor indiv??duo da gera????o:[1, 2, 9, 11, 21, 31, 40, 41, 45, 57, 70] - 3766
gera????o: 4: 
[[1, 4, 11, 20, 29, 38, 43, 51, 59, 60, 64, 65, 67, 68, 70] - 6546, [1, 4, 11, 20, 21, 23, 33, 41, 46, 47, 56, 61, 65, 68, 70] - 6461, [1, 3, 23, 31, 40, 44, 45, 56, 57, 70] - 4234, [1, 3, 12, 22, 24, 27, 28, 36, 48, 58, 62, 70] - 5013, [1, 2, 9, 11, 21, 31, 40, 41, 45, 57, 70] - 3766, [1, 2, 9, 11, 21, 31, 40, 41, 45, 57, 70] - 3766, [1, 3, 13, 14, 25, 33, 49, 55, 57, 70] - 3933, [1, 3, 12, 22, 24, 27, 28, 36, 48, 58, 62, 70] - 5013, [1, 4, 11, 21, 23, 31, 33, 47, 55, 57, 70] - 4040, [1, 2, 9, 11, 21, 31, 40, 41, 45, 57, 70] - 3766, [1, 2, 9, 11, 21, 31, 40, 41, 45, 57, 70] - 3766, [1, 3, 23, 31, 40, 44, 45, 56, 57, 70] - 4234, [1, 3, 12, 22, 24, 27, 28, 36, 48, 58, 62, 70] - 5013, [1, 3, 13, 14, 25, 33, 49, 55, 57, 70] - 3933, [1, 3, 23, 31, 40, 44, 54, 61, 63, 70] - 3893]
melhor indiv??duo da gera????o:[1, 2, 9, 11, 21, 31, 40, 41, 45, 57, 70] - 3766
gera????o: 5: 
[[1, 4, 11, 20, 21, 23, 33, 41, 46, 47, 56, 61, 65, 68, 70] - 6461, [1, 3, 12, 22, 24, 27, 28, 36, 48, 58, 62, 70] - 5013, [1, 2, 9, 11, 21, 31, 40, 41, 45, 57, 70] - 3766, [1, 3, 12, 22, 24, 27, 28, 36, 48, 58, 62, 70] - 5013, [1, 2, 9, 11, 21, 31, 40, 41, 45, 57, 70] - 3766, [1, 3, 23, 31, 40, 44, 45, 56, 57, 70] - 4234, [1, 3, 13, 14, 25, 33, 49, 55, 57, 70] - 3933, [1, 2, 9, 11, 21, 31, 40, 41, 45, 57, 70] - 3766, [1, 3, 23, 31, 40, 44, 54, 61, 63, 70] - 3893, [1, 3, 23, 31, 40, 44, 54, 61, 63, 70] - 3893, [1, 2, 9, 11, 21, 31, 40, 41, 45, 57, 70] - 3766, [1, 3, 23, 31, 40, 44, 45, 56, 57, 70] - 4234, [1, 3, 23, 31, 40, 44, 54, 61, 63, 70] - 3893, [1, 3, 23, 31, 40, 44, 54, 61, 63, 70] - 3893]
melhor indiv??duo da gera????o:[1, 2, 9, 11, 21, 31, 40, 41, 45, 57, 70] - 3766
gera????o: 6: 
[[1, 3, 12, 22, 24, 27, 28, 36, 48, 58, 62, 70] - 5013, [1, 3, 12, 22, 24, 27, 28, 36, 48, 58, 62, 70] - 5013, [1, 3, 23, 31, 40, 44, 45, 56, 57, 70] - 4234, [1, 2, 9, 11, 21, 31, 40, 41, 45, 57, 70] - 3766, [1, 3, 23, 31, 40, 44, 54, 61, 63, 70] - 3893, [1, 3, 23, 31, 40, 44, 45, 56, 57, 70] - 4234, [1, 3, 23, 31, 40, 44, 54, 61, 63, 70] - 3893, [1, 4, 11, 20, 21, 23, 33, 41, 46, 47, 56, 61, 65, 68, 70] - 6461, [1, 3, 13, 14, 25, 33, 49, 55, 57, 70] - 3933, [1, 2, 9, 11, 21, 31, 40, 41, 45, 57, 70] - 3766, [1, 3, 23, 31, 40, 44, 54, 61, 63, 70] - 3893, [1, 2, 9, 11, 21, 31, 40, 41, 45, 57, 70] - 3766, [1, 2, 9, 11, 21, 31, 40, 41, 45, 57, 70] - 3766]
melhor indiv??duo da gera????o:[1, 2, 9, 11, 21, 31, 40, 41, 45, 57, 70] - 3766
gera????o: 7: 
[[1, 3, 12, 22, 24, 27, 28, 36, 48, 58, 62, 70] - 5013, [1, 2, 9, 11, 21, 31, 40, 41, 45, 57, 70] - 3766, [1, 3, 23, 31, 40, 44, 45, 56, 57, 70] - 4234, [1, 4, 11, 20, 21, 23, 33, 41, 46, 47, 56, 61, 65, 68, 70] - 6461, [1, 2, 9, 11, 21, 31, 40, 41, 45, 57, 70] - 3766, [1, 2, 9, 11, 21, 31, 40, 41, 45, 57, 70] - 3766, [1, 2, 9, 11, 21, 31, 40, 41, 45, 57, 70] - 3766, [1, 3, 23, 31, 40, 44, 54, 61, 63, 70] - 3893, [1, 3, 13, 14, 25, 33, 49, 55, 57, 70] - 3933, [1, 2, 9, 11, 21, 31, 40, 41, 45, 57, 70] - 3766, [1, 2, 9, 11, 21, 31, 40, 41, 45, 57, 70] - 3766, [1, 2, 9, 11, 21, 31, 40, 41, 45, 57, 70] - 3766]
melhor indiv??duo da gera????o:[1, 2, 9, 11, 21, 31, 40, 41, 45, 57, 70] - 3766
gera????o: 8: 
[[1, 2, 9, 11, 21, 31, 40, 41, 45, 57, 70] - 3766, [1, 4, 11, 20, 21, 23, 33, 41, 46, 47, 56, 61, 65, 68, 70] - 6461, [1, 2, 9, 11, 21, 31, 40, 41, 45, 57, 70] - 3766, [1, 3, 23, 31, 40, 44, 54, 61, 63, 70] - 3893, [1, 2, 9, 11, 21, 31, 40, 41, 45, 57, 70] - 3766, [1, 2, 9, 11, 21, 31, 40, 41, 45, 57, 70] - 3766, [1, 2, 9, 11, 21, 31, 40, 41, 45, 57, 70] - 3766, [1, 3, 23, 31, 40, 44, 54, 61, 63, 70] - 3893, [1, 2, 9, 11, 21, 31, 40, 41, 45, 57, 70] - 3766, [1, 2, 9, 11, 21, 31, 40, 41, 45, 57, 70] - 3766, [1, 2, 9, 11, 21, 31, 40, 41, 45, 57, 70] - 3766]
melhor indiv??duo da gera????o:[1, 2, 9, 11, 21, 31, 40, 41, 45, 57, 70] - 3766
gera????o: 9: 
[[1, 4, 11, 20, 21, 23, 33, 41, 46, 47, 56, 61, 65, 68, 70] - 6461, [1, 3, 23, 31, 40, 44, 54, 61, 63, 70] - 3893, [1, 2, 9, 11, 21, 31, 40, 41, 45, 57, 70] - 3766, [1, 3, 23, 31, 40, 44, 54, 61, 63, 70] - 3893, [1, 2, 9, 11, 21, 31, 40, 41, 45, 57, 70] - 3766, [1, 2, 9, 11, 21, 31, 40, 41, 45, 57, 70] - 3766, [1, 3, 23, 31, 40, 44, 54, 61, 63, 70] - 3893, [1, 2, 9, 11, 21, 31, 40, 41, 45, 57, 70] - 3766, [1, 2, 9, 11, 21, 31, 40, 41, 45, 57, 70] - 3766, [1, 2, 9, 11, 21, 31, 40, 41, 45, 57, 70] - 3766]
melhor indiv??duo da gera????o:[1, 2, 9, 11, 21, 31, 40, 41, 45, 57, 70] - 3766
gera????o: 10: 
[[1, 3, 23, 31, 40, 44, 54, 61, 63, 70] - 3893, [1, 3, 23, 31, 40, 44, 54, 61, 63, 70] - 3893, [1, 2, 9, 11, 21, 31, 40, 41, 45, 57, 70] - 3766, [1, 2, 9, 11, 21, 31, 40, 41, 45, 57, 70] - 3766, [1, 2, 9, 11, 21, 31, 40, 41, 45, 57, 70] - 3766, [1, 3, 23, 31, 40, 44, 54, 61, 63, 70] - 3893, [1, 2, 9, 11, 21, 31, 40, 41, 45, 57, 70] - 3766, [1, 2, 9, 11, 21, 31, 40, 41, 45, 57, 70] - 3766, [1, 2, 9, 11, 21, 31, 40, 41, 45, 57, 70] - 3766]
melhor indiv??duo da gera????o:[1, 2, 9, 11, 21, 31, 40, 41, 45, 57, 70] - 3766
gera????o: 11: 
[[1, 3, 23, 31, 40, 44, 54, 61, 63, 70] - 3893, [1, 2, 9, 11, 21, 31, 40, 41, 45, 57, 70] - 3766, [1, 3, 23, 31, 40, 44, 54, 61, 63, 70] - 3893, [1, 2, 9, 11, 21, 31, 40, 41, 45, 57, 70] - 3766, [1, 2, 9, 11, 21, 31, 40, 41, 45, 57, 70] - 3766, [1, 2, 9, 11, 21, 31, 40, 41, 45, 57, 70] - 3766, [1, 2, 9, 11, 21, 31, 40, 41, 45, 57, 70] - 3766, [1, 2, 9, 11, 21, 31, 40, 41, 45, 57, 70] - 3766, [1, 2, 9, 11, 21, 31, 40, 41, 45, 57, 70] - 3766]
melhor indiv??duo da gera????o:[1, 2, 9, 11, 21, 31, 40, 41, 45, 57, 70] - 3766
gera????o: 12: 
[[1, 2, 9, 11, 21, 31, 40, 41, 45, 57, 70] - 3766, [1, 2, 9, 11, 21, 31, 40, 41, 45, 57, 70] - 3766, [1, 2, 9, 11, 21, 31, 40, 41, 45, 57, 70] - 3766, [1, 2, 9, 11, 21, 31, 40, 41, 45, 57, 70] - 3766, [1, 2, 9, 11, 21, 31, 40, 41, 45, 57, 70] - 3766, [1, 2, 9, 11, 21, 31, 40, 41, 45, 57, 70] - 3766, [1, 2, 9, 11, 21, 31, 40, 41, 45, 57, 70] - 3766, [1, 2, 9, 11, 21, 31, 40, 41, 45, 57, 70] - 3766, [1, 2, 9, 11, 21, 31, 40, 41, 45, 57, 70] - 3766]
melhor indiv??duo da gera????o:[1, 2, 9, 11, 21, 31, 40, 41, 45, 57, 70] - 3766
gera????o: 13: 
[[1, 2, 9, 11, 21, 31, 40, 41, 45, 57, 70] - 3766, [1, 2, 9, 11, 21, 31, 40, 41, 45, 57, 70] - 3766, [1, 2, 9, 11, 21, 31, 40, 41, 45, 57, 70] - 3766, [1, 2, 9, 11, 21, 31, 40, 41, 45, 57, 70] - 3766, [1, 2, 9, 11, 21, 31, 40, 41, 45, 57, 70] - 3766, [1, 2, 9, 11, 21, 31, 40, 41, 45, 57, 70] - 3766, [1, 2, 9, 11, 21, 31, 40, 41, 45, 57, 70] - 3766, [1, 2, 9, 11, 21, 31, 40, 41, 45, 57, 70] - 3766, [1, 2, 9, 11, 21, 31, 40, 41, 45, 57, 70] - 3766]
melhor indiv??duo da gera????o:[1, 2, 9, 11, 21, 31, 40, 41, 45, 57, 70] - 3766
gera????o: 14: 
[[1, 2, 9, 11, 21, 31, 40, 41, 45, 57, 70] - 3766, [1, 2, 9, 11, 21, 31, 40, 41, 45, 57, 70] - 3766, [1, 2, 9, 11, 21, 31, 40, 41, 45, 57, 70] - 3766, [1, 2, 9, 11, 21, 31, 40, 41, 45, 57, 70] - 3766, [1, 2, 9, 11, 21, 31, 40, 41, 45, 57, 70] - 3766, [1, 2, 9, 11, 21, 31, 40, 41, 45, 57, 70] - 3766, [1, 2, 9, 11, 21, 31, 40, 41, 45, 57, 70] - 3766, [1, 2, 9, 11, 21, 31, 40, 41, 45, 57, 70] - 3766, [1, 2, 9, 11, 21, 31, 40, 41, 45, 57, 70] - 3766]
melhor indiv??duo da gera????o:[1, 2, 9, 11, 21, 31, 40, 41, 45, 57, 70] - 3766
gera????o: 15: 
[[1, 2, 9, 11, 21, 31, 40, 41, 45, 57, 70] - 3766, [1, 2, 9, 11, 21, 31, 40, 41, 45, 57, 70] - 3766, [1, 2, 9, 11, 21, 31, 40, 41, 45, 57, 70] - 3766, [1, 2, 9, 11, 21, 31, 40, 41, 45, 57, 70] - 3766, [1, 2, 9, 11, 21, 31, 40, 41, 45, 57, 70] - 3766, [1, 2, 9, 11, 21, 31, 40, 41, 45, 57, 70] - 3766, [1, 2, 9, 11, 21, 31, 40, 41, 45, 57, 70] - 3766, [1, 2, 9, 11, 21, 31, 40, 41, 45, 57, 70] - 3766, [1, 2, 9, 11, 21, 31, 40, 41, 45, 57, 70] - 3766]
melhor indiv??duo da gera????o:[1, 2, 9, 11, 21, 31, 40, 41, 45, 57, 70] - 3766
gera????o: 16: 
[[1, 2, 9, 11, 21, 31, 40, 41, 45, 57, 70] - 3766, [1, 2, 9, 11, 21, 31, 40, 41, 45, 57, 70] - 3766, [1, 2, 9, 11, 21, 31, 40, 41, 45, 57, 70] - 3766, [1, 2, 9, 11, 21, 31, 40, 41, 45, 57, 70] - 3766, [1, 2, 9, 11, 21, 31, 40, 41, 45, 57, 70] - 3766, [1, 2, 9, 11, 21, 31, 40, 41, 45, 57, 70] - 3766, [1, 2, 9, 11, 21, 31, 40, 41, 45, 57, 70] - 3766, [1, 2, 9, 11, 21, 31, 40, 41, 45, 57, 70] - 3766, [1, 2, 9, 11, 21, 31, 40, 41, 45, 57, 70] - 3766]
melhor indiv??duo da gera????o:[1, 2, 9, 11, 21, 31, 40, 41, 45, 57, 70] - 3766
gera????o: 17: 
[[1, 2, 9, 11, 21, 31, 40, 41, 45, 57, 70] - 3766, [1, 2, 9, 11, 21, 31, 40, 41, 45, 57, 70] - 3766, [1, 2, 9, 11, 21, 31, 40, 41, 45, 57, 70] - 3766, [1, 2, 9, 11, 21, 31, 40, 41, 45, 57, 70] - 3766, [1, 2, 9, 11, 21, 31, 40, 41, 45, 57, 70] - 3766, [1, 2, 9, 11, 21, 31, 40, 41, 45, 57, 70] - 3766, [1, 2, 9, 11, 21, 31, 40, 41, 45, 57, 70] - 3766, [1, 2, 9, 11, 21, 31, 40, 41, 45, 57, 70] - 3766, [1, 2, 9, 11, 21, 31, 40, 41, 45, 57, 70] - 3766]
melhor indiv??duo da gera????o:[1, 2, 9, 11, 21, 31, 40, 41, 45, 57, 70] - 3766
gera????o: 18: 
[[1, 2, 9, 11, 21, 31, 40, 41, 45, 57, 70] - 3766, [1, 2, 9, 11, 21, 31, 40, 41, 45, 57, 70] - 3766, [1, 2, 9, 11, 21, 31, 40, 41, 45, 57, 70] - 3766, [1, 2, 9, 11, 21, 31, 40, 41, 45, 57, 70] - 3766, [1, 2, 9, 11, 21, 31, 40, 41, 45, 57, 70] - 3766, [1, 2, 9, 11, 21, 31, 40, 41, 45, 57, 70] - 3766, [1, 2, 9, 11, 21, 31, 40, 41, 45, 57, 70] - 3766, [1, 2, 9, 11, 21, 31, 40, 41, 45, 57, 70] - 3766, [1, 2, 9, 11, 21, 31, 40, 41, 45, 57, 70] - 3766]
melhor indiv??duo da gera????o:[1, 2, 9, 11, 21, 31, 40, 41, 45, 57, 70] - 3766
gera????o: 19: 
[[1, 2, 9, 11, 21, 31, 40, 41, 45, 57, 70] - 3766, [1, 2, 9, 11, 21, 31, 40, 41, 45, 57, 70] - 3766, [1, 2, 9, 11, 21, 31, 40, 41, 45, 57, 70] - 3766, [1, 2, 9, 11, 21, 31, 40, 41, 45, 57, 70] - 3766, [1, 2, 9, 11, 21, 31, 40, 41, 45, 57, 70] - 3766, [1, 2, 9, 11, 21, 31, 40, 41, 45, 57, 70] - 3766, [1, 2, 9, 11, 21, 31, 40, 41, 45, 57, 70] - 3766, [1, 2, 9, 11, 21, 31, 40, 41, 45, 57, 70] - 3766, [1, 2, 9, 11, 21, 31, 40, 41, 45, 57, 70] - 3766]
melhor indiv??duo da gera????o:[1, 2, 9, 11, 21, 31, 40, 41, 45, 57, 70] - 3766
gera????o: 20: 
[[1, 2, 9, 11, 21, 31, 40, 41, 45, 57, 70] - 3766, [1, 2, 9, 11, 21, 31, 40, 41, 45, 57, 70] - 3766, [1, 2, 9, 11, 21, 31, 40, 41, 45, 57, 70] - 3766, [1, 2, 9, 11, 21, 31, 40, 41, 45, 57, 70] - 3766, [1, 2, 9, 11, 21, 31, 40, 41, 45, 57, 70] - 3766, [1, 2, 9, 11, 21, 31, 40, 41, 45, 57, 70] - 3766, [1, 2, 9, 11, 21, 31, 40, 41, 45, 57, 70] - 3766, [1, 2, 9, 11, 21, 31, 40, 41, 45, 57, 70] - 3766, [1, 2, 9, 11, 21, 31, 40, 41, 45, 57, 70] - 3766]
melhor indiv??duo da gera????o:[1, 2, 9, 11, 21, 31, 40, 41, 45, 57, 70] - 3766
gera????o: 21: 
[[1, 2, 9, 11, 21, 31, 40, 41, 45, 57, 70] - 3766, [1, 2, 9, 11, 21, 31, 40, 41, 45, 57, 70] - 3766, [1, 2, 9, 11, 21, 31, 40, 41, 45, 57, 70] - 3766, [1, 2, 9, 11, 21, 31, 40, 41, 45, 57, 70] - 3766, [1, 2, 9, 11, 21, 31, 40, 41, 45, 57, 70] - 3766, [1, 2, 9, 11, 21, 31, 40, 41, 45, 57, 70] - 3766, [1, 2, 9, 11, 21, 31, 40, 41, 45, 57, 70] - 3766, [1, 2, 9, 11, 21, 31, 40, 41, 45, 57, 70] - 3766, [1, 2, 9, 11, 21, 31, 40, 41, 45, 57, 70] - 3766]
melhor indiv??duo da gera????o:[1, 2, 9, 11, 21, 31, 40, 41, 45, 57, 70] - 3766
gera????o: 22: 
[[1, 2, 9, 11, 21, 31, 40, 41, 45, 57, 70] - 3766, [1, 2, 9, 11, 21, 31, 40, 41, 45, 57, 70] - 3766, [1, 2, 9, 11, 21, 31, 40, 41, 45, 57, 70] - 3766, [1, 2, 9, 11, 21, 31, 40, 41, 45, 57, 70] - 3766, [1, 2, 9, 11, 21, 31, 40, 41, 45, 57, 70] - 3766, [1, 2, 9, 11, 21, 31, 40, 41, 45, 57, 70] - 3766, [1, 2, 9, 11, 21, 31, 40, 41, 45, 57, 70] - 3766, [1, 2, 9, 11, 21, 31, 40, 41, 45, 57, 70] - 3766, [1, 2, 9, 11, 21, 31, 40, 41, 45, 57, 70] - 3766]
melhor indiv??duo da gera????o:[1, 2, 9, 11, 21, 31, 40, 41, 45, 57, 70] - 3766
gera????o: 23: 
[[1, 2, 9, 11, 21, 31, 40, 41, 45, 57, 70] - 3766, [1, 2, 9, 11, 21, 31, 40, 41, 45, 57, 70] - 3766, [1, 2, 9, 11, 21, 31, 40, 41, 45, 57, 70] - 3766, [1, 2, 9, 11, 21, 31, 40, 41, 45, 57, 70] - 3766, [1, 2, 9, 11, 21, 31, 40, 41, 45, 57, 70] - 3766, [1, 2, 9, 11, 21, 31, 40, 41, 45, 57, 70] - 3766, [1, 2, 9, 11, 21, 31, 40, 41, 45, 57, 70] - 3766, [1, 2, 9, 11, 21, 31, 40, 41, 45, 57, 70] - 3766, [1, 2, 9, 11, 21, 31, 40, 41, 45, 57, 70] - 3766]
melhor indiv??duo da gera????o:[1, 2, 9, 11, 21, 31, 40, 41, 45, 57, 70] - 3766
gera????o: 24: 
[[1, 2, 9, 11, 21, 31, 40, 41, 45, 57, 70] - 3766, [1, 2, 9, 11, 21, 31, 40, 41, 45, 57, 70] - 3766, [1, 2, 9, 11, 21, 31, 40, 41, 45, 57, 70] - 3766, [1, 2, 9, 11, 21, 31, 40, 41, 45, 57, 70] - 3766, [1, 2, 9, 11, 21, 31, 40, 41, 45, 57, 70] - 3766, [1, 2, 9, 11, 21, 31, 40, 41, 45, 57, 70] - 3766, [1, 2, 9, 11, 21, 31, 40, 41, 45, 57, 70] - 3766, [1, 2, 9, 11, 21, 31, 40, 41, 45, 57, 70] - 3766, [1, 2, 9, 11, 21, 31, 40, 41, 45, 57, 70] - 3766]
melhor indiv??duo da gera????o:[1, 2, 9, 11, 21, 31, 40, 41, 45, 57, 70] - 3766
gera????o: 25: 
[[1, 2, 9, 11, 21, 31, 40, 41, 45, 57, 70] - 3766, [1, 2, 9, 11, 21, 31, 40, 41, 45, 57, 70] - 3766, [1, 2, 9, 11, 21, 31, 40, 41, 45, 57, 70] - 3766, [1, 2, 9, 11, 21, 31, 40, 41, 45, 57, 70] - 3766, [1, 2, 9, 11, 21, 31, 40, 41, 45, 57, 70] - 3766, [1, 2, 9, 11, 21, 31, 40, 41, 45, 57, 70] - 3766, [1, 2, 9, 11, 21, 31, 40, 41, 45, 57, 70] - 3766, [1, 2, 9, 11, 21, 31, 40, 41, 45, 57, 70] - 3766, [1, 2, 9, 11, 21, 31, 40, 41, 45, 57, 70] - 3766]
melhor indiv??duo da gera????o:[1, 2, 9, 11, 21, 31, 40, 41, 45, 57, 70] - 3766
gera????o: 26: 
[[1, 2, 9, 11, 21, 31, 40, 41, 45, 57, 70] - 3766, [1, 2, 9, 11, 21, 31, 40, 41, 45, 57, 70] - 3766, [1, 2, 9, 11, 21, 31, 40, 41, 45, 57, 70] - 3766, [1, 2, 9, 11, 21, 31, 40, 41, 45, 57, 70] - 3766, [1, 2, 9, 11, 21, 31, 40, 41, 45, 57, 70] - 3766, [1, 2, 9, 11, 21, 31, 40, 41, 45, 57, 70] - 3766, [1, 2, 9, 11, 21, 31, 40, 41, 45, 57, 70] - 3766, [1, 2, 9, 11, 21, 31, 40, 41, 45, 57, 70] - 3766, [1, 2, 9, 11, 21, 31, 40, 41, 45, 57, 70] - 3766]
melhor indiv??duo da gera????o:[1, 2, 9, 11, 21, 31, 40, 41, 45, 57, 70] - 3766
gera????o: 27: 
[[1, 2, 9, 11, 21, 31, 40, 41, 45, 57, 70] - 3766, [1, 2, 9, 11, 21, 31, 40, 41, 45, 57, 70] - 3766, [1, 2, 9, 11, 21, 31, 40, 41, 45, 57, 70] - 3766, [1, 2, 9, 11, 21, 31, 40, 41, 45, 57, 70] - 3766, [1, 2, 9, 11, 21, 31, 40, 41, 45, 57, 70] - 3766, [1, 2, 9, 11, 21, 31, 40, 41, 45, 57, 70] - 3766, [1, 2, 9, 11, 21, 31, 40, 41, 45, 57, 70] - 3766, [1, 2, 9, 11, 21, 31, 40, 41, 45, 57, 70] - 3766, [1, 2, 9, 11, 21, 31, 40, 41, 45, 57, 70] - 3766]
melhor indiv??duo da gera????o:[1, 2, 9, 11, 21, 31, 40, 41, 45, 57, 70] - 3766
gera????o: 28: 
[[1, 2, 9, 11, 21, 31, 40, 41, 45, 57, 70] - 3766, [1, 2, 9, 11, 21, 31, 40, 41, 45, 57, 70] - 3766, [1, 2, 9, 11, 21, 31, 40, 41, 45, 57, 70] - 3766, [1, 2, 9, 11, 21, 31, 40, 41, 45, 57, 70] - 3766, [1, 2, 9, 11, 21, 31, 40, 41, 45, 57, 70] - 3766, [1, 2, 9, 11, 21, 31, 40, 41, 45, 57, 70] - 3766, [1, 2, 9, 11, 21, 31, 40, 41, 45, 57, 70] - 3766, [1, 2, 9, 11, 21, 31, 40, 41, 45, 57, 70] - 3766, [1, 2, 9, 11, 21, 31, 40, 41, 45, 57, 70] - 3766]
melhor indiv??duo da gera????o:[1, 2, 9, 11, 21, 31, 40, 41, 45, 57, 70] - 3766
gera????o: 29: 
[[1, 2, 9, 11, 21, 31, 40, 41, 45, 57, 70] - 3766, [1, 2, 9, 11, 21, 31, 40, 41, 45, 57, 70] - 3766, [1, 2, 9, 11, 21, 31, 40, 41, 45, 57, 70] - 3766, [1, 2, 9, 11, 21, 31, 40, 41, 45, 57, 70] - 3766, [1, 2, 9, 11, 21, 31, 40, 41, 45, 57, 70] - 3766, [1, 2, 9, 11, 21, 31, 40, 41, 45, 57, 70] - 3766, [1, 2, 9, 11, 21, 31, 40, 41, 45, 57, 70] - 3766, [1, 2, 9, 11, 21, 31, 40, 41, 45, 57, 70] - 3766, [1, 2, 9, 11, 21, 31, 40, 41, 45, 57, 70] - 3766]
melhor indiv??duo da gera????o:[1, 2, 9, 11, 21, 31, 40, 41, 45, 57, 70] - 3766
gera????o: 30: 
[[1, 2, 9, 11, 21, 31, 40, 41, 45, 57, 70] - 3766, [1, 2, 9, 11, 21, 31, 40, 41, 45, 57, 70] - 3766, [1, 2, 9, 11, 21, 31, 40, 41, 45, 57, 70] - 3766, [1, 2, 9, 11, 21, 31, 40, 41, 45, 57, 70] - 3766, [1, 2, 9, 11, 21, 31, 40, 41, 45, 57, 70] - 3766, [1, 2, 9, 11, 21, 31, 40, 41, 45, 57, 70] - 3766, [1, 2, 9, 11, 21, 31, 40, 41, 45, 57, 70] - 3766, [1, 2, 9, 11, 21, 31, 40, 41, 45, 57, 70] - 3766, [1, 2, 9, 11, 21, 31, 40, 41, 45, 57, 70] - 3766]
melhor indiv??duo da gera????o:[1, 2, 9, 11, 21, 31, 40, 41, 45, 57, 70] - 3766
gera????o: 31: 
[[1, 2, 9, 11, 21, 31, 40, 41, 45, 57, 70] - 3766, [1, 2, 9, 11, 21, 31, 40, 41, 45, 57, 70] - 3766, [1, 2, 9, 11, 21, 31, 40, 41, 45, 57, 70] - 3766, [1, 2, 9, 11, 21, 31, 40, 41, 45, 57, 70] - 3766, [1, 2, 9, 11, 21, 31, 40, 41, 45, 57, 70] - 3766, [1, 2, 9, 11, 21, 31, 40, 41, 45, 57, 70] - 3766, [1, 2, 9, 11, 21, 31, 40, 41, 45, 57, 70] - 3766, [1, 2, 9, 11, 21, 31, 40, 41, 45, 57, 70] - 3766, [1, 2, 9, 11, 21, 31, 40, 41, 45, 57, 70] - 3766]
melhor indiv??duo da gera????o:[1, 2, 9, 11, 21, 31, 40, 41, 45, 57, 70] - 3766
gera????o: 32: 
[[1, 2, 9, 11, 21, 31, 40, 41, 45, 57, 70] - 3766, [1, 2, 9, 11, 21, 31, 40, 41, 45, 57, 70] - 3766, [1, 2, 9, 11, 21, 31, 40, 41, 45, 57, 70] - 3766, [1, 2, 9, 11, 21, 31, 40, 41, 45, 57, 70] - 3766, [1, 2, 9, 11, 21, 31, 40, 41, 45, 57, 70] - 3766, [1, 2, 9, 11, 21, 31, 40, 41, 45, 57, 70] - 3766, [1, 2, 9, 11, 21, 31, 40, 41, 45, 57, 70] - 3766, [1, 2, 9, 11, 21, 31, 40, 41, 45, 57, 70] - 3766, [1, 2, 9, 11, 21, 31, 40, 41, 45, 57, 70] - 3766]
melhor indiv??duo da gera????o:[1, 2, 9, 11, 21, 31, 40, 41, 45, 57, 70] - 3766
gera????o: 33: 
[[1, 2, 9, 11, 21, 31, 40, 41, 45, 57, 70] - 3766, [1, 2, 9, 11, 21, 31, 40, 41, 45, 57, 70] - 3766, [1, 2, 9, 11, 21, 31, 40, 41, 45, 57, 70] - 3766, [1, 2, 9, 11, 21, 31, 40, 41, 45, 57, 70] - 3766, [1, 2, 9, 11, 21, 31, 40, 41, 45, 57, 70] - 3766, [1, 2, 9, 11, 21, 31, 40, 41, 45, 57, 70] - 3766, [1, 2, 9, 11, 21, 31, 40, 41, 45, 57, 70] - 3766, [1, 2, 9, 11, 21, 31, 40, 41, 45, 57, 70] - 3766, [1, 2, 9, 11, 21, 31, 40, 41, 45, 57, 70] - 3766]
melhor indiv??duo da gera????o:[1, 2, 9, 11, 21, 31, 40, 41, 45, 57, 70] - 3766
gera????o: 34: 
[[1, 2, 9, 11, 21, 31, 40, 41, 45, 57, 70] - 3766, [1, 2, 9, 11, 21, 31, 40, 41, 45, 57, 70] - 3766, [1, 2, 9, 11, 21, 31, 40, 41, 45, 57, 70] - 3766, [1, 2, 9, 11, 21, 31, 40, 41, 45, 57, 70] - 3766, [1, 2, 9, 11, 21, 31, 40, 41, 45, 57, 70] - 3766, [1, 2, 9, 11, 21, 31, 40, 41, 45, 57, 70] - 3766, [1, 2, 9, 11, 21, 31, 40, 41, 45, 57, 70] - 3766, [1, 2, 9, 11, 21, 31, 40, 41, 45, 57, 70] - 3766, [1, 2, 9, 11, 21, 31, 40, 41, 45, 57, 70] - 3766]
melhor indiv??duo da gera????o:[1, 2, 9, 11, 21, 31, 40, 41, 45, 57, 70] - 3766
gera????o: 35: 
[[1, 2, 9, 11, 21, 31, 40, 41, 45, 57, 70] - 3766, [1, 2, 9, 11, 21, 31, 40, 41, 45, 57, 70] - 3766, [1, 2, 9, 11, 21, 31, 40, 41, 45, 57, 70] - 3766, [1, 2, 9, 11, 21, 31, 40, 41, 45, 57, 70] - 3766, [1, 2, 9, 11, 21, 31, 40, 41, 45, 57, 70] - 3766, [1, 2, 9, 11, 21, 31, 40, 41, 45, 57, 70] - 3766, [1, 2, 9, 11, 21, 31, 40, 41, 45, 57, 70] - 3766, [1, 2, 9, 11, 21, 31, 40, 41, 45, 57, 70] - 3766, [1, 2, 9, 11, 21, 31, 40, 41, 45, 57, 70] - 3766]
melhor indiv??duo da gera????o:[1, 2, 9, 11, 21, 31, 40, 41, 45, 57, 70] - 3766
gera????o: 36: 
[[1, 2, 9, 11, 21, 31, 40, 41, 45, 57, 70] - 3766, [1, 2, 9, 11, 21, 31, 40, 41, 45, 57, 70] - 3766, [1, 2, 9, 11, 21, 31, 40, 41, 45, 57, 70] - 3766, [1, 2, 9, 11, 21, 31, 40, 41, 45, 57, 70] - 3766, [1, 2, 9, 11, 21, 31, 40, 41, 45, 57, 70] - 3766, [1, 2, 9, 11, 21, 31, 40, 41, 45, 57, 70] - 3766, [1, 2, 9, 11, 21, 31, 40, 41, 45, 57, 70] - 3766, [1, 2, 9, 11, 21, 31, 40, 41, 45, 57, 70] - 3766, [1, 2, 9, 11, 21, 31, 40, 41, 45, 57, 70] - 3766]
melhor indiv??duo da gera????o:[1, 2, 9, 11, 21, 31, 40, 41, 45, 57, 70] - 3766
gera????o: 37: 
[[1, 2, 9, 11, 21, 31, 40, 41, 45, 57, 70] - 3766, [1, 2, 9, 11, 21, 31, 40, 41, 45, 57, 70] - 3766, [1, 2, 9, 11, 21, 31, 40, 41, 45, 57, 70] - 3766, [1, 2, 9, 11, 21, 31, 40, 41, 45, 57, 70] - 3766, [1, 2, 9, 11, 21, 31, 40, 41, 45, 57, 70] - 3766, [1, 2, 9, 11, 21, 31, 40, 41, 45, 57, 70] - 3766, [1, 2, 9, 11, 21, 31, 40, 41, 45, 57, 70] - 3766, [1, 2, 9, 11, 21, 31, 40, 41, 45, 57, 70] - 3766, [1, 2, 9, 11, 21, 31, 40, 41, 45, 57, 70] - 3766]
melhor indiv??duo da gera????o:[1, 2, 9, 11, 21, 31, 40, 41, 45, 57, 70] - 3766
gera????o: 38: 
[[1, 2, 9, 11, 21, 31, 40, 41, 45, 57, 70] - 3766, [1, 2, 9, 11, 21, 31, 40, 41, 45, 57, 70] - 3766, [1, 2, 9, 11, 21, 31, 40, 41, 45, 57, 70] - 3766, [1, 2, 9, 11, 21, 31, 40, 41, 45, 57, 70] - 3766, [1, 2, 9, 11, 21, 31, 40, 41, 45, 57, 70] - 3766, [1, 2, 9, 11, 21, 31, 40, 41, 45, 57, 70] - 3766, [1, 2, 9, 11, 21, 31, 40, 41, 45, 57, 70] - 3766, [1, 2, 9, 11, 21, 31, 40, 41, 45, 57, 70] - 3766, [1, 2, 9, 11, 21, 31, 40, 41, 45, 57, 70] - 3766]
melhor indiv??duo da gera????o:[1, 2, 9, 11, 21, 31, 40, 41, 45, 57, 70] - 3766
gera????o: 39: 
[[1, 2, 9, 11, 21, 31, 40, 41, 45, 57, 70] - 3766, [1, 2, 9, 11, 21, 31, 40, 41, 45, 57, 70] - 3766, [1, 2, 9, 11, 21, 31, 40, 41, 45, 57, 70] - 3766, [1, 2, 9, 11, 21, 31, 40, 41, 45, 57, 70] - 3766, [1, 2, 9, 11, 21, 31, 40, 41, 45, 57, 70] - 3766, [1, 2, 9, 11, 21, 31, 40, 41, 45, 57, 70] - 3766, [1, 2, 9, 11, 21, 31, 40, 41, 45, 57, 70] - 3766, [1, 2, 9, 11, 21, 31, 40, 41, 45, 57, 70] - 3766, [1, 2, 9, 11, 21, 31, 40, 41, 45, 57, 70] - 3766]
melhor indiv??duo da gera????o:[1, 2, 9, 11, 21, 31, 40, 41, 45, 57, 70] - 3766
gera????o: 40: 
[[1, 2, 9, 11, 21, 31, 40, 41, 45, 57, 70] - 3766, [1, 2, 9, 11, 21, 31, 40, 41, 45, 57, 70] - 3766, [1, 2, 9, 11, 21, 31, 40, 41, 45, 57, 70] - 3766, [1, 2, 9, 11, 21, 31, 40, 41, 45, 57, 70] - 3766, [1, 2, 9, 11, 21, 31, 40, 41, 45, 57, 70] - 3766, [1, 2, 9, 11, 21, 31, 40, 41, 45, 57, 70] - 3766, [1, 2, 9, 11, 21, 31, 40, 41, 45, 57, 70] - 3766, [1, 2, 9, 11, 21, 31, 40, 41, 45, 57, 70] - 3766, [1, 2, 9, 11, 21, 31, 40, 41, 45, 57, 70] - 3766]
melhor indiv??duo da gera????o:[1, 2, 9, 11, 21, 31, 40, 41, 45, 57, 70] - 3766
gera????o: 41: 
[[1, 2, 9, 11, 21, 31, 40, 41, 45, 57, 70] - 3766, [1, 2, 9, 11, 21, 31, 40, 41, 45, 57, 70] - 3766, [1, 2, 9, 11, 21, 31, 40, 41, 45, 57, 70] - 3766, [1, 2, 9, 11, 21, 31, 40, 41, 45, 57, 70] - 3766, [1, 2, 9, 11, 21, 31, 40, 41, 45, 57, 70] - 3766, [1, 2, 9, 11, 21, 31, 40, 41, 45, 57, 70] - 3766, [1, 2, 9, 11, 21, 31, 40, 41, 45, 57, 70] - 3766, [1, 2, 9, 11, 21, 31, 40, 41, 45, 57, 70] - 3766, [1, 2, 9, 11, 21, 31, 40, 41, 45, 57, 70] - 3766]
melhor indiv??duo da gera????o:[1, 2, 9, 11, 21, 31, 40, 41, 45, 57, 70] - 3766
gera????o: 42: 
[[1, 2, 9, 11, 21, 31, 40, 41, 45, 57, 70] - 3766, [1, 2, 9, 11, 21, 31, 40, 41, 45, 57, 70] - 3766, [1, 2, 9, 11, 21, 31, 40, 41, 45, 57, 70] - 3766, [1, 2, 9, 11, 21, 31, 40, 41, 45, 57, 70] - 3766, [1, 2, 9, 11, 21, 31, 40, 41, 45, 57, 70] - 3766, [1, 2, 9, 11, 21, 31, 40, 41, 45, 57, 70] - 3766, [1, 2, 9, 11, 21, 31, 40, 41, 45, 57, 70] - 3766, [1, 2, 9, 11, 21, 31, 40, 41, 45, 57, 70] - 3766, [1, 2, 9, 11, 21, 31, 40, 41, 45, 57, 70] - 3766]
melhor indiv??duo da gera????o:[1, 2, 9, 11, 21, 31, 40, 41, 45, 57, 70] - 3766
gera????o: 43: 
[[1, 2, 9, 11, 21, 31, 40, 41, 45, 57, 70] - 3766, [1, 2, 9, 11, 21, 31, 40, 41, 45, 57, 70] - 3766, [1, 2, 9, 11, 21, 31, 40, 41, 45, 57, 70] - 3766, [1, 2, 9, 11, 21, 31, 40, 41, 45, 57, 70] - 3766, [1, 2, 9, 11, 21, 31, 40, 41, 45, 57, 70] - 3766, [1, 2, 9, 11, 21, 31, 40, 41, 45, 57, 70] - 3766, [1, 2, 9, 11, 21, 31, 40, 41, 45, 57, 70] - 3766, [1, 2, 9, 11, 21, 31, 40, 41, 45, 57, 70] - 3766, [1, 2, 9, 11, 21, 31, 40, 41, 45, 57, 70] - 3766]
melhor indiv??duo da gera????o:[1, 2, 9, 11, 21, 31, 40, 41, 45, 57, 70] - 3766
gera????o: 44: 
[[1, 2, 9, 11, 21, 31, 40, 41, 45, 57, 70] - 3766, [1, 2, 9, 11, 21, 31, 40, 41, 45, 57, 70] - 3766, [1, 2, 9, 11, 21, 31, 40, 41, 45, 57, 70] - 3766, [1, 2, 9, 11, 21, 31, 40, 41, 45, 57, 70] - 3766, [1, 2, 9, 11, 21, 31, 40, 41, 45, 57, 70] - 3766, [1, 2, 9, 11, 21, 31, 40, 41, 45, 57, 70] - 3766, [1, 2, 9, 11, 21, 31, 40, 41, 45, 57, 70] - 3766, [1, 2, 9, 11, 21, 31, 40, 41, 45, 57, 70] - 3766, [1, 2, 9, 11, 21, 31, 40, 41, 45, 57, 70] - 3766]
melhor indiv??duo da gera????o:[1, 2, 9, 11, 21, 31, 40, 41, 45, 57, 70] - 3766
gera????o: 45: 
[[1, 2, 9, 11, 21, 31, 40, 41, 45, 57, 70] - 3766, [1, 2, 9, 11, 21, 31, 40, 41, 45, 57, 70] - 3766, [1, 2, 9, 11, 21, 31, 40, 41, 45, 57, 70] - 3766, [1, 2, 9, 11, 21, 31, 40, 41, 45, 57, 70] - 3766, [1, 2, 9, 11, 21, 31, 40, 41, 45, 57, 70] - 3766, [1, 2, 9, 11, 21, 31, 40, 41, 45, 57, 70] - 3766, [1, 2, 9, 11, 21, 31, 40, 41, 45, 57, 70] - 3766, [1, 2, 9, 11, 21, 31, 40, 41, 45, 57, 70] - 3766, [1, 2, 9, 11, 21, 31, 40, 41, 45, 57, 70] - 3766]
melhor indiv??duo da gera????o:[1, 2, 9, 11, 21, 31, 40, 41, 45, 57, 70] - 3766
gera????o: 46: 
[[1, 2, 9, 11, 21, 31, 40, 41, 45, 57, 70] - 3766, [1, 2, 9, 11, 21, 31, 40, 41, 45, 57, 70] - 3766, [1, 2, 9, 11, 21, 31, 40, 41, 45, 57, 70] - 3766, [1, 2, 9, 11, 21, 31, 40, 41, 45, 57, 70] - 3766, [1, 2, 9, 11, 21, 31, 40, 41, 45, 57, 70] - 3766, [1, 2, 9, 11, 21, 31, 40, 41, 45, 57, 70] - 3766, [1, 2, 9, 11, 21, 31, 40, 41, 45, 57, 70] - 3766, [1, 2, 9, 11, 21, 31, 40, 41, 45, 57, 70] - 3766, [1, 2, 9, 11, 21, 31, 40, 41, 45, 57, 70] - 3766]
melhor indiv??duo da gera????o:[1, 2, 9, 11, 21, 31, 40, 41, 45, 57, 70] - 3766
gera????o: 47: 
[[1, 2, 9, 11, 21, 31, 40, 41, 45, 57, 70] - 3766, [1, 2, 9, 11, 21, 31, 40, 41, 45, 57, 70] - 3766, [1, 2, 9, 11, 21, 31, 40, 41, 45, 57, 70] - 3766, [1, 2, 9, 11, 21, 31, 40, 41, 45, 57, 70] - 3766, [1, 2, 9, 11, 21, 31, 40, 41, 45, 57, 70] - 3766, [1, 2, 9, 11, 21, 31, 40, 41, 45, 57, 70] - 3766, [1, 2, 9, 11, 21, 31, 40, 41, 45, 57, 70] - 3766, [1, 2, 9, 11, 21, 31, 40, 41, 45, 57, 70] - 3766, [1, 2, 9, 11, 21, 31, 40, 41, 45, 57, 70] - 3766]
melhor indiv??duo da gera????o:[1, 2, 9, 11, 21, 31, 40, 41, 45, 57, 70] - 3766
gera????o: 48: 
[[1, 2, 9, 11, 21, 31, 40, 41, 45, 57, 70] - 3766, [1, 2, 9, 11, 21, 31, 40, 41, 45, 57, 70] - 3766, [1, 2, 9, 11, 21, 31, 40, 41, 45, 57, 70] - 3766, [1, 2, 9, 11, 21, 31, 40, 41, 45, 57, 70] - 3766, [1, 2, 9, 11, 21, 31, 40, 41, 45, 57, 70] - 3766, [1, 2, 9, 11, 21, 31, 40, 41, 45, 57, 70] - 3766, [1, 2, 9, 11, 21, 31, 40, 41, 45, 57, 70] - 3766, [1, 2, 9, 11, 21, 31, 40, 41, 45, 57, 70] - 3766, [1, 2, 9, 11, 21, 31, 40, 41, 45, 57, 70] - 3766]
melhor indiv??duo da gera????o:[1, 2, 9, 11, 21, 31, 40, 41, 45, 57, 70] - 3766
gera????o: 49: 
[[1, 2, 9, 11, 21, 31, 40, 41, 45, 57, 70] - 3766, [1, 2, 9, 11, 21, 31, 40, 41, 45, 57, 70] - 3766, [1, 2, 9, 11, 21, 31, 40, 41, 45, 57, 70] - 3766, [1, 2, 9, 11, 21, 31, 40, 41, 45, 57, 70] - 3766, [1, 2, 9, 11, 21, 31, 40, 41, 45, 57, 70] - 3766, [1, 2, 9, 11, 21, 31, 40, 41, 45, 57, 70] - 3766, [1, 2, 9, 11, 21, 31, 40, 41, 45, 57, 70] - 3766, [1, 2, 9, 11, 21, 31, 40, 41, 45, 57, 70] - 3766, [1, 2, 9, 11, 21, 31, 40, 41, 45, 57, 70] - 3766]
melhor indiv??duo da gera????o:[1, 2, 9, 11, 21, 31, 40, 41, 45, 57, 70] - 3766
gera????o: 50: 
[[1, 2, 9, 11, 21, 31, 40, 41, 45, 57, 70] - 3766, [1, 2, 9, 11, 21, 31, 40, 41, 45, 57, 70] - 3766, [1, 2, 9, 11, 21, 31, 40, 41, 45, 57, 70] - 3766, [1, 2, 9, 11, 21, 31, 40, 41, 45, 57, 70] - 3766, [1, 2, 9, 11, 21, 31, 40, 41, 45, 57, 70] - 3766, [1, 2, 9, 11, 21, 31, 40, 41, 45, 57, 70] - 3766, [1, 2, 9, 11, 21, 31, 40, 41, 45, 57, 70] - 3766, [1, 2, 9, 11, 21, 31, 40, 41, 45, 57, 70] - 3766, [1, 2, 9, 11, 21, 31, 40, 41, 45, 57, 70] - 3766]
melhor indiv??duo da gera????o:[1, 2, 9, 11, 21, 31, 40, 41, 45, 57, 70] - 3766
gera????o: 51: 
[[1, 2, 9, 11, 21, 31, 40, 41, 45, 57, 70] - 3766, [1, 2, 9, 11, 21, 31, 40, 41, 45, 57, 70] - 3766, [1, 2, 9, 11, 21, 31, 40, 41, 45, 57, 70] - 3766, [1, 2, 9, 11, 21, 31, 40, 41, 45, 57, 70] - 3766, [1, 2, 9, 11, 21, 31, 40, 41, 45, 57, 70] - 3766, [1, 2, 9, 11, 21, 31, 40, 41, 45, 57, 70] - 3766, [1, 2, 9, 11, 21, 31, 40, 41, 45, 57, 70] - 3766, [1, 2, 9, 11, 21, 31, 40, 41, 45, 57, 70] - 3766, [1, 2, 9, 11, 21, 31, 40, 41, 45, 57, 70] - 3766]
melhor indiv??duo da gera????o:[1, 2, 9, 11, 21, 31, 40, 41, 45, 57, 70] - 3766
gera????o: 52: 
[[1, 2, 9, 11, 21, 31, 40, 41, 45, 57, 70] - 3766, [1, 2, 9, 11, 21, 31, 40, 41, 45, 57, 70] - 3766, [1, 2, 9, 11, 21, 31, 40, 41, 45, 57, 70] - 3766, [1, 2, 9, 11, 21, 31, 40, 41, 45, 57, 70] - 3766, [1, 2, 9, 11, 21, 31, 40, 41, 45, 57, 70] - 3766, [1, 2, 9, 11, 21, 31, 40, 41, 45, 57, 70] - 3766, [1, 2, 9, 11, 21, 31, 40, 41, 45, 57, 70] - 3766, [1, 2, 9, 11, 21, 31, 40, 41, 45, 57, 70] - 3766, [1, 2, 9, 11, 21, 31, 40, 41, 45, 57, 70] - 3766]
melhor indiv??duo da gera????o:[1, 2, 9, 11, 21, 31, 40, 41, 45, 57, 70] - 3766
gera????o: 53: 
[[1, 2, 9, 11, 21, 31, 40, 41, 45, 57, 70] - 3766, [1, 2, 9, 11, 21, 31, 40, 41, 45, 57, 70] - 3766, [1, 2, 9, 11, 21, 31, 40, 41, 45, 57, 70] - 3766, [1, 2, 9, 11, 21, 31, 40, 41, 45, 57, 70] - 3766, [1, 2, 9, 11, 21, 31, 40, 41, 45, 57, 70] - 3766, [1, 2, 9, 11, 21, 31, 40, 41, 45, 57, 70] - 3766, [1, 2, 9, 11, 21, 31, 40, 41, 45, 57, 70] - 3766, [1, 2, 9, 11, 21, 31, 40, 41, 45, 57, 70] - 3766, [1, 2, 9, 11, 21, 31, 40, 41, 45, 57, 70] - 3766]
melhor indiv??duo da gera????o:[1, 2, 9, 11, 21, 31, 40, 41, 45, 57, 70] - 3766
gera????o: 54: 
[[1, 2, 9, 11, 21, 31, 40, 41, 45, 57, 70] - 3766, [1, 2, 9, 11, 21, 31, 40, 41, 45, 57, 70] - 3766, [1, 2, 9, 11, 21, 31, 40, 41, 45, 57, 70] - 3766, [1, 2, 9, 11, 21, 31, 40, 41, 45, 57, 70] - 3766, [1, 2, 9, 11, 21, 31, 40, 41, 45, 57, 70] - 3766, [1, 2, 9, 11, 21, 31, 40, 41, 45, 57, 70] - 3766, [1, 2, 9, 11, 21, 31, 40, 41, 45, 57, 70] - 3766, [1, 2, 9, 11, 21, 31, 40, 41, 45, 57, 70] - 3766, [1, 2, 9, 11, 21, 31, 40, 41, 45, 57, 70] - 3766]
melhor indiv??duo da gera????o:[1, 2, 9, 11, 21, 31, 40, 41, 45, 57, 70] - 3766
gera????o: 55: 
[[1, 2, 9, 11, 21, 31, 40, 41, 45, 57, 70] - 3766, [1, 2, 9, 11, 21, 31, 40, 41, 45, 57, 70] - 3766, [1, 2, 9, 11, 21, 31, 40, 41, 45, 57, 70] - 3766, [1, 2, 9, 11, 21, 31, 40, 41, 45, 57, 70] - 3766, [1, 2, 9, 11, 21, 31, 40, 41, 45, 57, 70] - 3766, [1, 2, 9, 11, 21, 31, 40, 41, 45, 57, 70] - 3766, [1, 2, 9, 11, 21, 31, 40, 41, 45, 57, 70] - 3766, [1, 2, 9, 11, 21, 31, 40, 41, 45, 57, 70] - 3766, [1, 2, 9, 11, 21, 31, 40, 41, 45, 57, 70] - 3766]
melhor indiv??duo da gera????o:[1, 2, 9, 11, 21, 31, 40, 41, 45, 57, 70] - 3766
gera????o: 56: 
[[1, 2, 9, 11, 21, 31, 40, 41, 45, 57, 70] - 3766, [1, 2, 9, 11, 21, 31, 40, 41, 45, 57, 70] - 3766, [1, 2, 9, 11, 21, 31, 40, 41, 45, 57, 70] - 3766, [1, 2, 9, 11, 21, 31, 40, 41, 45, 57, 70] - 3766, [1, 2, 9, 11, 21, 31, 40, 41, 45, 57, 70] - 3766, [1, 2, 9, 11, 21, 31, 40, 41, 45, 57, 70] - 3766, [1, 2, 9, 11, 21, 31, 40, 41, 45, 57, 70] - 3766, [1, 2, 9, 11, 21, 31, 40, 41, 45, 57, 70] - 3766, [1, 2, 9, 11, 21, 31, 40, 41, 45, 57, 70] - 3766]
melhor indiv??duo da gera????o:[1, 2, 9, 11, 21, 31, 40, 41, 45, 57, 70] - 3766
gera????o: 57: 
[[1, 2, 9, 11, 21, 31, 40, 41, 45, 57, 70] - 3766, [1, 2, 9, 11, 21, 31, 40, 41, 45, 57, 70] - 3766, [1, 2, 9, 11, 21, 31, 40, 41, 45, 57, 70] - 3766, [1, 2, 9, 11, 21, 31, 40, 41, 45, 57, 70] - 3766, [1, 2, 9, 11, 21, 31, 40, 41, 45, 57, 70] - 3766, [1, 2, 9, 11, 21, 31, 40, 41, 45, 57, 70] - 3766, [1, 2, 9, 11, 21, 31, 40, 41, 45, 57, 70] - 3766, [1, 2, 9, 11, 21, 31, 40, 41, 45, 57, 70] - 3766, [1, 2, 9, 11, 21, 31, 40, 41, 45, 57, 70] - 3766]
melhor indiv??duo da gera????o:[1, 2, 9, 11, 21, 31, 40, 41, 45, 57, 70] - 3766
gera????o: 58: 
[[1, 2, 9, 11, 21, 31, 40, 41, 45, 57, 70] - 3766, [1, 2, 9, 11, 21, 31, 40, 41, 45, 57, 70] - 3766, [1, 2, 9, 11, 21, 31, 40, 41, 45, 57, 70] - 3766, [1, 2, 9, 11, 21, 31, 40, 41, 45, 57, 70] - 3766, [1, 2, 9, 11, 21, 31, 40, 41, 45, 57, 70] - 3766, [1, 2, 9, 11, 21, 31, 40, 41, 45, 57, 70] - 3766, [1, 2, 9, 11, 21, 31, 40, 41, 45, 57, 70] - 3766, [1, 2, 9, 11, 21, 31, 40, 41, 45, 57, 70] - 3766, [1, 2, 9, 11, 21, 31, 40, 41, 45, 57, 70] - 3766]
melhor indiv??duo da gera????o:[1, 2, 9, 11, 21, 31, 40, 41, 45, 57, 70] - 3766
gera????o: 59: 
[[1, 2, 9, 11, 21, 31, 40, 41, 45, 57, 70] - 3766, [1, 2, 9, 11, 21, 31, 40, 41, 45, 57, 70] - 3766, [1, 2, 9, 11, 21, 31, 40, 41, 45, 57, 70] - 3766, [1, 2, 9, 11, 21, 31, 40, 41, 45, 57, 70] - 3766, [1, 2, 9, 11, 21, 31, 40, 41, 45, 57, 70] - 3766, [1, 2, 9, 11, 21, 31, 40, 41, 45, 57, 70] - 3766, [1, 2, 9, 11, 21, 31, 40, 41, 45, 57, 70] - 3766, [1, 2, 9, 11, 21, 31, 40, 41, 45, 57, 70] - 3766, [1, 2, 9, 11, 21, 31, 40, 41, 45, 57, 70] - 3766]
melhor indiv??duo da gera????o:[1, 2, 9, 11, 21, 31, 40, 41, 45, 57, 70] - 3766
gera????o: 60: 
[[1, 2, 9, 11, 21, 31, 40, 41, 45, 57, 70] - 3766, [1, 2, 9, 11, 21, 31, 40, 41, 45, 57, 70] - 3766, [1, 2, 9, 11, 21, 31, 40, 41, 45, 57, 70] - 3766, [1, 2, 9, 11, 21, 31, 40, 41, 45, 57, 70] - 3766, [1, 2, 9, 11, 21, 31, 40, 41, 45, 57, 70] - 3766, [1, 2, 9, 11, 21, 31, 40, 41, 45, 57, 70] - 3766, [1, 2, 9, 11, 21, 31, 40, 41, 45, 57, 70] - 3766, [1, 2, 9, 11, 21, 31, 40, 41, 45, 57, 70] - 3766, [1, 2, 9, 11, 21, 31, 40, 41, 45, 57, 70] - 3766]
melhor indiv??duo da gera????o:[1, 2, 9, 11, 21, 31, 40, 41, 45, 57, 70] - 3766
gera????o: 61: 
[[1, 2, 9, 11, 21, 31, 40, 41, 45, 57, 70] - 3766, [1, 2, 9, 11, 21, 31, 40, 41, 45, 57, 70] - 3766, [1, 2, 9, 11, 21, 31, 40, 41, 45, 57, 70] - 3766, [1, 2, 9, 11, 21, 31, 40, 41, 45, 57, 70] - 3766, [1, 2, 9, 11, 21, 31, 40, 41, 45, 57, 70] - 3766, [1, 2, 9, 11, 21, 31, 40, 41, 45, 57, 70] - 3766, [1, 2, 9, 11, 21, 31, 40, 41, 45, 57, 70] - 3766, [1, 2, 9, 11, 21, 31, 40, 41, 45, 57, 70] - 3766, [1, 2, 9, 11, 21, 31, 40, 41, 45, 57, 70] - 3766]
melhor indiv??duo da gera????o:[1, 2, 9, 11, 21, 31, 40, 41, 45, 57, 70] - 3766
gera????o: 62: 
[[1, 2, 9, 11, 21, 31, 40, 41, 45, 57, 70] - 3766, [1, 2, 9, 11, 21, 31, 40, 41, 45, 57, 70] - 3766, [1, 2, 9, 11, 21, 31, 40, 41, 45, 57, 70] - 3766, [1, 2, 9, 11, 21, 31, 40, 41, 45, 57, 70] - 3766, [1, 2, 9, 11, 21, 31, 40, 41, 45, 57, 70] - 3766, [1, 2, 9, 11, 21, 31, 40, 41, 45, 57, 70] - 3766, [1, 2, 9, 11, 21, 31, 40, 41, 45, 57, 70] - 3766, [1, 2, 9, 11, 21, 31, 40, 41, 45, 57, 70] - 3766, [1, 2, 9, 11, 21, 31, 40, 41, 45, 57, 70] - 3766]
melhor indiv??duo da gera????o:[1, 2, 9, 11, 21, 31, 40, 41, 45, 57, 70] - 3766
gera????o: 63: 
[[1, 2, 9, 11, 21, 31, 40, 41, 45, 57, 70] - 3766, [1, 2, 9, 11, 21, 31, 40, 41, 45, 57, 70] - 3766, [1, 2, 9, 11, 21, 31, 40, 41, 45, 57, 70] - 3766, [1, 2, 9, 11, 21, 31, 40, 41, 45, 57, 70] - 3766, [1, 2, 9, 11, 21, 31, 40, 41, 45, 57, 70] - 3766, [1, 2, 9, 11, 21, 31, 40, 41, 45, 57, 70] - 3766, [1, 2, 9, 11, 21, 31, 40, 41, 45, 57, 70] - 3766, [1, 2, 9, 11, 21, 31, 40, 41, 45, 57, 70] - 3766, [1, 2, 9, 11, 21, 31, 40, 41, 45, 57, 70] - 3766]
melhor indiv??duo da gera????o:[1, 2, 9, 11, 21, 31, 40, 41, 45, 57, 70] - 3766
gera????o: 64: 
[[1, 2, 9, 11, 21, 31, 40, 41, 45, 57, 70] - 3766, [1, 2, 9, 11, 21, 31, 40, 41, 45, 57, 70] - 3766, [1, 2, 9, 11, 21, 31, 40, 41, 45, 57, 70] - 3766, [1, 2, 9, 11, 21, 31, 40, 41, 45, 57, 70] - 3766, [1, 2, 9, 11, 21, 31, 40, 41, 45, 57, 70] - 3766, [1, 2, 9, 11, 21, 31, 40, 41, 45, 57, 70] - 3766, [1, 2, 9, 11, 21, 31, 40, 41, 45, 57, 70] - 3766, [1, 2, 9, 11, 21, 31, 40, 41, 45, 57, 70] - 3766, [1, 2, 9, 11, 21, 31, 40, 41, 45, 57, 70] - 3766]
melhor indiv??duo da gera????o:[1, 2, 9, 11, 21, 31, 40, 41, 45, 57, 70] - 3766
gera????o: 65: 
[[1, 2, 9, 11, 21, 31, 40, 41, 45, 57, 70] - 3766, [1, 2, 9, 11, 21, 31, 40, 41, 45, 57, 70] - 3766, [1, 2, 9, 11, 21, 31, 40, 41, 45, 57, 70] - 3766, [1, 2, 9, 11, 21, 31, 40, 41, 45, 57, 70] - 3766, [1, 2, 9, 11, 21, 31, 40, 41, 45, 57, 70] - 3766, [1, 2, 9, 11, 21, 31, 40, 41, 45, 57, 70] - 3766, [1, 2, 9, 11, 21, 31, 40, 41, 45, 57, 70] - 3766, [1, 2, 9, 11, 21, 31, 40, 41, 45, 57, 70] - 3766, [1, 2, 9, 11, 21, 31, 40, 41, 45, 57, 70] - 3766]
melhor indiv??duo da gera????o:[1, 2, 9, 11, 21, 31, 40, 41, 45, 57, 70] - 3766
gera????o: 66: 
[[1, 2, 9, 11, 21, 31, 40, 41, 45, 57, 70] - 3766, [1, 2, 9, 11, 21, 31, 40, 41, 45, 57, 70] - 3766, [1, 2, 9, 11, 21, 31, 40, 41, 45, 57, 70] - 3766, [1, 2, 9, 11, 21, 31, 40, 41, 45, 57, 70] - 3766, [1, 2, 9, 11, 21, 31, 40, 41, 45, 57, 70] - 3766, [1, 2, 9, 11, 21, 31, 40, 41, 45, 57, 70] - 3766, [1, 2, 9, 11, 21, 31, 40, 41, 45, 57, 70] - 3766, [1, 2, 9, 11, 21, 31, 40, 41, 45, 57, 70] - 3766, [1, 2, 9, 11, 21, 31, 40, 41, 45, 57, 70] - 3766]
melhor indiv??duo da gera????o:[1, 2, 9, 11, 21, 31, 40, 41, 45, 57, 70] - 3766
gera????o: 67: 
[[1, 2, 9, 11, 21, 31, 40, 41, 45, 57, 70] - 3766, [1, 2, 9, 11, 21, 31, 40, 41, 45, 57, 70] - 3766, [1, 2, 9, 11, 21, 31, 40, 41, 45, 57, 70] - 3766, [1, 2, 9, 11, 21, 31, 40, 41, 45, 57, 70] - 3766, [1, 2, 9, 11, 21, 31, 40, 41, 45, 57, 70] - 3766, [1, 2, 9, 11, 21, 31, 40, 41, 45, 57, 70] - 3766, [1, 2, 9, 11, 21, 31, 40, 41, 45, 57, 70] - 3766, [1, 2, 9, 11, 21, 31, 40, 41, 45, 57, 70] - 3766, [1, 2, 9, 11, 21, 31, 40, 41, 45, 57, 70] - 3766]
melhor indiv??duo da gera????o:[1, 2, 9, 11, 21, 31, 40, 41, 45, 57, 70] - 3766
gera????o: 68: 
[[1, 2, 9, 11, 21, 31, 40, 41, 45, 57, 70] - 3766, [1, 2, 9, 11, 21, 31, 40, 41, 45, 57, 70] - 3766, [1, 2, 9, 11, 21, 31, 40, 41, 45, 57, 70] - 3766, [1, 2, 9, 11, 21, 31, 40, 41, 45, 57, 70] - 3766, [1, 2, 9, 11, 21, 31, 40, 41, 45, 57, 70] - 3766, [1, 2, 9, 11, 21, 31, 40, 41, 45, 57, 70] - 3766, [1, 2, 9, 11, 21, 31, 40, 41, 45, 57, 70] - 3766, [1, 2, 9, 11, 21, 31, 40, 41, 45, 57, 70] - 3766, [1, 2, 9, 11, 21, 31, 40, 41, 45, 57, 70] - 3766]
melhor indiv??duo da gera????o:[1, 2, 9, 11, 21, 31, 40, 41, 45, 57, 70] - 3766
gera????o: 69: 
[[1, 2, 9, 11, 21, 31, 40, 41, 45, 57, 70] - 3766, [1, 2, 9, 11, 21, 31, 40, 41, 45, 57, 70] - 3766, [1, 2, 9, 11, 21, 31, 40, 41, 45, 57, 70] - 3766, [1, 2, 9, 11, 21, 31, 40, 41, 45, 57, 70] - 3766, [1, 2, 9, 11, 21, 31, 40, 41, 45, 57, 70] - 3766, [1, 2, 9, 11, 21, 31, 40, 41, 45, 57, 70] - 3766, [1, 2, 9, 11, 21, 31, 40, 41, 45, 57, 70] - 3766, [1, 2, 9, 11, 21, 31, 40, 41, 45, 57, 70] - 3766, [1, 2, 9, 11, 21, 31, 40, 41, 45, 57, 70] - 3766]
melhor indiv??duo da gera????o:[1, 2, 9, 11, 21, 31, 40, 41, 45, 57, 70] - 3766
gera????o: 70: 
[[1, 2, 9, 11, 21, 31, 40, 41, 45, 57, 70] - 3766, [1, 2, 9, 11, 21, 31, 40, 41, 45, 57, 70] - 3766, [1, 2, 9, 11, 21, 31, 40, 41, 45, 57, 70] - 3766, [1, 2, 9, 11, 21, 31, 40, 41, 45, 57, 70] - 3766, [1, 2, 9, 11, 21, 31, 40, 41, 45, 57, 70] - 3766, [1, 2, 9, 11, 21, 31, 40, 41, 45, 57, 70] - 3766, [1, 2, 9, 11, 21, 31, 40, 41, 45, 57, 70] - 3766, [1, 2, 9, 11, 21, 31, 40, 41, 45, 57, 70] - 3766, [1, 2, 9, 11, 21, 31, 40, 41, 45, 57, 70] - 3766]
melhor indiv??duo da gera????o:[1, 2, 9, 11, 21, 31, 40, 41, 45, 57, 70] - 3766
gera????o: 71: 
[[1, 2, 9, 11, 21, 31, 40, 41, 45, 57, 70] - 3766, [1, 2, 9, 11, 21, 31, 40, 41, 45, 57, 70] - 3766, [1, 2, 9, 11, 21, 31, 40, 41, 45, 57, 70] - 3766, [1, 2, 9, 11, 21, 31, 40, 41, 45, 57, 70] - 3766, [1, 2, 9, 11, 21, 31, 40, 41, 45, 57, 70] - 3766, [1, 2, 9, 11, 21, 31, 40, 41, 45, 57, 70] - 3766, [1, 2, 9, 11, 21, 31, 40, 41, 45, 57, 70] - 3766, [1, 2, 9, 11, 21, 31, 40, 41, 45, 57, 70] - 3766, [1, 2, 9, 11, 21, 31, 40, 41, 45, 57, 70] - 3766]
melhor indiv??duo da gera????o:[1, 2, 9, 11, 21, 31, 40, 41, 45, 57, 70] - 3766
gera????o: 72: 
[[1, 2, 9, 11, 21, 31, 40, 41, 45, 57, 70] - 3766, [1, 2, 9, 11, 21, 31, 40, 41, 45, 57, 70] - 3766, [1, 2, 9, 11, 21, 31, 40, 41, 45, 57, 70] - 3766, [1, 2, 9, 11, 21, 31, 40, 41, 45, 57, 70] - 3766, [1, 2, 9, 11, 21, 31, 40, 41, 45, 57, 70] - 3766, [1, 2, 9, 11, 21, 31, 40, 41, 45, 57, 70] - 3766, [1, 2, 9, 11, 21, 31, 40, 41, 45, 57, 70] - 3766, [1, 2, 9, 11, 21, 31, 40, 41, 45, 57, 70] - 3766, [1, 2, 9, 11, 21, 31, 40, 41, 45, 57, 70] - 3766]
melhor indiv??duo da gera????o:[1, 2, 9, 11, 21, 31, 40, 41, 45, 57, 70] - 3766
gera????o: 73: 
[[1, 2, 9, 11, 21, 31, 40, 41, 45, 57, 70] - 3766, [1, 2, 9, 11, 21, 31, 40, 41, 45, 57, 70] - 3766, [1, 2, 9, 11, 21, 31, 40, 41, 45, 57, 70] - 3766, [1, 2, 9, 11, 21, 31, 40, 41, 45, 57, 70] - 3766, [1, 2, 9, 11, 21, 31, 40, 41, 45, 57, 70] - 3766, [1, 2, 9, 11, 21, 31, 40, 41, 45, 57, 70] - 3766, [1, 2, 9, 11, 21, 31, 40, 41, 45, 57, 70] - 3766, [1, 2, 9, 11, 21, 31, 40, 41, 45, 57, 70] - 3766, [1, 2, 9, 11, 21, 31, 40, 41, 45, 57, 70] - 3766]
melhor indiv??duo da gera????o:[1, 2, 9, 11, 21, 31, 40, 41, 45, 57, 70] - 3766
gera????o: 74: 
[[1, 2, 9, 11, 21, 31, 40, 41, 45, 57, 70] - 3766, [1, 2, 9, 11, 21, 31, 40, 41, 45, 57, 70] - 3766, [1, 2, 9, 11, 21, 31, 40, 41, 45, 57, 70] - 3766, [1, 2, 9, 11, 21, 31, 40, 41, 45, 57, 70] - 3766, [1, 2, 9, 11, 21, 31, 40, 41, 45, 57, 70] - 3766, [1, 2, 9, 11, 21, 31, 40, 41, 45, 57, 70] - 3766, [1, 2, 9, 11, 21, 31, 40, 41, 45, 57, 70] - 3766, [1, 2, 9, 11, 21, 31, 40, 41, 45, 57, 70] - 3766, [1, 2, 9, 11, 21, 31, 40, 41, 45, 57, 70] - 3766]
melhor indiv??duo da gera????o:[1, 2, 9, 11, 21, 31, 40, 41, 45, 57, 70] - 3766
gera????o: 75: 
[[1, 2, 9, 11, 21, 31, 40, 41, 45, 57, 70] - 3766, [1, 2, 9, 11, 21, 31, 40, 41, 45, 57, 70] - 3766, [1, 2, 9, 11, 21, 31, 40, 41, 45, 57, 70] - 3766, [1, 2, 9, 11, 21, 31, 40, 41, 45, 57, 70] - 3766, [1, 2, 9, 11, 21, 31, 40, 41, 45, 57, 70] - 3766, [1, 2, 9, 11, 21, 31, 40, 41, 45, 57, 70] - 3766, [1, 2, 9, 11, 21, 31, 40, 41, 45, 57, 70] - 3766, [1, 2, 9, 11, 21, 31, 40, 41, 45, 57, 70] - 3766, [1, 2, 9, 11, 21, 31, 40, 41, 45, 57, 70] - 3766]
melhor indiv??duo da gera????o:[1, 2, 9, 11, 21, 31, 40, 41, 45, 57, 70] - 3766
gera????o: 76: 
[[1, 2, 9, 11, 21, 31, 40, 41, 45, 57, 70] - 3766, [1, 2, 9, 11, 21, 31, 40, 41, 45, 57, 70] - 3766, [1, 2, 9, 11, 21, 31, 40, 41, 45, 57, 70] - 3766, [1, 2, 9, 11, 21, 31, 40, 41, 45, 57, 70] - 3766, [1, 2, 9, 11, 21, 31, 40, 41, 45, 57, 70] - 3766, [1, 2, 9, 11, 21, 31, 40, 41, 45, 57, 70] - 3766, [1, 2, 9, 11, 21, 31, 40, 41, 45, 57, 70] - 3766, [1, 2, 9, 11, 21, 31, 40, 41, 45, 57, 70] - 3766, [1, 2, 9, 11, 21, 31, 40, 41, 45, 57, 70] - 3766]
melhor indiv??duo da gera????o:[1, 2, 9, 11, 21, 31, 40, 41, 45, 57, 70] - 3766
gera????o: 77: 
[[1, 2, 9, 11, 21, 31, 40, 41, 45, 57, 70] - 3766, [1, 2, 9, 11, 21, 31, 40, 41, 45, 57, 70] - 3766, [1, 2, 9, 11, 21, 31, 40, 41, 45, 57, 70] - 3766, [1, 2, 9, 11, 21, 31, 40, 41, 45, 57, 70] - 3766, [1, 2, 9, 11, 21, 31, 40, 41, 45, 57, 70] - 3766, [1, 2, 9, 11, 21, 31, 40, 41, 45, 57, 70] - 3766, [1, 2, 9, 11, 21, 31, 40, 41, 45, 57, 70] - 3766, [1, 2, 9, 11, 21, 31, 40, 41, 45, 57, 70] - 3766, [1, 2, 9, 11, 21, 31, 40, 41, 45, 57, 70] - 3766]
melhor indiv??duo da gera????o:[1, 2, 9, 11, 21, 31, 40, 41, 45, 57, 70] - 3766
gera????o: 78: 
[[1, 2, 9, 11, 21, 31, 40, 41, 45, 57, 70] - 3766, [1, 2, 9, 11, 21, 31, 40, 41, 45, 57, 70] - 3766, [1, 2, 9, 11, 21, 31, 40, 41, 45, 57, 70] - 3766, [1, 2, 9, 11, 21, 31, 40, 41, 45, 57, 70] - 3766, [1, 2, 9, 11, 21, 31, 40, 41, 45, 57, 70] - 3766, [1, 2, 9, 11, 21, 31, 40, 41, 45, 57, 70] - 3766, [1, 2, 9, 11, 21, 31, 40, 41, 45, 57, 70] - 3766, [1, 2, 9, 11, 21, 31, 40, 41, 45, 57, 70] - 3766, [1, 2, 9, 11, 21, 31, 40, 41, 45, 57, 70] - 3766]
melhor indiv??duo da gera????o:[1, 2, 9, 11, 21, 31, 40, 41, 45, 57, 70] - 3766
gera????o: 79: 
[[1, 2, 9, 11, 21, 31, 40, 41, 45, 57, 70] - 3766, [1, 2, 9, 11, 21, 31, 40, 41, 45, 57, 70] - 3766, [1, 2, 9, 11, 21, 31, 40, 41, 45, 57, 70] - 3766, [1, 2, 9, 11, 21, 31, 40, 41, 45, 57, 70] - 3766, [1, 2, 9, 11, 21, 31, 40, 41, 45, 57, 70] - 3766, [1, 2, 9, 11, 21, 31, 40, 41, 45, 57, 70] - 3766, [1, 2, 9, 11, 21, 31, 40, 41, 45, 57, 70] - 3766, [1, 2, 9, 11, 21, 31, 40, 41, 45, 57, 70] - 3766, [1, 2, 9, 11, 21, 31, 40, 41, 45, 57, 70] - 3766]
melhor indiv??duo da gera????o:[1, 2, 9, 11, 21, 31, 40, 41, 45, 57, 70] - 3766
gera????o: 80: 
[[1, 2, 9, 11, 21, 31, 40, 41, 45, 57, 70] - 3766, [1, 2, 9, 11, 21, 31, 40, 41, 45, 57, 70] - 3766, [1, 2, 9, 11, 21, 31, 40, 41, 45, 57, 70] - 3766, [1, 2, 9, 11, 21, 31, 40, 41, 45, 57, 70] - 3766, [1, 2, 9, 11, 21, 31, 40, 41, 45, 57, 70] - 3766, [1, 2, 9, 11, 21, 31, 40, 41, 45, 57, 70] - 3766, [1, 2, 9, 11, 21, 31, 40, 41, 45, 57, 70] - 3766, [1, 2, 9, 11, 21, 31, 40, 41, 45, 57, 70] - 3766, [1, 2, 9, 11, 21, 31, 40, 41, 45, 57, 70] - 3766]
melhor indiv??duo da gera????o:[1, 2, 9, 11, 21, 31, 40, 41, 45, 57, 70] - 3766
gera????o: 81: 
[[1, 2, 9, 11, 21, 31, 40, 41, 45, 57, 70] - 3766, [1, 2, 9, 11, 21, 31, 40, 41, 45, 57, 70] - 3766, [1, 2, 9, 11, 21, 31, 40, 41, 45, 57, 70] - 3766, [1, 2, 9, 11, 21, 31, 40, 41, 45, 57, 70] - 3766, [1, 2, 9, 11, 21, 31, 40, 41, 45, 57, 70] - 3766, [1, 2, 9, 11, 21, 31, 40, 41, 45, 57, 70] - 3766, [1, 2, 9, 11, 21, 31, 40, 41, 45, 57, 70] - 3766, [1, 2, 9, 11, 21, 31, 40, 41, 45, 57, 70] - 3766, [1, 2, 9, 11, 21, 31, 40, 41, 45, 57, 70] - 3766]
melhor indiv??duo da gera????o:[1, 2, 9, 11, 21, 31, 40, 41, 45, 57, 70] - 3766
gera????o: 82: 
[[1, 2, 9, 11, 21, 31, 40, 41, 45, 57, 70] - 3766, [1, 2, 9, 11, 21, 31, 40, 41, 45, 57, 70] - 3766, [1, 2, 9, 11, 21, 31, 40, 41, 45, 57, 70] - 3766, [1, 2, 9, 11, 21, 31, 40, 41, 45, 57, 70] - 3766, [1, 2, 9, 11, 21, 31, 40, 41, 45, 57, 70] - 3766, [1, 2, 9, 11, 21, 31, 40, 41, 45, 57, 70] - 3766, [1, 2, 9, 11, 21, 31, 40, 41, 45, 57, 70] - 3766, [1, 2, 9, 11, 21, 31, 40, 41, 45, 57, 70] - 3766, [1, 2, 9, 11, 21, 31, 40, 41, 45, 57, 70] - 3766]
melhor indiv??duo da gera????o:[1, 2, 9, 11, 21, 31, 40, 41, 45, 57, 70] - 3766
gera????o: 83: 
[[1, 2, 9, 11, 21, 31, 40, 41, 45, 57, 70] - 3766, [1, 2, 9, 11, 21, 31, 40, 41, 45, 57, 70] - 3766, [1, 2, 9, 11, 21, 31, 40, 41, 45, 57, 70] - 3766, [1, 2, 9, 11, 21, 31, 40, 41, 45, 57, 70] - 3766, [1, 2, 9, 11, 21, 31, 40, 41, 45, 57, 70] - 3766, [1, 2, 9, 11, 21, 31, 40, 41, 45, 57, 70] - 3766, [1, 2, 9, 11, 21, 31, 40, 41, 45, 57, 70] - 3766, [1, 2, 9, 11, 21, 31, 40, 41, 45, 57, 70] - 3766, [1, 2, 9, 11, 21, 31, 40, 41, 45, 57, 70] - 3766]
melhor indiv??duo da gera????o:[1, 2, 9, 11, 21, 31, 40, 41, 45, 57, 70] - 3766
gera????o: 84: 
[[1, 2, 9, 11, 21, 31, 40, 41, 45, 57, 70] - 3766, [1, 2, 9, 11, 21, 31, 40, 41, 45, 57, 70] - 3766, [1, 2, 9, 11, 21, 31, 40, 41, 45, 57, 70] - 3766, [1, 2, 9, 11, 21, 31, 40, 41, 45, 57, 70] - 3766, [1, 2, 9, 11, 21, 31, 40, 41, 45, 57, 70] - 3766, [1, 2, 9, 11, 21, 31, 40, 41, 45, 57, 70] - 3766, [1, 2, 9, 11, 21, 31, 40, 41, 45, 57, 70] - 3766, [1, 2, 9, 11, 21, 31, 40, 41, 45, 57, 70] - 3766, [1, 2, 9, 11, 21, 31, 40, 41, 45, 57, 70] - 3766]
melhor indiv??duo da gera????o:[1, 2, 9, 11, 21, 31, 40, 41, 45, 57, 70] - 3766
gera????o: 85: 
[[1, 2, 9, 11, 21, 31, 40, 41, 45, 57, 70] - 3766, [1, 2, 9, 11, 21, 31, 40, 41, 45, 57, 70] - 3766, [1, 2, 9, 11, 21, 31, 40, 41, 45, 57, 70] - 3766, [1, 2, 9, 11, 21, 31, 40, 41, 45, 57, 70] - 3766, [1, 2, 9, 11, 21, 31, 40, 41, 45, 57, 70] - 3766, [1, 2, 9, 11, 21, 31, 40, 41, 45, 57, 70] - 3766, [1, 2, 9, 11, 21, 31, 40, 41, 45, 57, 70] - 3766, [1, 2, 9, 11, 21, 31, 40, 41, 45, 57, 70] - 3766, [1, 2, 9, 11, 21, 31, 40, 41, 45, 57, 70] - 3766]
melhor indiv??duo da gera????o:[1, 2, 9, 11, 21, 31, 40, 41, 45, 57, 70] - 3766
gera????o: 86: 
[[1, 2, 9, 11, 21, 31, 40, 41, 45, 57, 70] - 3766, [1, 2, 9, 11, 21, 31, 40, 41, 45, 57, 70] - 3766, [1, 2, 9, 11, 21, 31, 40, 41, 45, 57, 70] - 3766, [1, 2, 9, 11, 21, 31, 40, 41, 45, 57, 70] - 3766, [1, 2, 9, 11, 21, 31, 40, 41, 45, 57, 70] - 3766, [1, 2, 9, 11, 21, 31, 40, 41, 45, 57, 70] - 3766, [1, 2, 9, 11, 21, 31, 40, 41, 45, 57, 70] - 3766, [1, 2, 9, 11, 21, 31, 40, 41, 45, 57, 70] - 3766, [1, 2, 9, 11, 21, 31, 40, 41, 45, 57, 70] - 3766]
melhor indiv??duo da gera????o:[1, 2, 9, 11, 21, 31, 40, 41, 45, 57, 70] - 3766
gera????o: 87: 
[[1, 2, 9, 11, 21, 31, 40, 41, 45, 57, 70] - 3766, [1, 2, 9, 11, 21, 31, 40, 41, 45, 57, 70] - 3766, [1, 2, 9, 11, 21, 31, 40, 41, 45, 57, 70] - 3766, [1, 2, 9, 11, 21, 31, 40, 41, 45, 57, 70] - 3766, [1, 2, 9, 11, 21, 31, 40, 41, 45, 57, 70] - 3766, [1, 2, 9, 11, 21, 31, 40, 41, 45, 57, 70] - 3766, [1, 2, 9, 11, 21, 31, 40, 41, 45, 57, 70] - 3766, [1, 2, 9, 11, 21, 31, 40, 41, 45, 57, 70] - 3766, [1, 2, 9, 11, 21, 31, 40, 41, 45, 57, 70] - 3766]
melhor indiv??duo da gera????o:[1, 2, 9, 11, 21, 31, 40, 41, 45, 57, 70] - 3766
gera????o: 88: 
[[1, 2, 9, 11, 21, 31, 40, 41, 45, 57, 70] - 3766, [1, 2, 9, 11, 21, 31, 40, 41, 45, 57, 70] - 3766, [1, 2, 9, 11, 21, 31, 40, 41, 45, 57, 70] - 3766, [1, 2, 9, 11, 21, 31, 40, 41, 45, 57, 70] - 3766, [1, 2, 9, 11, 21, 31, 40, 41, 45, 57, 70] - 3766, [1, 2, 9, 11, 21, 31, 40, 41, 45, 57, 70] - 3766, [1, 2, 9, 11, 21, 31, 40, 41, 45, 57, 70] - 3766, [1, 2, 9, 11, 21, 31, 40, 41, 45, 57, 70] - 3766, [1, 2, 9, 11, 21, 31, 40, 41, 45, 57, 70] - 3766]
melhor indiv??duo da gera????o:[1, 2, 9, 11, 21, 31, 40, 41, 45, 57, 70] - 3766
gera????o: 89: 
[[1, 2, 9, 11, 21, 31, 40, 41, 45, 57, 70] - 3766, [1, 2, 9, 11, 21, 31, 40, 41, 45, 57, 70] - 3766, [1, 2, 9, 11, 21, 31, 40, 41, 45, 57, 70] - 3766, [1, 2, 9, 11, 21, 31, 40, 41, 45, 57, 70] - 3766, [1, 2, 9, 11, 21, 31, 40, 41, 45, 57, 70] - 3766, [1, 2, 9, 11, 21, 31, 40, 41, 45, 57, 70] - 3766, [1, 2, 9, 11, 21, 31, 40, 41, 45, 57, 70] - 3766, [1, 2, 9, 11, 21, 31, 40, 41, 45, 57, 70] - 3766, [1, 2, 9, 11, 21, 31, 40, 41, 45, 57, 70] - 3766]
melhor indiv??duo da gera????o:[1, 2, 9, 11, 21, 31, 40, 41, 45, 57, 70] - 3766
gera????o: 90: 
[[1, 2, 9, 11, 21, 31, 40, 41, 45, 57, 70] - 3766, [1, 2, 9, 11, 21, 31, 40, 41, 45, 57, 70] - 3766, [1, 2, 9, 11, 21, 31, 40, 41, 45, 57, 70] - 3766, [1, 2, 9, 11, 21, 31, 40, 41, 45, 57, 70] - 3766, [1, 2, 9, 11, 21, 31, 40, 41, 45, 57, 70] - 3766, [1, 2, 9, 11, 21, 31, 40, 41, 45, 57, 70] - 3766, [1, 2, 9, 11, 21, 31, 40, 41, 45, 57, 70] - 3766, [1, 2, 9, 11, 21, 31, 40, 41, 45, 57, 70] - 3766, [1, 2, 9, 11, 21, 31, 40, 41, 45, 57, 70] - 3766]
melhor indiv??duo da gera????o:[1, 2, 9, 11, 21, 31, 40, 41, 45, 57, 70] - 3766
gera????o: 91: 
[[1, 2, 9, 11, 21, 31, 40, 41, 45, 57, 70] - 3766, [1, 2, 9, 11, 21, 31, 40, 41, 45, 57, 70] - 3766, [1, 2, 9, 11, 21, 31, 40, 41, 45, 57, 70] - 3766, [1, 2, 9, 11, 21, 31, 40, 41, 45, 57, 70] - 3766, [1, 2, 9, 11, 21, 31, 40, 41, 45, 57, 70] - 3766, [1, 2, 9, 11, 21, 31, 40, 41, 45, 57, 70] - 3766, [1, 2, 9, 11, 21, 31, 40, 41, 45, 57, 70] - 3766, [1, 2, 9, 11, 21, 31, 40, 41, 45, 57, 70] - 3766, [1, 2, 9, 11, 21, 31, 40, 41, 45, 57, 70] - 3766]
melhor indiv??duo da gera????o:[1, 2, 9, 11, 21, 31, 40, 41, 45, 57, 70] - 3766
gera????o: 92: 
[[1, 2, 9, 11, 21, 31, 40, 41, 45, 57, 70] - 3766, [1, 2, 9, 11, 21, 31, 40, 41, 45, 57, 70] - 3766, [1, 2, 9, 11, 21, 31, 40, 41, 45, 57, 70] - 3766, [1, 2, 9, 11, 21, 31, 40, 41, 45, 57, 70] - 3766, [1, 2, 9, 11, 21, 31, 40, 41, 45, 57, 70] - 3766, [1, 2, 9, 11, 21, 31, 40, 41, 45, 57, 70] - 3766, [1, 2, 9, 11, 21, 31, 40, 41, 45, 57, 70] - 3766, [1, 2, 9, 11, 21, 31, 40, 41, 45, 57, 70] - 3766, [1, 2, 9, 11, 21, 31, 40, 41, 45, 57, 70] - 3766]
melhor indiv??duo da gera????o:[1, 2, 9, 11, 21, 31, 40, 41, 45, 57, 70] - 3766
gera????o: 93: 
[[1, 2, 9, 11, 21, 31, 40, 41, 45, 57, 70] - 3766, [1, 2, 9, 11, 21, 31, 40, 41, 45, 57, 70] - 3766, [1, 2, 9, 11, 21, 31, 40, 41, 45, 57, 70] - 3766, [1, 2, 9, 11, 21, 31, 40, 41, 45, 57, 70] - 3766, [1, 2, 9, 11, 21, 31, 40, 41, 45, 57, 70] - 3766, [1, 2, 9, 11, 21, 31, 40, 41, 45, 57, 70] - 3766, [1, 2, 9, 11, 21, 31, 40, 41, 45, 57, 70] - 3766, [1, 2, 9, 11, 21, 31, 40, 41, 45, 57, 70] - 3766, [1, 2, 9, 11, 21, 31, 40, 41, 45, 57, 70] - 3766]
melhor indiv??duo da gera????o:[1, 2, 9, 11, 21, 31, 40, 41, 45, 57, 70] - 3766
gera????o: 94: 
[[1, 2, 9, 11, 21, 31, 40, 41, 45, 57, 70] - 3766, [1, 2, 9, 11, 21, 31, 40, 41, 45, 57, 70] - 3766, [1, 2, 9, 11, 21, 31, 40, 41, 45, 57, 70] - 3766, [1, 2, 9, 11, 21, 31, 40, 41, 45, 57, 70] - 3766, [1, 2, 9, 11, 21, 31, 40, 41, 45, 57, 70] - 3766, [1, 2, 9, 11, 21, 31, 40, 41, 45, 57, 70] - 3766, [1, 2, 9, 11, 21, 31, 40, 41, 45, 57, 70] - 3766, [1, 2, 9, 11, 21, 31, 40, 41, 45, 57, 70] - 3766, [1, 2, 9, 11, 21, 31, 40, 41, 45, 57, 70] - 3766]
melhor indiv??duo da gera????o:[1, 2, 9, 11, 21, 31, 40, 41, 45, 57, 70] - 3766
gera????o: 95: 
[[1, 2, 9, 11, 21, 31, 40, 41, 45, 57, 70] - 3766, [1, 2, 9, 11, 21, 31, 40, 41, 45, 57, 70] - 3766, [1, 2, 9, 11, 21, 31, 40, 41, 45, 57, 70] - 3766, [1, 2, 9, 11, 21, 31, 40, 41, 45, 57, 70] - 3766, [1, 2, 9, 11, 21, 31, 40, 41, 45, 57, 70] - 3766, [1, 2, 9, 11, 21, 31, 40, 41, 45, 57, 70] - 3766, [1, 2, 9, 11, 21, 31, 40, 41, 45, 57, 70] - 3766, [1, 2, 9, 11, 21, 31, 40, 41, 45, 57, 70] - 3766, [1, 2, 9, 11, 21, 31, 40, 41, 45, 57, 70] - 3766]
melhor indiv??duo da gera????o:[1, 2, 9, 11, 21, 31, 40, 41, 45, 57, 70] - 3766
gera????o: 96: 
[[1, 2, 9, 11, 21, 31, 40, 41, 45, 57, 70] - 3766, [1, 2, 9, 11, 21, 31, 40, 41, 45, 57, 70] - 3766, [1, 2, 9, 11, 21, 31, 40, 41, 45, 57, 70] - 3766, [1, 2, 9, 11, 21, 31, 40, 41, 45, 57, 70] - 3766, [1, 2, 9, 11, 21, 31, 40, 41, 45, 57, 70] - 3766, [1, 2, 9, 11, 21, 31, 40, 41, 45, 57, 70] - 3766, [1, 2, 9, 11, 21, 31, 40, 41, 45, 57, 70] - 3766, [1, 2, 9, 11, 21, 31, 40, 41, 45, 57, 70] - 3766, [1, 2, 9, 11, 21, 31, 40, 41, 45, 57, 70] - 3766]
melhor indiv??duo da gera????o:[1, 2, 9, 11, 21, 31, 40, 41, 45, 57, 70] - 3766
gera????o: 97: 
[[1, 2, 9, 11, 21, 31, 40, 41, 45, 57, 70] - 3766, [1, 2, 9, 11, 21, 31, 40, 41, 45, 57, 70] - 3766, [1, 2, 9, 11, 21, 31, 40, 41, 45, 57, 70] - 3766, [1, 2, 9, 11, 21, 31, 40, 41, 45, 57, 70] - 3766, [1, 2, 9, 11, 21, 31, 40, 41, 45, 57, 70] - 3766, [1, 2, 9, 11, 21, 31, 40, 41, 45, 57, 70] - 3766, [1, 2, 9, 11, 21, 31, 40, 41, 45, 57, 70] - 3766, [1, 2, 9, 11, 21, 31, 40, 41, 45, 57, 70] - 3766, [1, 2, 9, 11, 21, 31, 40, 41, 45, 57, 70] - 3766]
melhor indiv??duo da gera????o:[1, 2, 9, 11, 21, 31, 40, 41, 45, 57, 70] - 3766
gera????o: 98: 
[[1, 2, 9, 11, 21, 31, 40, 41, 45, 57, 70] - 3766, [1, 2, 9, 11, 21, 31, 40, 41, 45, 57, 70] - 3766, [1, 2, 9, 11, 21, 31, 40, 41, 45, 57, 70] - 3766, [1, 2, 9, 11, 21, 31, 40, 41, 45, 57, 70] - 3766, [1, 2, 9, 11, 21, 31, 40, 41, 45, 57, 70] - 3766, [1, 2, 9, 11, 21, 31, 40, 41, 45, 57, 70] - 3766, [1, 2, 9, 11, 21, 31, 40, 41, 45, 57, 70] - 3766, [1, 2, 9, 11, 21, 31, 40, 41, 45, 57, 70] - 3766, [1, 2, 9, 11, 21, 31, 40, 41, 45, 57, 70] - 3766]
melhor indiv??duo da gera????o:[1, 2, 9, 11, 21, 31, 40, 41, 45, 57, 70] - 3766
gera????o: 99: 
[[1, 2, 9, 11, 21, 31, 40, 41, 45, 57, 70] - 3766, [1, 2, 9, 11, 21, 31, 40, 41, 45, 57, 70] - 3766, [1, 2, 9, 11, 21, 31, 40, 41, 45, 57, 70] - 3766, [1, 2, 9, 11, 21, 31, 40, 41, 45, 57, 70] - 3766, [1, 2, 9, 11, 21, 31, 40, 41, 45, 57, 70] - 3766, [1, 2, 9, 11, 21, 31, 40, 41, 45, 57, 70] - 3766, [1, 2, 9, 11, 21, 31, 40, 41, 45, 57, 70] - 3766, [1, 2, 9, 11, 21, 31, 40, 41, 45, 57, 70] - 3766, [1, 2, 9, 11, 21, 31, 40, 41, 45, 57, 70] - 3766]
melhor indiv??duo da gera????o:[1, 2, 9, 11, 21, 31, 40, 41, 45, 57, 70] - 3766
gera????o: 100: 
[[1, 2, 9, 11, 21, 31, 40, 41, 45, 57, 70] - 3766, [1, 2, 9, 11, 21, 31, 40, 41, 45, 57, 70] - 3766, [1, 2, 9, 11, 21, 31, 40, 41, 45, 57, 70] - 3766, [1, 2, 9, 11, 21, 31, 40, 41, 45, 57, 70] - 3766, [1, 2, 9, 11, 21, 31, 40, 41, 45, 57, 70] - 3766, [1, 2, 9, 11, 21, 31, 40, 41, 45, 57, 70] - 3766, [1, 2, 9, 11, 21, 31, 40, 41, 45, 57, 70] - 3766, [1, 2, 9, 11, 21, 31, 40, 41, 45, 57, 70] - 3766, [1, 2, 9, 11, 21, 31, 40, 41, 45, 57, 70] - 3766]
melhor indiv??duo da gera????o:[1, 2, 9, 11, 21, 31, 40, 41, 45, 57, 70] - 3766
gera????o: 101: 
[[1, 2, 9, 11, 21, 31, 40, 41, 45, 57, 70] - 3766, [1, 2, 9, 11, 21, 31, 40, 41, 45, 57, 70] - 3766, [1, 2, 9, 11, 21, 31, 40, 41, 45, 57, 70] - 3766, [1, 2, 9, 11, 21, 31, 40, 41, 45, 57, 70] - 3766, [1, 2, 9, 11, 21, 31, 40, 41, 45, 57, 70] - 3766, [1, 2, 9, 11, 21, 31, 40, 41, 45, 57, 70] - 3766, [1, 2, 9, 11, 21, 31, 40, 41, 45, 57, 70] - 3766, [1, 2, 9, 11, 21, 31, 40, 41, 45, 57, 70] - 3766, [1, 2, 9, 11, 21, 31, 40, 41, 45, 57, 70] - 3766]
melhor indiv??duo da gera????o:[1, 2, 9, 11, 21, 31, 40, 41, 45, 57, 70] - 3766
gera????o: 102: 
[[1, 2, 9, 11, 21, 31, 40, 41, 45, 57, 70] - 3766, [1, 2, 9, 11, 21, 31, 40, 41, 45, 57, 70] - 3766, [1, 2, 9, 11, 21, 31, 40, 41, 45, 57, 70] - 3766, [1, 2, 9, 11, 21, 31, 40, 41, 45, 57, 70] - 3766, [1, 2, 9, 11, 21, 31, 40, 41, 45, 57, 70] - 3766, [1, 2, 9, 11, 21, 31, 40, 41, 45, 57, 70] - 3766, [1, 2, 9, 11, 21, 31, 40, 41, 45, 57, 70] - 3766, [1, 2, 9, 11, 21, 31, 40, 41, 45, 57, 70] - 3766, [1, 2, 9, 11, 21, 31, 40, 41, 45, 57, 70] - 3766]
melhor indiv??duo da gera????o:[1, 2, 9, 11, 21, 31, 40, 41, 45, 57, 70] - 3766
gera????o: 103: 
[[1, 2, 9, 11, 21, 31, 40, 41, 45, 57, 70] - 3766, [1, 2, 9, 11, 21, 31, 40, 41, 45, 57, 70] - 3766, [1, 2, 9, 11, 21, 31, 40, 41, 45, 57, 70] - 3766, [1, 2, 9, 11, 21, 31, 40, 41, 45, 57, 70] - 3766, [1, 2, 9, 11, 21, 31, 40, 41, 45, 57, 70] - 3766, [1, 2, 9, 11, 21, 31, 40, 41, 45, 57, 70] - 3766, [1, 2, 9, 11, 21, 31, 40, 41, 45, 57, 70] - 3766, [1, 2, 9, 11, 21, 31, 40, 41, 45, 57, 70] - 3766, [1, 2, 9, 11, 21, 31, 40, 41, 45, 57, 70] - 3766]
melhor indiv??duo da gera????o:[1, 2, 9, 11, 21, 31, 40, 41, 45, 57, 70] - 3766
gera????o: 104: 
[[1, 2, 9, 11, 21, 31, 40, 41, 45, 57, 70] - 3766, [1, 2, 9, 11, 21, 31, 40, 41, 45, 57, 70] - 3766, [1, 2, 9, 11, 21, 31, 40, 41, 45, 57, 70] - 3766, [1, 2, 9, 11, 21, 31, 40, 41, 45, 57, 70] - 3766, [1, 2, 9, 11, 21, 31, 40, 41, 45, 57, 70] - 3766, [1, 2, 9, 11, 21, 31, 40, 41, 45, 57, 70] - 3766, [1, 2, 9, 11, 21, 31, 40, 41, 45, 57, 70] - 3766, [1, 2, 9, 11, 21, 31, 40, 41, 45, 57, 70] - 3766, [1, 2, 9, 11, 21, 31, 40, 41, 45, 57, 70] - 3766]
melhor indiv??duo da gera????o:[1, 2, 9, 11, 21, 31, 40, 41, 45, 57, 70] - 3766
gera????o: 105: 
[[1, 2, 9, 11, 21, 31, 40, 41, 45, 57, 70] - 3766, [1, 2, 9, 11, 21, 31, 40, 41, 45, 57, 70] - 3766, [1, 2, 9, 11, 21, 31, 40, 41, 45, 57, 70] - 3766, [1, 2, 9, 11, 21, 31, 40, 41, 45, 57, 70] - 3766, [1, 2, 9, 11, 21, 31, 40, 41, 45, 57, 70] - 3766, [1, 2, 9, 11, 21, 31, 40, 41, 45, 57, 70] - 3766, [1, 2, 9, 11, 21, 31, 40, 41, 45, 57, 70] - 3766, [1, 2, 9, 11, 21, 31, 40, 41, 45, 57, 70] - 3766, [1, 2, 9, 11, 21, 31, 40, 41, 45, 57, 70] - 3766]
melhor indiv??duo da gera????o:[1, 2, 9, 11, 21, 31, 40, 41, 45, 57, 70] - 3766
gera????o: 106: 
[[1, 2, 9, 11, 21, 31, 40, 41, 45, 57, 70] - 3766, [1, 2, 9, 11, 21, 31, 40, 41, 45, 57, 70] - 3766, [1, 2, 9, 11, 21, 31, 40, 41, 45, 57, 70] - 3766, [1, 2, 9, 11, 21, 31, 40, 41, 45, 57, 70] - 3766, [1, 2, 9, 11, 21, 31, 40, 41, 45, 57, 70] - 3766, [1, 2, 9, 11, 21, 31, 40, 41, 45, 57, 70] - 3766, [1, 2, 9, 11, 21, 31, 40, 41, 45, 57, 70] - 3766, [1, 2, 9, 11, 21, 31, 40, 41, 45, 57, 70] - 3766, [1, 2, 9, 11, 21, 31, 40, 41, 45, 57, 70] - 3766]
melhor indiv??duo da gera????o:[1, 2, 9, 11, 21, 31, 40, 41, 45, 57, 70] - 3766
gera????o: 107: 
[[1, 2, 9, 11, 21, 31, 40, 41, 45, 57, 70] - 3766, [1, 2, 9, 11, 21, 31, 40, 41, 45, 57, 70] - 3766, [1, 2, 9, 11, 21, 31, 40, 41, 45, 57, 70] - 3766, [1, 2, 9, 11, 21, 31, 40, 41, 45, 57, 70] - 3766, [1, 2, 9, 11, 21, 31, 40, 41, 45, 57, 70] - 3766, [1, 2, 9, 11, 21, 31, 40, 41, 45, 57, 70] - 3766, [1, 2, 9, 11, 21, 31, 40, 41, 45, 57, 70] - 3766, [1, 2, 9, 11, 21, 31, 40, 41, 45, 57, 70] - 3766, [1, 2, 9, 11, 21, 31, 40, 41, 45, 57, 70] - 3766]
melhor indiv??duo da gera????o:[1, 2, 9, 11, 21, 31, 40, 41, 45, 57, 70] - 3766
gera????o: 108: 
[[1, 2, 9, 11, 21, 31, 40, 41, 45, 57, 70] - 3766, [1, 2, 9, 11, 21, 31, 40, 41, 45, 57, 70] - 3766, [1, 2, 9, 11, 21, 31, 40, 41, 45, 57, 70] - 3766, [1, 2, 9, 11, 21, 31, 40, 41, 45, 57, 70] - 3766, [1, 2, 9, 11, 21, 31, 40, 41, 45, 57, 70] - 3766, [1, 2, 9, 11, 21, 31, 40, 41, 45, 57, 70] - 3766, [1, 2, 9, 11, 21, 31, 40, 41, 45, 57, 70] - 3766, [1, 2, 9, 11, 21, 31, 40, 41, 45, 57, 70] - 3766, [1, 2, 9, 11, 21, 31, 40, 41, 45, 57, 70] - 3766]
melhor indiv??duo da gera????o:[1, 2, 9, 11, 21, 31, 40, 41, 45, 57, 70] - 3766
gera????o: 109: 
[[1, 2, 9, 11, 21, 31, 40, 41, 45, 57, 70] - 3766, [1, 2, 9, 11, 21, 31, 40, 41, 45, 57, 70] - 3766, [1, 2, 9, 11, 21, 31, 40, 41, 45, 57, 70] - 3766, [1, 2, 9, 11, 21, 31, 40, 41, 45, 57, 70] - 3766, [1, 2, 9, 11, 21, 31, 40, 41, 45, 57, 70] - 3766, [1, 2, 9, 11, 21, 31, 40, 41, 45, 57, 70] - 3766, [1, 2, 9, 11, 21, 31, 40, 41, 45, 57, 70] - 3766, [1, 2, 9, 11, 21, 31, 40, 41, 45, 57, 70] - 3766, [1, 2, 9, 11, 21, 31, 40, 41, 45, 57, 70] - 3766]
melhor indiv??duo da gera????o:[1, 2, 9, 11, 21, 31, 40, 41, 45, 57, 70] - 3766
gera????o: 110: 
[[1, 2, 9, 11, 21, 31, 40, 41, 45, 57, 70] - 3766, [1, 2, 9, 11, 21, 31, 40, 41, 45, 57, 70] - 3766, [1, 2, 9, 11, 21, 31, 40, 41, 45, 57, 70] - 3766, [1, 2, 9, 11, 21, 31, 40, 41, 45, 57, 70] - 3766, [1, 2, 9, 11, 21, 31, 40, 41, 45, 57, 70] - 3766, [1, 2, 9, 11, 21, 31, 40, 41, 45, 57, 70] - 3766, [1, 2, 9, 11, 21, 31, 40, 41, 45, 57, 70] - 3766, [1, 2, 9, 11, 21, 31, 40, 41, 45, 57, 70] - 3766, [1, 2, 9, 11, 21, 31, 40, 41, 45, 57, 70] - 3766]
melhor indiv??duo da gera????o:[1, 2, 9, 11, 21, 31, 40, 41, 45, 57, 70] - 3766
gera????o: 111: 
[[1, 2, 9, 11, 21, 31, 40, 41, 45, 57, 70] - 3766, [1, 2, 9, 11, 21, 31, 40, 41, 45, 57, 70] - 3766, [1, 2, 9, 11, 21, 31, 40, 41, 45, 57, 70] - 3766, [1, 2, 9, 11, 21, 31, 40, 41, 45, 57, 70] - 3766, [1, 2, 9, 11, 21, 31, 40, 41, 45, 57, 70] - 3766, [1, 2, 9, 11, 21, 31, 40, 41, 45, 57, 70] - 3766, [1, 2, 9, 11, 21, 31, 40, 41, 45, 57, 70] - 3766, [1, 2, 9, 11, 21, 31, 40, 41, 45, 57, 70] - 3766, [1, 2, 9, 11, 21, 31, 40, 41, 45, 57, 70] - 3766]
melhor indiv??duo da gera????o:[1, 2, 9, 11, 21, 31, 40, 41, 45, 57, 70] - 3766
gera????o: 112: 
[[1, 2, 9, 11, 21, 31, 40, 41, 45, 57, 70] - 3766, [1, 2, 9, 11, 21, 31, 40, 41, 45, 57, 70] - 3766, [1, 2, 9, 11, 21, 31, 40, 41, 45, 57, 70] - 3766, [1, 2, 9, 11, 21, 31, 40, 41, 45, 57, 70] - 3766, [1, 2, 9, 11, 21, 31, 40, 41, 45, 57, 70] - 3766, [1, 2, 9, 11, 21, 31, 40, 41, 45, 57, 70] - 3766, [1, 2, 9, 11, 21, 31, 40, 41, 45, 57, 70] - 3766, [1, 2, 9, 11, 21, 31, 40, 41, 45, 57, 70] - 3766, [1, 2, 9, 11, 21, 31, 40, 41, 45, 57, 70] - 3766]
melhor indiv??duo da gera????o:[1, 2, 9, 11, 21, 31, 40, 41, 45, 57, 70] - 3766
gera????o: 113: 
[[1, 2, 9, 11, 21, 31, 40, 41, 45, 57, 70] - 3766, [1, 2, 9, 11, 21, 31, 40, 41, 45, 57, 70] - 3766, [1, 2, 9, 11, 21, 31, 40, 41, 45, 57, 70] - 3766, [1, 2, 9, 11, 21, 31, 40, 41, 45, 57, 70] - 3766, [1, 2, 9, 11, 21, 31, 40, 41, 45, 57, 70] - 3766, [1, 2, 9, 11, 21, 31, 40, 41, 45, 57, 70] - 3766, [1, 2, 9, 11, 21, 31, 40, 41, 45, 57, 70] - 3766, [1, 2, 9, 11, 21, 31, 40, 41, 45, 57, 70] - 3766, [1, 2, 9, 11, 21, 31, 40, 41, 45, 57, 70] - 3766]
melhor indiv??duo da gera????o:[1, 2, 9, 11, 21, 31, 40, 41, 45, 57, 70] - 3766
gera????o: 114: 
[[1, 2, 9, 11, 21, 31, 40, 41, 45, 57, 70] - 3766, [1, 2, 9, 11, 21, 31, 40, 41, 45, 57, 70] - 3766, [1, 2, 9, 11, 21, 31, 40, 41, 45, 57, 70] - 3766, [1, 2, 9, 11, 21, 31, 40, 41, 45, 57, 70] - 3766, [1, 2, 9, 11, 21, 31, 40, 41, 45, 57, 70] - 3766, [1, 2, 9, 11, 21, 31, 40, 41, 45, 57, 70] - 3766, [1, 2, 9, 11, 21, 31, 40, 41, 45, 57, 70] - 3766, [1, 2, 9, 11, 21, 31, 40, 41, 45, 57, 70] - 3766, [1, 2, 9, 11, 21, 31, 40, 41, 45, 57, 70] - 3766]
melhor indiv??duo da gera????o:[1, 2, 9, 11, 21, 31, 40, 41, 45, 57, 70] - 3766
gera????o: 115: 
[[1, 2, 9, 11, 21, 31, 40, 41, 45, 57, 70] - 3766, [1, 2, 9, 11, 21, 31, 40, 41, 45, 57, 70] - 3766, [1, 2, 9, 11, 21, 31, 40, 41, 45, 57, 70] - 3766, [1, 2, 9, 11, 21, 31, 40, 41, 45, 57, 70] - 3766, [1, 2, 9, 11, 21, 31, 40, 41, 45, 57, 70] - 3766, [1, 2, 9, 11, 21, 31, 40, 41, 45, 57, 70] - 3766, [1, 2, 9, 11, 21, 31, 40, 41, 45, 57, 70] - 3766, [1, 2, 9, 11, 21, 31, 40, 41, 45, 57, 70] - 3766, [1, 2, 9, 11, 21, 31, 40, 41, 45, 57, 70] - 3766]
melhor indiv??duo da gera????o:[1, 2, 9, 11, 21, 31, 40, 41, 45, 57, 70] - 3766
gera????o: 116: 
[[1, 2, 9, 11, 21, 31, 40, 41, 45, 57, 70] - 3766, [1, 2, 9, 11, 21, 31, 40, 41, 45, 57, 70] - 3766, [1, 2, 9, 11, 21, 31, 40, 41, 45, 57, 70] - 3766, [1, 2, 9, 11, 21, 31, 40, 41, 45, 57, 70] - 3766, [1, 2, 9, 11, 21, 31, 40, 41, 45, 57, 70] - 3766, [1, 2, 9, 11, 21, 31, 40, 41, 45, 57, 70] - 3766, [1, 2, 9, 11, 21, 31, 40, 41, 45, 57, 70] - 3766, [1, 2, 9, 11, 21, 31, 40, 41, 45, 57, 70] - 3766, [1, 2, 9, 11, 21, 31, 40, 41, 45, 57, 70] - 3766]
melhor indiv??duo da gera????o:[1, 2, 9, 11, 21, 31, 40, 41, 45, 57, 70] - 3766
gera????o: 117: 
[[1, 2, 9, 11, 21, 31, 40, 41, 45, 57, 70] - 3766, [1, 2, 9, 11, 21, 31, 40, 41, 45, 57, 70] - 3766, [1, 2, 9, 11, 21, 31, 40, 41, 45, 57, 70] - 3766, [1, 2, 9, 11, 21, 31, 40, 41, 45, 57, 70] - 3766, [1, 2, 9, 11, 21, 31, 40, 41, 45, 57, 70] - 3766, [1, 2, 9, 11, 21, 31, 40, 41, 45, 57, 70] - 3766, [1, 2, 9, 11, 21, 31, 40, 41, 45, 57, 70] - 3766, [1, 2, 9, 11, 21, 31, 40, 41, 45, 57, 70] - 3766, [1, 2, 9, 11, 21, 31, 40, 41, 45, 57, 70] - 3766]
melhor indiv??duo da gera????o:[1, 2, 9, 11, 21, 31, 40, 41, 45, 57, 70] - 3766
gera????o: 118: 
[[1, 2, 9, 11, 21, 31, 40, 41, 45, 57, 70] - 3766, [1, 2, 9, 11, 21, 31, 40, 41, 45, 57, 70] - 3766, [1, 2, 9, 11, 21, 31, 40, 41, 45, 57, 70] - 3766, [1, 2, 9, 11, 21, 31, 40, 41, 45, 57, 70] - 3766, [1, 2, 9, 11, 21, 31, 40, 41, 45, 57, 70] - 3766, [1, 2, 9, 11, 21, 31, 40, 41, 45, 57, 70] - 3766, [1, 2, 9, 11, 21, 31, 40, 41, 45, 57, 70] - 3766, [1, 2, 9, 11, 21, 31, 40, 41, 45, 57, 70] - 3766, [1, 2, 9, 11, 21, 31, 40, 41, 45, 57, 70] - 3766]
melhor indiv??duo da gera????o:[1, 2, 9, 11, 21, 31, 40, 41, 45, 57, 70] - 3766
gera????o: 119: 
[[1, 2, 9, 11, 21, 31, 40, 41, 45, 57, 70] - 3766, [1, 2, 9, 11, 21, 31, 40, 41, 45, 57, 70] - 3766, [1, 2, 9, 11, 21, 31, 40, 41, 45, 57, 70] - 3766, [1, 2, 9, 11, 21, 31, 40, 41, 45, 57, 70] - 3766, [1, 2, 9, 11, 21, 31, 40, 41, 45, 57, 70] - 3766, [1, 2, 9, 11, 21, 31, 40, 41, 45, 57, 70] - 3766, [1, 2, 9, 11, 21, 31, 40, 41, 45, 57, 70] - 3766, [1, 2, 9, 11, 21, 31, 40, 41, 45, 57, 70] - 3766, [1, 2, 9, 11, 21, 31, 40, 41, 45, 57, 70] - 3766]
melhor indiv??duo da gera????o:[1, 2, 9, 11, 21, 31, 40, 41, 45, 57, 70] - 3766
gera????o: 120: 
[[1, 2, 9, 11, 21, 31, 40, 41, 45, 57, 70] - 3766, [1, 2, 9, 11, 21, 31, 40, 41, 45, 57, 70] - 3766, [1, 2, 9, 11, 21, 31, 40, 41, 45, 57, 70] - 3766, [1, 2, 9, 11, 21, 31, 40, 41, 45, 57, 70] - 3766, [1, 2, 9, 11, 21, 31, 40, 41, 45, 57, 70] - 3766, [1, 2, 9, 11, 21, 31, 40, 41, 45, 57, 70] - 3766, [1, 2, 9, 11, 21, 31, 40, 41, 45, 57, 70] - 3766, [1, 2, 9, 11, 21, 31, 40, 41, 45, 57, 70] - 3766, [1, 2, 9, 11, 21, 31, 40, 41, 45, 57, 70] - 3766]
melhor indiv??duo da gera????o:[1, 2, 9, 11, 21, 31, 40, 41, 45, 57, 70] - 3766
gera????o: 121: 
[[1, 2, 9, 11, 21, 31, 40, 41, 45, 57, 70] - 3766, [1, 2, 9, 11, 21, 31, 40, 41, 45, 57, 70] - 3766, [1, 2, 9, 11, 21, 31, 40, 41, 45, 57, 70] - 3766, [1, 2, 9, 11, 21, 31, 40, 41, 45, 57, 70] - 3766, [1, 2, 9, 11, 21, 31, 40, 41, 45, 57, 70] - 3766, [1, 2, 9, 11, 21, 31, 40, 41, 45, 57, 70] - 3766, [1, 2, 9, 11, 21, 31, 40, 41, 45, 57, 70] - 3766, [1, 2, 9, 11, 21, 31, 40, 41, 45, 57, 70] - 3766, [1, 2, 9, 11, 21, 31, 40, 41, 45, 57, 70] - 3766]
melhor indiv??duo da gera????o:[1, 2, 9, 11, 21, 31, 40, 41, 45, 57, 70] - 3766
gera????o: 122: 
[[1, 2, 9, 11, 21, 31, 40, 41, 45, 57, 70] - 3766, [1, 2, 9, 11, 21, 31, 40, 41, 45, 57, 70] - 3766, [1, 2, 9, 11, 21, 31, 40, 41, 45, 57, 70] - 3766, [1, 2, 9, 11, 21, 31, 40, 41, 45, 57, 70] - 3766, [1, 2, 9, 11, 21, 31, 40, 41, 45, 57, 70] - 3766, [1, 2, 9, 11, 21, 31, 40, 41, 45, 57, 70] - 3766, [1, 2, 9, 11, 21, 31, 40, 41, 45, 57, 70] - 3766, [1, 2, 9, 11, 21, 31, 40, 41, 45, 57, 70] - 3766, [1, 2, 9, 11, 21, 31, 40, 41, 45, 57, 70] - 3766]
melhor indiv??duo da gera????o:[1, 2, 9, 11, 21, 31, 40, 41, 45, 57, 70] - 3766
gera????o: 123: 
[[1, 2, 9, 11, 21, 31, 40, 41, 45, 57, 70] - 3766, [1, 2, 9, 11, 21, 31, 40, 41, 45, 57, 70] - 3766, [1, 2, 9, 11, 21, 31, 40, 41, 45, 57, 70] - 3766, [1, 2, 9, 11, 21, 31, 40, 41, 45, 57, 70] - 3766, [1, 2, 9, 11, 21, 31, 40, 41, 45, 57, 70] - 3766, [1, 2, 9, 11, 21, 31, 40, 41, 45, 57, 70] - 3766, [1, 2, 9, 11, 21, 31, 40, 41, 45, 57, 70] - 3766, [1, 2, 9, 11, 21, 31, 40, 41, 45, 57, 70] - 3766, [1, 2, 9, 11, 21, 31, 40, 41, 45, 57, 70] - 3766]
melhor indiv??duo da gera????o:[1, 2, 9, 11, 21, 31, 40, 41, 45, 57, 70] - 3766
gera????o: 124: 
[[1, 2, 9, 11, 21, 31, 40, 41, 45, 57, 70] - 3766, [1, 2, 9, 11, 21, 31, 40, 41, 45, 57, 70] - 3766, [1, 2, 9, 11, 21, 31, 40, 41, 45, 57, 70] - 3766, [1, 2, 9, 11, 21, 31, 40, 41, 45, 57, 70] - 3766, [1, 2, 9, 11, 21, 31, 40, 41, 45, 57, 70] - 3766, [1, 2, 9, 11, 21, 31, 40, 41, 45, 57, 70] - 3766, [1, 2, 9, 11, 21, 31, 40, 41, 45, 57, 70] - 3766, [1, 2, 9, 11, 21, 31, 40, 41, 45, 57, 70] - 3766, [1, 2, 9, 11, 21, 31, 40, 41, 45, 57, 70] - 3766]
melhor indiv??duo da gera????o:[1, 2, 9, 11, 21, 31, 40, 41, 45, 57, 70] - 3766
gera????o: 125: 
[[1, 2, 9, 11, 21, 31, 40, 41, 45, 57, 70] - 3766, [1, 2, 9, 11, 21, 31, 40, 41, 45, 57, 70] - 3766, [1, 2, 9, 11, 21, 31, 40, 41, 45, 57, 70] - 3766, [1, 2, 9, 11, 21, 31, 40, 41, 45, 57, 70] - 3766, [1, 2, 9, 11, 21, 31, 40, 41, 45, 57, 70] - 3766, [1, 2, 9, 11, 21, 31, 40, 41, 45, 57, 70] - 3766, [1, 2, 9, 11, 21, 31, 40, 41, 45, 57, 70] - 3766, [1, 2, 9, 11, 21, 31, 40, 41, 45, 57, 70] - 3766, [1, 2, 9, 11, 21, 31, 40, 41, 45, 57, 70] - 3766]
melhor indiv??duo da gera????o:[1, 2, 9, 11, 21, 31, 40, 41, 45, 57, 70] - 3766
gera????o: 126: 
[[1, 2, 9, 11, 21, 31, 40, 41, 45, 57, 70] - 3766, [1, 2, 9, 11, 21, 31, 40, 41, 45, 57, 70] - 3766, [1, 2, 9, 11, 21, 31, 40, 41, 45, 57, 70] - 3766, [1, 2, 9, 11, 21, 31, 40, 41, 45, 57, 70] - 3766, [1, 2, 9, 11, 21, 31, 40, 41, 45, 57, 70] - 3766, [1, 2, 9, 11, 21, 31, 40, 41, 45, 57, 70] - 3766, [1, 2, 9, 11, 21, 31, 40, 41, 45, 57, 70] - 3766, [1, 2, 9, 11, 21, 31, 40, 41, 45, 57, 70] - 3766, [1, 2, 9, 11, 21, 31, 40, 41, 45, 57, 70] - 3766]
melhor indiv??duo da gera????o:[1, 2, 9, 11, 21, 31, 40, 41, 45, 57, 70] - 3766
gera????o: 127: 
[[1, 2, 9, 11, 21, 31, 40, 41, 45, 57, 70] - 3766, [1, 2, 9, 11, 21, 31, 40, 41, 45, 57, 70] - 3766, [1, 2, 9, 11, 21, 31, 40, 41, 45, 57, 70] - 3766, [1, 2, 9, 11, 21, 31, 40, 41, 45, 57, 70] - 3766, [1, 2, 9, 11, 21, 31, 40, 41, 45, 57, 70] - 3766, [1, 2, 9, 11, 21, 31, 40, 41, 45, 57, 70] - 3766, [1, 2, 9, 11, 21, 31, 40, 41, 45, 57, 70] - 3766, [1, 2, 9, 11, 21, 31, 40, 41, 45, 57, 70] - 3766, [1, 2, 9, 11, 21, 31, 40, 41, 45, 57, 70] - 3766]
melhor indiv??duo da gera????o:[1, 2, 9, 11, 21, 31, 40, 41, 45, 57, 70] - 3766
gera????o: 128: 
[[1, 2, 9, 11, 21, 31, 40, 41, 45, 57, 70] - 3766, [1, 2, 9, 11, 21, 31, 40, 41, 45, 57, 70] - 3766, [1, 2, 9, 11, 21, 31, 40, 41, 45, 57, 70] - 3766, [1, 2, 9, 11, 21, 31, 40, 41, 45, 57, 70] - 3766, [1, 2, 9, 11, 21, 31, 40, 41, 45, 57, 70] - 3766, [1, 2, 9, 11, 21, 31, 40, 41, 45, 57, 70] - 3766, [1, 2, 9, 11, 21, 31, 40, 41, 45, 57, 70] - 3766, [1, 2, 9, 11, 21, 31, 40, 41, 45, 57, 70] - 3766, [1, 2, 9, 11, 21, 31, 40, 41, 45, 57, 70] - 3766]
melhor indiv??duo da gera????o:[1, 2, 9, 11, 21, 31, 40, 41, 45, 57, 70] - 3766
gera????o: 129: 
[[1, 2, 9, 11, 21, 31, 40, 41, 45, 57, 70] - 3766, [1, 2, 9, 11, 21, 31, 40, 41, 45, 57, 70] - 3766, [1, 2, 9, 11, 21, 31, 40, 41, 45, 57, 70] - 3766, [1, 2, 9, 11, 21, 31, 40, 41, 45, 57, 70] - 3766, [1, 2, 9, 11, 21, 31, 40, 41, 45, 57, 70] - 3766, [1, 2, 9, 11, 21, 31, 40, 41, 45, 57, 70] - 3766, [1, 2, 9, 11, 21, 31, 40, 41, 45, 57, 70] - 3766, [1, 2, 9, 11, 21, 31, 40, 41, 45, 57, 70] - 3766, [1, 2, 9, 11, 21, 31, 40, 41, 45, 57, 70] - 3766]
melhor indiv??duo da gera????o:[1, 2, 9, 11, 21, 31, 40, 41, 45, 57, 70] - 3766
gera????o: 130: 
[[1, 2, 9, 11, 21, 31, 40, 41, 45, 57, 70] - 3766, [1, 2, 9, 11, 21, 31, 40, 41, 45, 57, 70] - 3766, [1, 2, 9, 11, 21, 31, 40, 41, 45, 57, 70] - 3766, [1, 2, 9, 11, 21, 31, 40, 41, 45, 57, 70] - 3766, [1, 2, 9, 11, 21, 31, 40, 41, 45, 57, 70] - 3766, [1, 2, 9, 11, 21, 31, 40, 41, 45, 57, 70] - 3766, [1, 2, 9, 11, 21, 31, 40, 41, 45, 57, 70] - 3766, [1, 2, 9, 11, 21, 31, 40, 41, 45, 57, 70] - 3766, [1, 2, 9, 11, 21, 31, 40, 41, 45, 57, 70] - 3766]
melhor indiv??duo da gera????o:[1, 2, 9, 11, 21, 31, 40, 41, 45, 57, 70] - 3766
gera????o: 131: 
[[1, 2, 9, 11, 21, 31, 40, 41, 45, 57, 70] - 3766, [1, 2, 9, 11, 21, 31, 40, 41, 45, 57, 70] - 3766, [1, 2, 9, 11, 21, 31, 40, 41, 45, 57, 70] - 3766, [1, 2, 9, 11, 21, 31, 40, 41, 45, 57, 70] - 3766, [1, 2, 9, 11, 21, 31, 40, 41, 45, 57, 70] - 3766, [1, 2, 9, 11, 21, 31, 40, 41, 45, 57, 70] - 3766, [1, 2, 9, 11, 21, 31, 40, 41, 45, 57, 70] - 3766, [1, 2, 9, 11, 21, 31, 40, 41, 45, 57, 70] - 3766, [1, 2, 9, 11, 21, 31, 40, 41, 45, 57, 70] - 3766]
melhor indiv??duo da gera????o:[1, 2, 9, 11, 21, 31, 40, 41, 45, 57, 70] - 3766
gera????o: 132: 
[[1, 2, 9, 11, 21, 31, 40, 41, 45, 57, 70] - 3766, [1, 2, 9, 11, 21, 31, 40, 41, 45, 57, 70] - 3766, [1, 2, 9, 11, 21, 31, 40, 41, 45, 57, 70] - 3766, [1, 2, 9, 11, 21, 31, 40, 41, 45, 57, 70] - 3766, [1, 2, 9, 11, 21, 31, 40, 41, 45, 57, 70] - 3766, [1, 2, 9, 11, 21, 31, 40, 41, 45, 57, 70] - 3766, [1, 2, 9, 11, 21, 31, 40, 41, 45, 57, 70] - 3766, [1, 2, 9, 11, 21, 31, 40, 41, 45, 57, 70] - 3766, [1, 2, 9, 11, 21, 31, 40, 41, 45, 57, 70] - 3766]
melhor indiv??duo da gera????o:[1, 2, 9, 11, 21, 31, 40, 41, 45, 57, 70] - 3766
gera????o: 133: 
[[1, 2, 9, 11, 21, 31, 40, 41, 45, 57, 70] - 3766, [1, 2, 9, 11, 21, 31, 40, 41, 45, 57, 70] - 3766, [1, 2, 9, 11, 21, 31, 40, 41, 45, 57, 70] - 3766, [1, 2, 9, 11, 21, 31, 40, 41, 45, 57, 70] - 3766, [1, 2, 9, 11, 21, 31, 40, 41, 45, 57, 70] - 3766, [1, 2, 9, 11, 21, 31, 40, 41, 45, 57, 70] - 3766, [1, 2, 9, 11, 21, 31, 40, 41, 45, 57, 70] - 3766, [1, 2, 9, 11, 21, 31, 40, 41, 45, 57, 70] - 3766, [1, 2, 9, 11, 21, 31, 40, 41, 45, 57, 70] - 3766]
melhor indiv??duo da gera????o:[1, 2, 9, 11, 21, 31, 40, 41, 45, 57, 70] - 3766
gera????o: 134: 
[[1, 2, 9, 11, 21, 31, 40, 41, 45, 57, 70] - 3766, [1, 2, 9, 11, 21, 31, 40, 41, 45, 57, 70] - 3766, [1, 2, 9, 11, 21, 31, 40, 41, 45, 57, 70] - 3766, [1, 2, 9, 11, 21, 31, 40, 41, 45, 57, 70] - 3766, [1, 2, 9, 11, 21, 31, 40, 41, 45, 57, 70] - 3766, [1, 2, 9, 11, 21, 31, 40, 41, 45, 57, 70] - 3766, [1, 2, 9, 11, 21, 31, 40, 41, 45, 57, 70] - 3766, [1, 2, 9, 11, 21, 31, 40, 41, 45, 57, 70] - 3766, [1, 2, 9, 11, 21, 31, 40, 41, 45, 57, 70] - 3766]
melhor indiv??duo da gera????o:[1, 2, 9, 11, 21, 31, 40, 41, 45, 57, 70] - 3766
gera????o: 135: 
[[1, 2, 9, 11, 21, 31, 40, 41, 45, 57, 70] - 3766, [1, 2, 9, 11, 21, 31, 40, 41, 45, 57, 70] - 3766, [1, 2, 9, 11, 21, 31, 40, 41, 45, 57, 70] - 3766, [1, 2, 9, 11, 21, 31, 40, 41, 45, 57, 70] - 3766, [1, 2, 9, 11, 21, 31, 40, 41, 45, 57, 70] - 3766, [1, 2, 9, 11, 21, 31, 40, 41, 45, 57, 70] - 3766, [1, 2, 9, 11, 21, 31, 40, 41, 45, 57, 70] - 3766, [1, 2, 9, 11, 21, 31, 40, 41, 45, 57, 70] - 3766, [1, 2, 9, 11, 21, 31, 40, 41, 45, 57, 70] - 3766]
melhor indiv??duo da gera????o:[1, 2, 9, 11, 21, 31, 40, 41, 45, 57, 70] - 3766
gera????o: 136: 
[[1, 2, 9, 11, 21, 31, 40, 41, 45, 57, 70] - 3766, [1, 2, 9, 11, 21, 31, 40, 41, 45, 57, 70] - 3766, [1, 2, 9, 11, 21, 31, 40, 41, 45, 57, 70] - 3766, [1, 2, 9, 11, 21, 31, 40, 41, 45, 57, 70] - 3766, [1, 2, 9, 11, 21, 31, 40, 41, 45, 57, 70] - 3766, [1, 2, 9, 11, 21, 31, 40, 41, 45, 57, 70] - 3766, [1, 2, 9, 11, 21, 31, 40, 41, 45, 57, 70] - 3766, [1, 2, 9, 11, 21, 31, 40, 41, 45, 57, 70] - 3766, [1, 2, 9, 11, 21, 31, 40, 41, 45, 57, 70] - 3766]
melhor indiv??duo da gera????o:[1, 2, 9, 11, 21, 31, 40, 41, 45, 57, 70] - 3766
gera????o: 137: 
[[1, 2, 9, 11, 21, 31, 40, 41, 45, 57, 70] - 3766, [1, 2, 9, 11, 21, 31, 40, 41, 45, 57, 70] - 3766, [1, 2, 9, 11, 21, 31, 40, 41, 45, 57, 70] - 3766, [1, 2, 9, 11, 21, 31, 40, 41, 45, 57, 70] - 3766, [1, 2, 9, 11, 21, 31, 40, 41, 45, 57, 70] - 3766, [1, 2, 9, 11, 21, 31, 40, 41, 45, 57, 70] - 3766, [1, 2, 9, 11, 21, 31, 40, 41, 45, 57, 70] - 3766, [1, 2, 9, 11, 21, 31, 40, 41, 45, 57, 70] - 3766, [1, 2, 9, 11, 21, 31, 40, 41, 45, 57, 70] - 3766]
melhor indiv??duo da gera????o:[1, 2, 9, 11, 21, 31, 40, 41, 45, 57, 70] - 3766
gera????o: 138: 
[[1, 2, 9, 11, 21, 31, 40, 41, 45, 57, 70] - 3766, [1, 2, 9, 11, 21, 31, 40, 41, 45, 57, 70] - 3766, [1, 2, 9, 11, 21, 31, 40, 41, 45, 57, 70] - 3766, [1, 2, 9, 11, 21, 31, 40, 41, 45, 57, 70] - 3766, [1, 2, 9, 11, 21, 31, 40, 41, 45, 57, 70] - 3766, [1, 2, 9, 11, 21, 31, 40, 41, 45, 57, 70] - 3766, [1, 2, 9, 11, 21, 31, 40, 41, 45, 57, 70] - 3766, [1, 2, 9, 11, 21, 31, 40, 41, 45, 57, 70] - 3766, [1, 2, 9, 11, 21, 31, 40, 41, 45, 57, 70] - 3766]
melhor indiv??duo da gera????o:[1, 2, 9, 11, 21, 31, 40, 41, 45, 57, 70] - 3766
gera????o: 139: 
[[1, 2, 9, 11, 21, 31, 40, 41, 45, 57, 70] - 3766, [1, 2, 9, 11, 21, 31, 40, 41, 45, 57, 70] - 3766, [1, 2, 9, 11, 21, 31, 40, 41, 45, 57, 70] - 3766, [1, 2, 9, 11, 21, 31, 40, 41, 45, 57, 70] - 3766, [1, 2, 9, 11, 21, 31, 40, 41, 45, 57, 70] - 3766, [1, 2, 9, 11, 21, 31, 40, 41, 45, 57, 70] - 3766, [1, 2, 9, 11, 21, 31, 40, 41, 45, 57, 70] - 3766, [1, 2, 9, 11, 21, 31, 40, 41, 45, 57, 70] - 3766, [1, 2, 9, 11, 21, 31, 40, 41, 45, 57, 70] - 3766]
melhor indiv??duo da gera????o:[1, 2, 9, 11, 21, 31, 40, 41, 45, 57, 70] - 3766
gera????o: 140: 
[[1, 2, 9, 11, 21, 31, 40, 41, 45, 57, 70] - 3766, [1, 2, 9, 11, 21, 31, 40, 41, 45, 57, 70] - 3766, [1, 2, 9, 11, 21, 31, 40, 41, 45, 57, 70] - 3766, [1, 2, 9, 11, 21, 31, 40, 41, 45, 57, 70] - 3766, [1, 2, 9, 11, 21, 31, 40, 41, 45, 57, 70] - 3766, [1, 2, 9, 11, 21, 31, 40, 41, 45, 57, 70] - 3766, [1, 2, 9, 11, 21, 31, 40, 41, 45, 57, 70] - 3766, [1, 2, 9, 11, 21, 31, 40, 41, 45, 57, 70] - 3766, [1, 2, 9, 11, 21, 31, 40, 41, 45, 57, 70] - 3766]
melhor indiv??duo da gera????o:[1, 2, 9, 11, 21, 31, 40, 41, 45, 57, 70] - 3766
gera????o: 141: 
[[1, 2, 9, 11, 21, 31, 40, 41, 45, 57, 70] - 3766, [1, 2, 9, 11, 21, 31, 40, 41, 45, 57, 70] - 3766, [1, 2, 9, 11, 21, 31, 40, 41, 45, 57, 70] - 3766, [1, 2, 9, 11, 21, 31, 40, 41, 45, 57, 70] - 3766, [1, 2, 9, 11, 21, 31, 40, 41, 45, 57, 70] - 3766, [1, 2, 9, 11, 21, 31, 40, 41, 45, 57, 70] - 3766, [1, 2, 9, 11, 21, 31, 40, 41, 45, 57, 70] - 3766, [1, 2, 9, 11, 21, 31, 40, 41, 45, 57, 70] - 3766, [1, 2, 9, 11, 21, 31, 40, 41, 45, 57, 70] - 3766]
melhor indiv??duo da gera????o:[1, 2, 9, 11, 21, 31, 40, 41, 45, 57, 70] - 3766
gera????o: 142: 
[[1, 2, 9, 11, 21, 31, 40, 41, 45, 57, 70] - 3766, [1, 2, 9, 11, 21, 31, 40, 41, 45, 57, 70] - 3766, [1, 2, 9, 11, 21, 31, 40, 41, 45, 57, 70] - 3766, [1, 2, 9, 11, 21, 31, 40, 41, 45, 57, 70] - 3766, [1, 2, 9, 11, 21, 31, 40, 41, 45, 57, 70] - 3766, [1, 2, 9, 11, 21, 31, 40, 41, 45, 57, 70] - 3766, [1, 2, 9, 11, 21, 31, 40, 41, 45, 57, 70] - 3766, [1, 2, 9, 11, 21, 31, 40, 41, 45, 57, 70] - 3766, [1, 2, 9, 11, 21, 31, 40, 41, 45, 57, 70] - 3766]
melhor indiv??duo da gera????o:[1, 2, 9, 11, 21, 31, 40, 41, 45, 57, 70] - 3766
gera????o: 143: 
[[1, 2, 9, 11, 21, 31, 40, 41, 45, 57, 70] - 3766, [1, 2, 9, 11, 21, 31, 40, 41, 45, 57, 70] - 3766, [1, 2, 9, 11, 21, 31, 40, 41, 45, 57, 70] - 3766, [1, 2, 9, 11, 21, 31, 40, 41, 45, 57, 70] - 3766, [1, 2, 9, 11, 21, 31, 40, 41, 45, 57, 70] - 3766, [1, 2, 9, 11, 21, 31, 40, 41, 45, 57, 70] - 3766, [1, 2, 9, 11, 21, 31, 40, 41, 45, 57, 70] - 3766, [1, 2, 9, 11, 21, 31, 40, 41, 45, 57, 70] - 3766, [1, 2, 9, 11, 21, 31, 40, 41, 45, 57, 70] - 3766]
melhor indiv??duo da gera????o:[1, 2, 9, 11, 21, 31, 40, 41, 45, 57, 70] - 3766
gera????o: 144: 
[[1, 2, 9, 11, 21, 31, 40, 41, 45, 57, 70] - 3766, [1, 2, 9, 11, 21, 31, 40, 41, 45, 57, 70] - 3766, [1, 2, 9, 11, 21, 31, 40, 41, 45, 57, 70] - 3766, [1, 2, 9, 11, 21, 31, 40, 41, 45, 57, 70] - 3766, [1, 2, 9, 11, 21, 31, 40, 41, 45, 57, 70] - 3766, [1, 2, 9, 11, 21, 31, 40, 41, 45, 57, 70] - 3766, [1, 2, 9, 11, 21, 31, 40, 41, 45, 57, 70] - 3766, [1, 2, 9, 11, 21, 31, 40, 41, 45, 57, 70] - 3766, [1, 2, 9, 11, 21, 31, 40, 41, 45, 57, 70] - 3766]
melhor indiv??duo da gera????o:[1, 2, 9, 11, 21, 31, 40, 41, 45, 57, 70] - 3766
gera????o: 145: 
[[1, 2, 9, 11, 21, 31, 40, 41, 45, 57, 70] - 3766, [1, 2, 9, 11, 21, 31, 40, 41, 45, 57, 70] - 3766, [1, 2, 9, 11, 21, 31, 40, 41, 45, 57, 70] - 3766, [1, 2, 9, 11, 21, 31, 40, 41, 45, 57, 70] - 3766, [1, 2, 9, 11, 21, 31, 40, 41, 45, 57, 70] - 3766, [1, 2, 9, 11, 21, 31, 40, 41, 45, 57, 70] - 3766, [1, 2, 9, 11, 21, 31, 40, 41, 45, 57, 70] - 3766, [1, 2, 9, 11, 21, 31, 40, 41, 45, 57, 70] - 3766, [1, 2, 9, 11, 21, 31, 40, 41, 45, 57, 70] - 3766]
melhor indiv??duo da gera????o:[1, 2, 9, 11, 21, 31, 40, 41, 45, 57, 70] - 3766
gera????o: 146: 
[[1, 2, 9, 11, 21, 31, 40, 41, 45, 57, 70] - 3766, [1, 2, 9, 11, 21, 31, 40, 41, 45, 57, 70] - 3766, [1, 2, 9, 11, 21, 31, 40, 41, 45, 57, 70] - 3766, [1, 2, 9, 11, 21, 31, 40, 41, 45, 57, 70] - 3766, [1, 2, 9, 11, 21, 31, 40, 41, 45, 57, 70] - 3766, [1, 2, 9, 11, 21, 31, 40, 41, 45, 57, 70] - 3766, [1, 2, 9, 11, 21, 31, 40, 41, 45, 57, 70] - 3766, [1, 2, 9, 11, 21, 31, 40, 41, 45, 57, 70] - 3766, [1, 2, 9, 11, 21, 31, 40, 41, 45, 57, 70] - 3766]
melhor indiv??duo da gera????o:[1, 2, 9, 11, 21, 31, 40, 41, 45, 57, 70] - 3766
gera????o: 147: 
[[1, 2, 9, 11, 21, 31, 40, 41, 45, 57, 70] - 3766, [1, 2, 9, 11, 21, 31, 40, 41, 45, 57, 70] - 3766, [1, 2, 9, 11, 21, 31, 40, 41, 45, 57, 70] - 3766, [1, 2, 9, 11, 21, 31, 40, 41, 45, 57, 70] - 3766, [1, 2, 9, 11, 21, 31, 40, 41, 45, 57, 70] - 3766, [1, 2, 9, 11, 21, 31, 40, 41, 45, 57, 70] - 3766, [1, 2, 9, 11, 21, 31, 40, 41, 45, 57, 70] - 3766, [1, 2, 9, 11, 21, 31, 40, 41, 45, 57, 70] - 3766, [1, 2, 9, 11, 21, 31, 40, 41, 45, 57, 70] - 3766]
melhor indiv??duo da gera????o:[1, 2, 9, 11, 21, 31, 40, 41, 45, 57, 70] - 3766
gera????o: 148: 
[[1, 2, 9, 11, 21, 31, 40, 41, 45, 57, 70] - 3766, [1, 2, 9, 11, 21, 31, 40, 41, 45, 57, 70] - 3766, [1, 2, 9, 11, 21, 31, 40, 41, 45, 57, 70] - 3766, [1, 2, 9, 11, 21, 31, 40, 41, 45, 57, 70] - 3766, [1, 2, 9, 11, 21, 31, 40, 41, 45, 57, 70] - 3766, [1, 2, 9, 11, 21, 31, 40, 41, 45, 57, 70] - 3766, [1, 2, 9, 11, 21, 31, 40, 41, 45, 57, 70] - 3766, [1, 2, 9, 11, 21, 31, 40, 41, 45, 57, 70] - 3766, [1, 2, 9, 11, 21, 31, 40, 41, 45, 57, 70] - 3766]
melhor indiv??duo da gera????o:[1, 2, 9, 11, 21, 31, 40, 41, 45, 57, 70] - 3766
gera????o: 149: 
[[1, 2, 9, 11, 21, 31, 40, 41, 45, 57, 70] - 3766, [1, 2, 9, 11, 21, 31, 40, 41, 45, 57, 70] - 3766, [1, 2, 9, 11, 21, 31, 40, 41, 45, 57, 70] - 3766, [1, 2, 9, 11, 21, 31, 40, 41, 45, 57, 70] - 3766, [1, 2, 9, 11, 21, 31, 40, 41, 45, 57, 70] - 3766, [1, 2, 9, 11, 21, 31, 40, 41, 45, 57, 70] - 3766, [1, 2, 9, 11, 21, 31, 40, 41, 45, 57, 70] - 3766, [1, 2, 9, 11, 21, 31, 40, 41, 45, 57, 70] - 3766, [1, 2, 9, 11, 21, 31, 40, 41, 45, 57, 70] - 3766]
melhor indiv??duo da gera????o:[1, 2, 9, 11, 21, 31, 40, 41, 45, 57, 70] - 3766
gera????o: 150: 
[[1, 2, 9, 11, 21, 31, 40, 41, 45, 57, 70] - 3766, [1, 2, 9, 11, 21, 31, 40, 41, 45, 57, 70] - 3766, [1, 2, 9, 11, 21, 31, 40, 41, 45, 57, 70] - 3766, [1, 2, 9, 11, 21, 31, 40, 41, 45, 57, 70] - 3766, [1, 2, 9, 11, 21, 31, 40, 41, 45, 57, 70] - 3766, [1, 2, 9, 11, 21, 31, 40, 41, 45, 57, 70] - 3766, [1, 2, 9, 11, 21, 31, 40, 41, 45, 57, 70] - 3766, [1, 2, 9, 11, 21, 31, 40, 41, 45, 57, 70] - 3766, [1, 2, 9, 11, 21, 31, 40, 41, 45, 57, 70] - 3766]
melhor indiv??duo da gera????o:[1, 2, 9, 11, 21, 31, 40, 41, 45, 57, 70] - 3766
______________________________________________________________________________________________________________________________
