gera????o: 1: 
[[1, 4, 11, 21, 22, 33, 49, 58, 62, 70] - 3915, [1, 3, 12, 13, 23, 25, 33, 47, 49, 58, 62, 70] - 3975, [1, 2, 4, 11, 21, 31, 40, 41, 45, 56, 57, 70] - 4399, [1, 2, 3, 23, 25, 33, 40, 44, 55, 57, 70] - 4425, [1, 2, 9, 13, 40, 44, 45, 47, 56, 57, 70] - 4541, [1, 4, 10, 11, 21, 23, 25, 26, 33, 34, 35, 49, 55, 58, 62, 70] - 5043, [1, 2, 4, 11, 21, 31, 33, 46, 49, 55, 56, 63, 70] - 4907, [1, 3, 12, 13, 40, 41, 46, 47, 49, 55, 58, 62, 70] - 4877, [1, 2, 4, 10, 20, 31, 33, 39, 50, 53, 61, 65, 66, 67, 69, 70] - 6778, [1, 4, 10, 11, 21, 31, 41, 46, 49, 58, 62, 70] - 4480, [1, 2, 9, 13, 31, 32, 39, 50, 53, 60, 64, 65, 66, 67, 68, 70] - 6145, [1, 3, 9, 13, 21, 23, 31, 41, 46, 49, 55, 56, 60, 65, 67, 68, 70] - 7509, [1, 4, 11, 20, 30, 32, 39, 56, 57, 70] - 4873, [1, 4, 10, 20, 39, 56, 63, 70] - 4104, [1, 4, 10, 11, 20, 30, 32, 39, 42, 43, 52, 59, 64, 67, 68, 70] - 6858, [1, 2, 9, 21, 22, 25, 26, 31, 32, 37, 39, 44, 56, 61, 68, 70] - 5719, [1, 2, 9, 13, 40, 41, 47, 56, 61, 68, 70] - 4830, [1, 3, 23, 31, 32, 40, 41, 47, 49, 58, 62, 70] - 4437, [1, 2, 9, 13, 14, 26, 28, 35, 36, 49, 58, 62, 70] - 4500, [1, 2, 9, 11, 20, 30, 31, 33, 41, 44, 55, 58, 62, 70] - 4918]
melhor indiv??duo da gera????o:[1, 4, 11, 21, 22, 33, 49, 58, 62, 70] - 3915
gera????o: 2: 
[[1, 3, 12, 13, 23, 25, 33, 47, 49, 58, 62, 70] - 3975, [1, 2, 3, 23, 25, 33, 40, 44, 55, 57, 70] - 4425, [1, 4, 10, 11, 21, 23, 25, 26, 33, 34, 35, 49, 55, 58, 62, 70] - 5043, [1, 3, 12, 13, 40, 41, 46, 47, 49, 55, 58, 62, 70] - 4877, [1, 4, 10, 11, 21, 31, 41, 46, 49, 58, 62, 70] - 4480, [1, 3, 9, 13, 21, 23, 31, 41, 46, 49, 55, 56, 60, 65, 67, 68, 70] - 7509, [1, 4, 10, 20, 39, 56, 63, 70] - 4104, [1, 2, 9, 21, 22, 25, 26, 31, 32, 37, 39, 44, 56, 61, 68, 70] - 5719, [1, 3, 23, 31, 32, 40, 41, 47, 49, 58, 62, 70] - 4437, [1, 2, 9, 11, 20, 30, 31, 33, 41, 44, 55, 58, 62, 70] - 4918, [1, 3, 12, 13, 23, 25, 33, 47, 49, 58, 62, 70] - 3975, [1, 2, 3, 23, 25, 33, 40, 44, 55, 57, 70] - 4425, [1, 2, 4, 11, 21, 31, 40, 41, 45, 56, 57, 70] - 4399, [1, 3, 12, 13, 23, 25, 33, 47, 49, 58, 62, 70] - 3975, [1, 4, 11, 21, 22, 33, 49, 58, 62, 70] - 3915, [1, 3, 23, 31, 32, 40, 41, 47, 49, 58, 62, 70] - 4437, [1, 2, 9, 11, 20, 30, 31, 33, 41, 44, 55, 58, 62, 70] - 4918, [1, 4, 10, 11, 21, 31, 41, 46, 49, 58, 62, 70] - 4480]
melhor indiv??duo da gera????o:[1, 4, 11, 21, 22, 33, 49, 58, 62, 70] - 3915
gera????o: 3: 
[[1, 2, 3, 23, 25, 33, 40, 44, 55, 57, 70] - 4425, [1, 3, 12, 13, 40, 41, 46, 47, 49, 55, 58, 62, 70] - 4877, [1, 3, 9, 13, 21, 23, 31, 41, 46, 49, 55, 56, 60, 65, 67, 68, 70] - 7509, [1, 2, 9, 21, 22, 25, 26, 31, 32, 37, 39, 44, 56, 61, 68, 70] - 5719, [1, 2, 9, 11, 20, 30, 31, 33, 41, 44, 55, 58, 62, 70] - 4918, [1, 2, 3, 23, 25, 33, 40, 44, 55, 57, 70] - 4425, [1, 3, 12, 13, 23, 25, 33, 47, 49, 58, 62, 70] - 3975, [1, 3, 23, 31, 32, 40, 41, 47, 49, 58, 62, 70] - 4437, [1, 4, 10, 11, 21, 31, 41, 46, 49, 58, 62, 70] - 4480, [1, 2, 3, 23, 25, 33, 40, 44, 55, 57, 70] - 4425, [1, 3, 23, 31, 32, 40, 41, 47, 49, 58, 62, 70] - 4437, [1, 3, 12, 13, 23, 25, 33, 47, 49, 58, 62, 70] - 3975, [1, 3, 23, 31, 32, 40, 41, 47, 49, 58, 62, 70] - 4437, [1, 2, 9, 11, 20, 30, 31, 33, 41, 44, 55, 58, 62, 70] - 4918, [1, 3, 12, 13, 23, 25, 33, 47, 49, 58, 62, 70] - 3975, [1, 2, 3, 23, 25, 33, 40, 44, 55, 57, 70] - 4425]
melhor indiv??duo da gera????o:[1, 3, 12, 13, 23, 25, 33, 47, 49, 58, 62, 70] - 3975
gera????o: 4: 
[[1, 3, 12, 13, 40, 41, 46, 47, 49, 55, 58, 62, 70] - 4877, [1, 2, 9, 21, 22, 25, 26, 31, 32, 37, 39, 44, 56, 61, 68, 70] - 5719, [1, 2, 3, 23, 25, 33, 40, 44, 55, 57, 70] - 4425, [1, 3, 23, 31, 32, 40, 41, 47, 49, 58, 62, 70] - 4437, [1, 2, 3, 23, 25, 33, 40, 44, 55, 57, 70] - 4425, [1, 3, 12, 13, 23, 25, 33, 47, 49, 58, 62, 70] - 3975, [1, 2, 9, 11, 20, 30, 31, 33, 41, 44, 55, 58, 62, 70] - 4918, [1, 2, 3, 23, 25, 33, 40, 44, 55, 57, 70] - 4425, [1, 3, 12, 13, 40, 41, 46, 47, 49, 55, 58, 62, 70] - 4877, [1, 2, 3, 23, 25, 33, 40, 44, 55, 57, 70] - 4425, [1, 3, 23, 31, 32, 40, 41, 47, 49, 58, 62, 70] - 4437, [1, 2, 3, 23, 25, 33, 40, 44, 55, 57, 70] - 4425, [1, 2, 3, 23, 25, 33, 40, 44, 55, 57, 70] - 4425, [1, 2, 3, 23, 25, 33, 40, 44, 55, 57, 70] - 4425, [1, 2, 3, 23, 25, 33, 40, 44, 55, 57, 70] - 4425]
melhor indiv??duo da gera????o:[1, 3, 12, 13, 23, 25, 33, 47, 49, 58, 62, 70] - 3975
gera????o: 5: 
[[1, 2, 9, 21, 22, 25, 26, 31, 32, 37, 39, 44, 56, 61, 68, 70] - 5719, [1, 3, 23, 31, 32, 40, 41, 47, 49, 58, 62, 70] - 4437, [1, 3, 12, 13, 23, 25, 33, 47, 49, 58, 62, 70] - 3975, [1, 2, 3, 23, 25, 33, 40, 44, 55, 57, 70] - 4425, [1, 2, 3, 23, 25, 33, 40, 44, 55, 57, 70] - 4425, [1, 2, 3, 23, 25, 33, 40, 44, 55, 57, 70] - 4425, [1, 2, 3, 23, 25, 33, 40, 44, 55, 57, 70] - 4425, [1, 2, 3, 23, 25, 33, 40, 44, 55, 57, 70] - 4425, [1, 3, 12, 13, 23, 25, 33, 47, 49, 58, 62, 70] - 3975, [1, 2, 3, 23, 25, 33, 40, 44, 55, 57, 70] - 4425, [1, 2, 3, 23, 25, 33, 40, 44, 55, 57, 70] - 4425, [1, 3, 12, 13, 23, 25, 33, 47, 49, 58, 62, 70] - 3975, [1, 3, 12, 13, 23, 25, 33, 47, 49, 58, 62, 70] - 3975, [1, 3, 23, 31, 32, 40, 41, 47, 49, 58, 62, 70] - 4437]
melhor indiv??duo da gera????o:[1, 3, 12, 13, 23, 25, 33, 47, 49, 58, 62, 70] - 3975
gera????o: 6: 
[[1, 3, 23, 31, 32, 40, 41, 47, 49, 58, 62, 70] - 4437, [1, 2, 3, 23, 25, 33, 40, 44, 55, 57, 70] - 4425, [1, 2, 3, 23, 25, 33, 40, 44, 55, 57, 70] - 4425, [1, 2, 3, 23, 25, 33, 40, 44, 55, 57, 70] - 4425, [1, 2, 3, 23, 25, 33, 40, 44, 55, 57, 70] - 4425, [1, 3, 12, 13, 23, 25, 33, 47, 49, 58, 62, 70] - 3975, [1, 3, 23, 31, 32, 40, 41, 47, 49, 58, 62, 70] - 4437, [1, 3, 12, 13, 23, 25, 33, 47, 49, 58, 62, 70] - 3975, [1, 3, 12, 13, 23, 25, 33, 47, 49, 58, 62, 70] - 3975, [1, 3, 23, 31, 32, 40, 41, 47, 49, 58, 62, 70] - 4437, [1, 2, 3, 23, 25, 33, 40, 44, 55, 57, 70] - 4425, [1, 2, 3, 23, 25, 33, 40, 44, 55, 57, 70] - 4425, [1, 3, 12, 13, 23, 25, 33, 47, 49, 58, 62, 70] - 3975]
melhor indiv??duo da gera????o:[1, 3, 12, 13, 23, 25, 33, 47, 49, 58, 62, 70] - 3975
gera????o: 7: 
[[1, 2, 3, 23, 25, 33, 40, 44, 55, 57, 70] - 4425, [1, 2, 3, 23, 25, 33, 40, 44, 55, 57, 70] - 4425, [1, 3, 12, 13, 23, 25, 33, 47, 49, 58, 62, 70] - 3975, [1, 3, 12, 13, 23, 25, 33, 47, 49, 58, 62, 70] - 3975, [1, 3, 23, 31, 32, 40, 41, 47, 49, 58, 62, 70] - 4437, [1, 2, 3, 23, 25, 33, 40, 44, 55, 57, 70] - 4425, [1, 2, 3, 23, 25, 33, 40, 44, 55, 57, 70] - 4425, [1, 3, 23, 31, 32, 40, 41, 47, 49, 58, 62, 70] - 4437, [1, 3, 12, 13, 23, 25, 33, 47, 49, 58, 62, 70] - 3975, [1, 2, 3, 23, 25, 33, 40, 44, 55, 57, 70] - 4425, [1, 3, 12, 13, 23, 25, 33, 47, 49, 58, 62, 70] - 3975, [1, 2, 3, 23, 25, 33, 40, 44, 55, 57, 70] - 4425]
melhor indiv??duo da gera????o:[1, 3, 12, 13, 23, 25, 33, 47, 49, 58, 62, 70] - 3975
gera????o: 8: 
[[1, 2, 3, 23, 25, 33, 40, 44, 55, 57, 70] - 4425, [1, 3, 12, 13, 23, 25, 33, 47, 49, 58, 62, 70] - 3975, [1, 2, 3, 23, 25, 33, 40, 44, 55, 57, 70] - 4425, [1, 3, 23, 31, 32, 40, 41, 47, 49, 58, 62, 70] - 4437, [1, 2, 3, 23, 25, 33, 40, 44, 55, 57, 70] - 4425, [1, 2, 3, 23, 25, 33, 40, 44, 55, 57, 70] - 4425, [1, 3, 12, 13, 23, 25, 33, 47, 49, 58, 62, 70] - 3975, [1, 3, 12, 13, 23, 25, 33, 47, 49, 58, 62, 70] - 3975, [1, 3, 23, 31, 32, 40, 41, 47, 49, 58, 62, 70] - 4437, [1, 3, 12, 13, 23, 25, 33, 47, 49, 58, 62, 70] - 3975, [1, 3, 12, 13, 23, 25, 33, 47, 49, 58, 62, 70] - 3975]
melhor indiv??duo da gera????o:[1, 3, 12, 13, 23, 25, 33, 47, 49, 58, 62, 70] - 3975
gera????o: 9: 
[[1, 3, 12, 13, 23, 25, 33, 47, 49, 58, 62, 70] - 3975, [1, 3, 23, 31, 32, 40, 41, 47, 49, 58, 62, 70] - 4437, [1, 2, 3, 23, 25, 33, 40, 44, 55, 57, 70] - 4425, [1, 3, 12, 13, 23, 25, 33, 47, 49, 58, 62, 70] - 3975, [1, 3, 12, 13, 23, 25, 33, 47, 49, 58, 62, 70] - 3975, [1, 3, 23, 31, 32, 40, 41, 47, 49, 58, 62, 70] - 4437, [1, 3, 12, 13, 23, 25, 33, 47, 49, 58, 62, 70] - 3975, [1, 2, 3, 23, 25, 33, 40, 44, 55, 57, 70] - 4425, [1, 3, 12, 13, 23, 25, 33, 47, 49, 58, 62, 70] - 3975, [1, 3, 12, 13, 23, 25, 33, 47, 49, 58, 62, 70] - 3975]
melhor indiv??duo da gera????o:[1, 3, 12, 13, 23, 25, 33, 47, 49, 58, 62, 70] - 3975
gera????o: 10: 
[[1, 3, 23, 31, 32, 40, 41, 47, 49, 58, 62, 70] - 4437, [1, 3, 12, 13, 23, 25, 33, 47, 49, 58, 62, 70] - 3975, [1, 3, 23, 31, 32, 40, 41, 47, 49, 58, 62, 70] - 4437, [1, 2, 3, 23, 25, 33, 40, 44, 55, 57, 70] - 4425, [1, 3, 12, 13, 23, 25, 33, 47, 49, 58, 62, 70] - 3975, [1, 3, 12, 13, 23, 25, 33, 47, 49, 58, 62, 70] - 3975, [1, 2, 3, 23, 25, 33, 40, 44, 55, 57, 70] - 4425, [1, 2, 3, 23, 25, 33, 40, 44, 55, 57, 70] - 4425, [1, 3, 12, 13, 23, 25, 33, 47, 49, 58, 62, 70] - 3975]
melhor indiv??duo da gera????o:[1, 3, 12, 13, 23, 25, 33, 47, 49, 58, 62, 70] - 3975
melhor valor ?? da gera????o 8!!!!
______________________________________________________________________________________________________________________________
