geração: 1: 
[[1, 2, 5, 10, 14, 13, 19, 20] - 35, [1, 3, 8, 10, 12, 19, 20] - 43, [1, 3, 6, 7, 8, 9, 16, 10, 12, 19, 20] - 62, [1, 6, 8, 3, 5, 2, 4, 10, 12, 16, 17, 19, 20] - 71, [1, 3, 6, 8, 9, 12, 19, 20] - 38, [1, 2, 3, 5, 10, 13, 19, 20] - 38, [1, 6, 7, 8, 3, 5, 2, 4, 11, 14, 15, 20] - 55, [1, 3, 5, 8, 10, 14, 15, 20] - 38, [1, 2, 5, 10, 14, 13, 15, 20] - 35, [1, 3, 5, 8, 10, 13, 15, 20] - 42, [1, 3, 5, 10, 12, 16, 17, 19, 20] - 54, [1, 2, 3, 8, 9, 10, 13, 14, 15, 20] - 53, [1, 6, 7, 9, 10, 12, 5, 2, 4, 11, 14, 15, 20] - 81, [1, 3, 6, 7, 9, 13, 14, 10, 12, 19, 20] - 73, [1, 2, 3, 8, 9, 10, 12, 19, 20] - 50, [1, 2, 3, 6, 7, 9, 16, 17, 19, 20] - 57, [1, 3, 5, 10, 13, 9, 12, 16, 17, 18, 19, 20] - 82, [1, 3, 6, 7, 8, 9, 12, 5, 10, 13, 19, 20] - 65, [1, 6, 7, 9, 10, 14, 15, 20] - 42, [1, 2, 3, 6, 8, 10, 14, 13, 19, 20] - 49, [1, 2, 4, 10, 13, 9, 16, 12, 19, 20] - 69, [1, 6, 8, 10, 14, 15, 20] - 35, [1, 3, 6, 8, 9, 16, 17, 18, 12, 5, 10, 13, 15, 20] - 83, [1, 6, 8, 10, 12, 19, 20] - 46, [1, 2, 5, 10, 12, 13, 14, 15, 20] - 48, [1, 3, 5, 2, 4, 10, 13, 19, 20] - 41, [1, 3, 6, 8, 9, 10, 12, 16, 17, 19, 20] - 65, [1, 3, 8, 10, 14, 13, 9, 16, 12, 19, 20] - 72, [1, 3, 6, 7, 9, 16, 12, 5, 8, 10, 13, 19, 20] - 78, [1, 2, 3, 5, 8, 9, 12, 16, 10, 14, 13, 19, 20] - 61, [1, 6, 7, 8, 3, 5, 10, 12, 16, 17, 19, 20] - 69, [1, 3, 8, 10, 12, 13, 19, 20] - 41, [1, 3, 8, 9, 16, 10, 13, 15, 20] - 43, [1, 2, 3, 6, 7, 9, 12, 5, 10, 13, 19, 20] - 69, [1, 2, 3, 8, 9, 13, 15, 20] - 38, [1, 6, 7, 9, 10, 14, 13, 15, 20] - 48, [1, 6, 8, 3, 5, 12, 13, 14, 10] - 46, [1, 3, 5, 10, 12, 13, 15, 20] - 38, [1, 6, 8, 3, 5, 10, 13, 15, 20] - 42, [1, 6, 7, 8, 10, 12, 16, 17, 18, 19, 20] - 72, [1, 3, 6, 7, 8, 9, 16, 17, 18, 19, 20] - 59, [1, 6, 7, 9, 12, 19, 20] - 40, [1, 2, 3, 5, 10, 13, 14, 15, 20] - 48, [1, 6, 8, 3, 5, 2, 4, 10, 12, 19, 20] - 57, [1, 3, 6, 8, 9, 13, 15, 20] - 39, [1, 6, 7, 9, 13, 15, 20] - 41, [1, 6, 7, 9, 12, 13, 19, 20] - 38, [1, 2, 4, 5, 10, 13, 14, 15, 20] - 54, [1, 6, 7, 9, 12, 16, 10, 13, 15, 20] - 56, [1, 2, 5, 12, 16, 10, 14, 13, 15, 20] - 50, [1, 2, 3, 6, 7, 9, 10, 14, 13, 19, 20] - 56, [1, 2, 5, 12, 13, 19, 20] - 30, [1, 2, 3, 5, 10, 12, 19, 20] - 45, [1, 2, 3, 5, 12, 13, 14, 15, 20] - 45, [1, 6, 8, 3, 5, 2, 4, 10, 13, 9, 12, 16, 17, 19, 20] - 93, [1, 2, 4, 10, 13, 14, 15, 20] - 45, [1, 2, 4, 10, 14, 13, 19, 20] - 37, [1, 3, 6, 7, 8, 10, 13, 15, 20] - 48, [1, 3, 5, 12, 16, 17, 19, 20] - 46, [1, 3, 8, 9, 13, 14, 15, 20] - 43]
melhor indivíduo da geração:[1, 2, 5, 12, 13, 19, 20] - 30
geração: 2: 
[[1, 2, 5, 10, 14, 13, 19, 20] - 35, [1, 3, 8, 10, 12, 19, 20] - 43, [1, 3, 6, 8, 9, 12, 19, 20] - 38, [1, 2, 3, 5, 10, 13, 19, 20] - 38, [1, 3, 5, 8, 10, 14, 15, 20] - 38, [1, 2, 5, 10, 14, 13, 15, 20] - 35, [1, 3, 5, 8, 10, 13, 15, 20] - 42, [1, 2, 3, 8, 9, 10, 13, 14, 15, 20] - 53, [1, 2, 3, 8, 9, 10, 12, 19, 20] - 50, [1, 6, 7, 9, 10, 14, 15, 20] - 42, [1, 2, 3, 6, 8, 10, 14, 13, 19, 20] - 49, [1, 6, 8, 10, 14, 15, 20] - 35, [1, 6, 8, 10, 12, 19, 20] - 46, [1, 2, 5, 10, 12, 13, 14, 15, 20] - 48, [1, 3, 5, 2, 4, 10, 13, 19, 20] - 41, [1, 3, 8, 10, 12, 13, 19, 20] - 41, [1, 3, 8, 9, 16, 10, 13, 15, 20] - 43, [1, 2, 3, 8, 9, 13, 15, 20] - 38, [1, 6, 7, 9, 10, 14, 13, 15, 20] - 48, [1, 6, 8, 3, 5, 12, 13, 14, 10] - 46, [1, 3, 5, 10, 12, 13, 15, 20] - 38, [1, 6, 8, 3, 5, 10, 13, 15, 20] - 42, [1, 6, 7, 9, 12, 19, 20] - 40, [1, 2, 3, 5, 10, 13, 14, 15, 20] - 48, [1, 3, 6, 8, 9, 13, 15, 20] - 39, [1, 6, 7, 9, 13, 15, 20] - 41, [1, 6, 7, 9, 12, 13, 19, 20] - 38, [1, 2, 5, 12, 16, 10, 14, 13, 15, 20] - 50, [1, 2, 5, 12, 13, 19, 20] - 30, [1, 2, 3, 5, 10, 12, 19, 20] - 45, [1, 2, 3, 5, 12, 13, 14, 15, 20] - 45, [1, 2, 4, 10, 13, 14, 15, 20] - 45, [1, 2, 4, 10, 14, 13, 19, 20] - 37, [1, 3, 6, 7, 8, 10, 13, 15, 20] - 48, [1, 3, 5, 12, 16, 17, 19, 20] - 46, [1, 3, 8, 9, 13, 14, 15, 20] - 43, [1, 3, 6, 7, 9, 10, 13, 15, 20] - 49, [1, 3, 6, 8, 10, 13, 19, 20] - 42]
melhor indivíduo da geração:[1, 2, 5, 12, 13, 19, 20] - 30
geração: 3: 
[[1, 2, 5, 10, 14, 13, 19, 20] - 35, [1, 3, 6, 8, 9, 12, 19, 20] - 38, [1, 2, 3, 5, 10, 13, 19, 20] - 38, [1, 3, 5, 8, 10, 14, 15, 20] - 38, [1, 2, 5, 10, 14, 13, 15, 20] - 35, [1, 3, 5, 8, 10, 13, 15, 20] - 42, [1, 6, 7, 9, 10, 14, 15, 20] - 42, [1, 6, 8, 10, 14, 15, 20] - 35, [1, 3, 5, 2, 4, 10, 13, 19, 20] - 41, [1, 3, 8, 10, 12, 13, 19, 20] - 41, [1, 2, 3, 8, 9, 13, 15, 20] - 38, [1, 3, 5, 10, 12, 13, 15, 20] - 38, [1, 6, 8, 3, 5, 10, 13, 15, 20] - 42, [1, 6, 7, 9, 12, 19, 20] - 40, [1, 3, 6, 8, 9, 13, 15, 20] - 39, [1, 6, 7, 9, 13, 15, 20] - 41, [1, 6, 7, 9, 12, 13, 19, 20] - 38, [1, 2, 5, 12, 13, 19, 20] - 30, [1, 2, 4, 10, 14, 13, 19, 20] - 37, [1, 3, 6, 8, 10, 13, 19, 20] - 42, [1, 2, 4, 10, 13, 19, 20] - 35, [1, 2, 5, 12, 19, 20] - 32, [1, 3, 6, 8, 10, 14, 15, 20] - 38]
melhor indivíduo da geração:[1, 2, 5, 12, 13, 19, 20] - 30
______________________________________________________________________________________________________________________________
