gera????o: 1: 
[[1, 2, 3, 5, 6, 26, 33, 34, 35, 36, 49, 58, 62, 70] - 4881, [1, 4, 10, 11, 20, 32, 37, 39, 50, 53, 61, 63, 70] - 4889, [1, 2, 9, 13, 40, 41, 45, 56, 63, 70] - 3808, [1, 3, 13, 40, 44, 45, 56, 60, 64, 65, 68, 70] - 5544, [1, 4, 11, 21, 23, 25, 33, 49, 58, 62, 70] - 3949, [1, 3, 12, 14, 22, 23, 33, 46, 49, 58, 62, 70] - 4107, [1, 4, 11, 21, 22, 23, 25, 26, 33, 46, 49, 55, 56, 61, 65, 66, 67, 68, 70] - 7273, [1, 2, 4, 11, 20, 39, 50, 53, 60, 65, 68, 70] - 5309, [1, 2, 4, 11, 20, 32, 37, 42, 43, 52, 53, 60, 64, 66, 67, 69, 70] - 6740, [1, 2, 3, 23, 31, 41, 47, 49, 55, 56, 60, 65, 68, 70] - 6348, [1, 2, 3, 13, 31, 32, 39, 42, 52, 60, 61, 63, 70] - 4884, [1, 2, 4, 10, 20, 37, 39, 53, 61, 63, 70] - 4279, [1, 2, 3, 23, 33, 34, 41, 46, 47, 49, 58, 62, 70] - 5197, [1, 2, 3, 13, 22, 25, 33, 40, 41, 45, 57, 70] - 4296, [1, 2, 9, 21, 23, 31, 41, 45, 47, 56, 61, 63, 70] - 4673, [1, 4, 11, 21, 23, 33, 41, 46, 49, 58, 62, 70] - 4541, [1, 3, 9, 21, 31, 32, 37, 39, 44, 50, 53, 61, 65, 67, 69, 70] - 6213, [1, 3, 12, 22, 23, 25, 33, 34, 41, 47, 56, 60, 65, 68, 70] - 6370, [1, 2, 4, 10, 11, 21, 23, 33, 39, 44, 53, 61, 63, 70] - 5304, [1, 3, 12, 13, 31, 32, 39, 53, 61, 68, 70] - 4544]
melhor indiv??duo da gera????o:[1, 2, 9, 13, 40, 41, 45, 56, 63, 70] - 3808
gera????o: 2: 
[[1, 4, 10, 11, 20, 32, 37, 39, 50, 53, 61, 63, 70] - 4889, [1, 2, 9, 13, 40, 41, 45, 56, 63, 70] - 3808, [1, 4, 11, 21, 23, 25, 33, 49, 58, 62, 70] - 3949, [1, 4, 11, 21, 22, 23, 25, 26, 33, 46, 49, 55, 56, 61, 65, 66, 67, 68, 70] - 7273, [1, 2, 4, 11, 20, 32, 37, 42, 43, 52, 53, 60, 64, 66, 67, 69, 70] - 6740, [1, 2, 3, 13, 31, 32, 39, 42, 52, 60, 61, 63, 70] - 4884, [1, 2, 3, 23, 33, 34, 41, 46, 47, 49, 58, 62, 70] - 5197, [1, 2, 9, 21, 23, 31, 41, 45, 47, 56, 61, 63, 70] - 4673, [1, 3, 9, 21, 31, 32, 37, 39, 44, 50, 53, 61, 65, 67, 69, 70] - 6213, [1, 2, 4, 10, 11, 21, 23, 33, 39, 44, 53, 61, 63, 70] - 5304, [1, 3, 12, 13, 31, 32, 39, 53, 61, 68, 70] - 4544, [1, 2, 4, 10, 20, 37, 39, 53, 61, 63, 70] - 4279, [1, 2, 4, 10, 20, 37, 39, 53, 61, 63, 70] - 4279, [1, 2, 9, 13, 40, 41, 45, 56, 63, 70] - 3808, [1, 2, 4, 10, 11, 21, 23, 33, 39, 44, 53, 61, 63, 70] - 5304, [1, 4, 11, 21, 23, 25, 33, 49, 58, 62, 70] - 3949, [1, 2, 3, 13, 22, 25, 33, 40, 41, 45, 57, 70] - 4296, [1, 2, 4, 10, 20, 37, 39, 53, 61, 63, 70] - 4279, [1, 4, 11, 21, 23, 25, 33, 49, 58, 62, 70] - 3949]
melhor indiv??duo da gera????o:[1, 2, 9, 13, 40, 41, 45, 56, 63, 70] - 3808
gera????o: 3: 
[[1, 2, 9, 13, 40, 41, 45, 56, 63, 70] - 3808, [1, 4, 11, 21, 22, 23, 25, 26, 33, 46, 49, 55, 56, 61, 65, 66, 67, 68, 70] - 7273, [1, 2, 3, 13, 31, 32, 39, 42, 52, 60, 61, 63, 70] - 4884, [1, 2, 9, 21, 23, 31, 41, 45, 47, 56, 61, 63, 70] - 4673, [1, 2, 4, 10, 11, 21, 23, 33, 39, 44, 53, 61, 63, 70] - 5304, [1, 2, 4, 10, 20, 37, 39, 53, 61, 63, 70] - 4279, [1, 2, 9, 13, 40, 41, 45, 56, 63, 70] - 3808, [1, 4, 11, 21, 23, 25, 33, 49, 58, 62, 70] - 3949, [1, 2, 4, 10, 20, 37, 39, 53, 61, 63, 70] - 4279, [1, 4, 11, 21, 23, 25, 33, 49, 58, 62, 70] - 3949, [1, 2, 9, 13, 40, 41, 45, 56, 63, 70] - 3808, [1, 2, 9, 13, 40, 41, 45, 56, 63, 70] - 3808, [1, 2, 9, 13, 40, 41, 45, 56, 63, 70] - 3808, [1, 2, 4, 10, 20, 37, 39, 53, 61, 63, 70] - 4279, [1, 4, 10, 11, 20, 32, 37, 39, 50, 53, 61, 63, 70] - 4889, [1, 3, 12, 13, 31, 32, 39, 53, 61, 68, 70] - 4544, [1, 2, 9, 13, 40, 41, 45, 56, 63, 70] - 3808, [1, 2, 4, 10, 20, 37, 39, 53, 61, 63, 70] - 4279]
melhor indiv??duo da gera????o:[1, 2, 9, 13, 40, 41, 45, 56, 63, 70] - 3808
gera????o: 4: 
[[1, 4, 11, 21, 22, 23, 25, 26, 33, 46, 49, 55, 56, 61, 65, 66, 67, 68, 70] - 7273, [1, 2, 9, 21, 23, 31, 41, 45, 47, 56, 61, 63, 70] - 4673, [1, 2, 4, 10, 20, 37, 39, 53, 61, 63, 70] - 4279, [1, 4, 11, 21, 23, 25, 33, 49, 58, 62, 70] - 3949, [1, 4, 11, 21, 23, 25, 33, 49, 58, 62, 70] - 3949, [1, 2, 9, 13, 40, 41, 45, 56, 63, 70] - 3808, [1, 2, 4, 10, 20, 37, 39, 53, 61, 63, 70] - 4279, [1, 3, 12, 13, 31, 32, 39, 53, 61, 68, 70] - 4544, [1, 2, 4, 10, 20, 37, 39, 53, 61, 63, 70] - 4279, [1, 2, 4, 10, 20, 37, 39, 53, 61, 63, 70] - 4279, [1, 2, 9, 13, 40, 41, 45, 56, 63, 70] - 3808, [1, 2, 9, 13, 40, 41, 45, 56, 63, 70] - 3808, [1, 2, 9, 13, 40, 41, 45, 56, 63, 70] - 3808, [1, 2, 9, 13, 40, 41, 45, 56, 63, 70] - 3808, [1, 2, 9, 13, 40, 41, 45, 56, 63, 70] - 3808, [1, 2, 9, 13, 40, 41, 45, 56, 63, 70] - 3808]
melhor indiv??duo da gera????o:[1, 2, 9, 13, 40, 41, 45, 56, 63, 70] - 3808
gera????o: 5: 
[[1, 2, 9, 21, 23, 31, 41, 45, 47, 56, 61, 63, 70] - 4673, [1, 4, 11, 21, 23, 25, 33, 49, 58, 62, 70] - 3949, [1, 2, 9, 13, 40, 41, 45, 56, 63, 70] - 3808, [1, 3, 12, 13, 31, 32, 39, 53, 61, 68, 70] - 4544, [1, 2, 4, 10, 20, 37, 39, 53, 61, 63, 70] - 4279, [1, 2, 9, 13, 40, 41, 45, 56, 63, 70] - 3808, [1, 2, 9, 13, 40, 41, 45, 56, 63, 70] - 3808, [1, 2, 9, 13, 40, 41, 45, 56, 63, 70] - 3808, [1, 2, 9, 13, 40, 41, 45, 56, 63, 70] - 3808, [1, 2, 9, 13, 40, 41, 45, 56, 63, 70] - 3808, [1, 2, 9, 13, 40, 41, 45, 56, 63, 70] - 3808, [1, 4, 11, 21, 23, 25, 33, 49, 58, 62, 70] - 3949, [1, 2, 9, 13, 40, 41, 45, 56, 63, 70] - 3808, [1, 2, 9, 13, 40, 41, 45, 56, 63, 70] - 3808]
melhor indiv??duo da gera????o:[1, 2, 9, 13, 40, 41, 45, 56, 63, 70] - 3808
gera????o: 6: 
[[1, 4, 11, 21, 23, 25, 33, 49, 58, 62, 70] - 3949, [1, 3, 12, 13, 31, 32, 39, 53, 61, 68, 70] - 4544, [1, 2, 9, 13, 40, 41, 45, 56, 63, 70] - 3808, [1, 2, 9, 13, 40, 41, 45, 56, 63, 70] - 3808, [1, 2, 9, 13, 40, 41, 45, 56, 63, 70] - 3808, [1, 4, 11, 21, 23, 25, 33, 49, 58, 62, 70] - 3949, [1, 2, 9, 13, 40, 41, 45, 56, 63, 70] - 3808, [1, 2, 9, 13, 40, 41, 45, 56, 63, 70] - 3808, [1, 2, 9, 13, 40, 41, 45, 56, 63, 70] - 3808, [1, 2, 9, 13, 40, 41, 45, 56, 63, 70] - 3808, [1, 2, 9, 13, 40, 41, 45, 56, 63, 70] - 3808, [1, 2, 9, 13, 40, 41, 45, 56, 63, 70] - 3808]
melhor indiv??duo da gera????o:[1, 2, 9, 13, 40, 41, 45, 56, 63, 70] - 3808
______________________________________________________________________________________________________________________________
