gera????o: 1: 
[[1, 3, 9, 21, 22, 23, 33, 39, 56, 63, 70] - 4744, [1, 2, 3, 9, 13, 23, 31, 41, 44, 53, 60, 61, 65, 66, 67, 69, 70] - 6932, [1, 4, 11, 21, 23, 33, 41, 46, 47, 49, 58, 62, 70] - 4801, [1, 3, 23, 33, 40, 41, 44, 45, 56, 63, 70] - 4386, [1, 3, 13, 22, 23, 31, 33, 49, 58, 62, 70] - 3897, [1, 3, 23, 31, 41, 46, 49, 55, 58, 62, 70] - 4663, [1, 4, 11, 21, 31, 41, 46, 47, 55, 56, 57, 70] - 5228, [1, 2, 9, 13, 23, 31, 32, 40, 41, 46, 47, 56, 60, 61, 63, 70] - 6136, [1, 2, 9, 13, 23, 33, 47, 55, 56, 60, 65, 67, 69, 70] - 5922, [1, 2, 3, 9, 21, 31, 32, 39, 40, 41, 45, 56, 61, 65, 66, 67, 69, 70] - 6259, [1, 4, 11, 20, 32, 37, 42, 52, 53, 61, 63, 70] - 5090, [1, 2, 3, 5, 6, 17, 24, 34, 41, 46, 49, 58, 62, 70] - 4917, [1, 2, 9, 13, 23, 31, 33, 41, 46, 47, 55, 57, 70] - 4485, [1, 2, 9, 21, 22, 33, 49, 58, 62, 70] - 3656, [1, 3, 5, 6, 22, 25, 33, 49, 55, 57, 70] - 3674, [1, 2, 9, 13, 22, 25, 26, 31, 32, 39, 50, 53, 54, 56, 61, 68, 70] - 5410, [1, 4, 11, 20, 32, 40, 41, 46, 47, 49, 55, 57, 70] - 5351, [1, 2, 9, 13, 40, 44, 45, 47, 49, 58, 62, 70] - 4196, [1, 4, 11, 21, 22, 33, 34, 35, 49, 55, 58, 62, 70] - 4828, [1, 4, 11, 21, 22, 23, 31, 32, 40, 44, 50, 53, 54, 56, 63, 70] - 4826]
melhor indiv??duo da gera????o:[1, 2, 9, 21, 22, 33, 49, 58, 62, 70] - 3656
gera????o: 2: 
[[1, 2, 9, 21, 22, 33, 49, 58, 62, 70] - 3656, [1, 2, 9, 21, 22, 33, 49, 58, 62, 70] - 3656, [1, 3, 5, 6, 22, 25, 33, 49, 55, 57, 70] - 3674, [1, 3, 5, 6, 22, 25, 33, 49, 55, 57, 70] - 3674, [1, 4, 11, 21, 23, 33, 49, 58, 62, 70] - 3787, [1, 3, 13, 22, 23, 31, 33, 49, 58, 62, 70] - 3897, [1, 4, 11, 21, 22, 33, 47, 55, 58, 62, 70] - 4029, [1, 3, 23, 33, 40, 41, 44, 45, 56, 63, 70] - 4386, [1, 3, 23, 31, 41, 46, 49, 55, 58, 62, 70] - 4663, [1, 3, 23, 31, 41, 46, 49, 55, 58, 62, 70] - 4663, [1, 3, 9, 21, 22, 23, 33, 39, 56, 63, 70] - 4744, [1, 3, 9, 21, 22, 23, 33, 39, 56, 63, 70] - 4744, [1, 4, 11, 21, 23, 33, 41, 46, 47, 49, 58, 62, 70] - 4801, [1, 4, 11, 21, 22, 23, 31, 32, 40, 44, 50, 53, 54, 56, 63, 70] - 4826, [1, 4, 11, 21, 22, 33, 34, 35, 49, 55, 58, 62, 70] - 4828, [1, 4, 11, 21, 22, 33, 34, 35, 49, 55, 58, 62, 70] - 4828, [1, 2, 3, 5, 6, 17, 24, 34, 41, 46, 49, 58, 62, 70] - 4917, [1, 2, 3, 5, 6, 17, 24, 34, 41, 46, 49, 58, 62, 70] - 4917, [1, 4, 11, 20, 32, 37, 42, 52, 53, 61, 63, 70] - 5090, [1, 2, 3, 5, 6, 17, 24, 34, 41, 46, 47, 49, 58, 62, 70] - 5177, [1, 4, 11, 21, 31, 41, 46, 47, 55, 56, 57, 70] - 5228, [1, 4, 11, 20, 32, 40, 41, 46, 47, 49, 55, 57, 70] - 5351, [1, 2, 9, 13, 23, 33, 47, 55, 56, 60, 65, 67, 69, 70] - 5922, [1, 2, 9, 13, 23, 33, 47, 55, 56, 60, 65, 67, 69, 70] - 5922, [1, 2, 3, 9, 21, 31, 32, 39, 40, 41, 45, 56, 61, 65, 66, 67, 69, 70] - 6259, [1, 2, 3, 9, 13, 23, 31, 41, 44, 53, 60, 61, 65, 66, 67, 69, 70] - 6932]
melhor indiv??duo da gera????o:[1, 2, 9, 21, 22, 33, 49, 58, 62, 70] - 3656
gera????o: 3: 
[[1, 2, 9, 21, 22, 33, 49, 58, 62, 70] - 3656, [1, 2, 9, 21, 22, 33, 49, 58, 62, 70] - 3656, [1, 3, 5, 6, 22, 25, 33, 49, 55, 57, 70] - 3674, [1, 3, 5, 6, 22, 25, 33, 49, 55, 57, 70] - 3674, [1, 3, 5, 6, 22, 25, 33, 49, 55, 57, 70] - 3674, [1, 3, 5, 6, 22, 25, 33, 49, 55, 57, 70] - 3674, [1, 4, 11, 21, 23, 33, 49, 58, 62, 70] - 3787, [1, 4, 11, 21, 23, 33, 49, 58, 62, 70] - 3787, [1, 4, 11, 21, 23, 33, 49, 58, 62, 70] - 3787, [1, 4, 11, 21, 22, 33, 47, 55, 58, 62, 70] - 4029, [1, 3, 23, 31, 41, 46, 49, 55, 58, 62, 70] - 4663, [1, 3, 23, 31, 41, 46, 49, 55, 58, 62, 70] - 4663, [1, 3, 9, 21, 22, 23, 33, 39, 56, 63, 70] - 4744, [1, 4, 11, 21, 22, 23, 31, 32, 40, 44, 50, 53, 54, 56, 63, 70] - 4826, [1, 4, 11, 21, 22, 33, 34, 35, 49, 55, 58, 62, 70] - 4828, [1, 4, 11, 21, 22, 33, 34, 35, 49, 55, 58, 62, 70] - 4828, [1, 2, 3, 5, 6, 17, 24, 34, 41, 46, 49, 58, 62, 70] - 4917, [1, 2, 3, 5, 6, 17, 24, 34, 41, 46, 47, 49, 58, 62, 70] - 5177, [1, 2, 3, 5, 6, 17, 24, 34, 41, 46, 47, 49, 58, 62, 70] - 5177, [1, 4, 11, 20, 32, 40, 41, 46, 47, 49, 55, 57, 70] - 5351, [1, 4, 11, 20, 32, 40, 41, 46, 47, 49, 55, 57, 70] - 5351, [1, 4, 11, 20, 32, 40, 41, 46, 47, 49, 55, 57, 70] - 5351, [1, 2, 9, 13, 23, 33, 47, 55, 56, 60, 65, 67, 69, 70] - 5922, [1, 2, 3, 9, 21, 31, 32, 39, 40, 41, 45, 56, 61, 65, 66, 67, 69, 70] - 6259]
melhor indiv??duo da gera????o:[1, 2, 9, 21, 22, 33, 49, 58, 62, 70] - 3656
gera????o: 4: 
[[1, 2, 9, 21, 22, 33, 49, 58, 62, 70] - 3656, [1, 3, 5, 6, 22, 25, 33, 49, 55, 57, 70] - 3674, [1, 3, 5, 6, 22, 25, 33, 49, 55, 57, 70] - 3674, [1, 3, 5, 6, 22, 25, 33, 49, 55, 57, 70] - 3674, [1, 3, 5, 6, 22, 25, 33, 49, 55, 57, 70] - 3674, [1, 3, 5, 6, 22, 25, 33, 49, 55, 57, 70] - 3674, [1, 4, 11, 21, 23, 33, 49, 58, 62, 70] - 3787, [1, 4, 11, 21, 23, 33, 49, 58, 62, 70] - 3787, [1, 4, 11, 21, 23, 33, 49, 58, 62, 70] - 3787, [1, 4, 11, 21, 23, 33, 49, 58, 62, 70] - 3787, [1, 4, 11, 21, 22, 33, 47, 55, 58, 62, 70] - 4029, [1, 3, 23, 31, 41, 46, 49, 55, 58, 62, 70] - 4663, [1, 4, 11, 21, 22, 23, 31, 32, 40, 44, 50, 53, 54, 56, 63, 70] - 4826, [1, 4, 11, 21, 22, 33, 34, 35, 49, 55, 58, 62, 70] - 4828, [1, 2, 3, 5, 6, 17, 24, 34, 41, 46, 47, 49, 58, 62, 70] - 5177, [1, 4, 11, 20, 32, 40, 41, 46, 47, 49, 55, 57, 70] - 5351, [1, 4, 11, 20, 32, 40, 41, 46, 47, 49, 55, 57, 70] - 5351, [1, 2, 3, 9, 21, 31, 32, 39, 40, 41, 45, 56, 61, 65, 66, 67, 69, 70] - 6259]
melhor indiv??duo da gera????o:[1, 2, 9, 21, 22, 33, 49, 58, 62, 70] - 3656
gera????o: 5: 
[[1, 3, 5, 6, 22, 33, 49, 55, 57, 70] - 3653, [1, 2, 9, 21, 22, 33, 49, 58, 62, 70] - 3656, [1, 2, 9, 21, 22, 33, 49, 58, 62, 70] - 3656, [1, 3, 5, 6, 22, 25, 33, 49, 55, 57, 70] - 3674, [1, 3, 5, 6, 22, 25, 33, 49, 55, 57, 70] - 3674, [1, 3, 5, 6, 22, 25, 33, 49, 55, 57, 70] - 3674, [1, 3, 5, 6, 22, 25, 33, 49, 55, 57, 70] - 3674, [1, 3, 5, 6, 22, 25, 33, 49, 55, 57, 70] - 3674, [1, 3, 5, 6, 22, 25, 33, 49, 55, 57, 70] - 3674, [1, 4, 11, 21, 23, 33, 49, 58, 62, 70] - 3787, [1, 4, 11, 21, 23, 33, 49, 58, 62, 70] - 3787, [1, 4, 11, 21, 23, 33, 49, 58, 62, 70] - 3787, [1, 4, 11, 21, 23, 33, 49, 58, 62, 70] - 3787, [1, 4, 11, 21, 23, 33, 49, 58, 62, 70] - 3787, [1, 3, 23, 31, 41, 46, 49, 55, 58, 62, 70] - 4663, [1, 4, 11, 21, 22, 33, 34, 35, 49, 55, 58, 62, 70] - 4828, [1, 4, 11, 20, 32, 40, 41, 46, 47, 49, 55, 57, 70] - 5351, [1, 2, 3, 9, 21, 31, 32, 39, 40, 41, 45, 56, 61, 65, 66, 67, 69, 70] - 6259]
melhor indiv??duo da gera????o:[1, 3, 5, 6, 22, 33, 49, 55, 57, 70] - 3653
gera????o: 6: 
[[1, 3, 5, 6, 22, 33, 49, 55, 57, 70] - 3653, [1, 3, 5, 6, 22, 33, 49, 55, 57, 70] - 3653, [1, 2, 9, 21, 22, 33, 49, 58, 62, 70] - 3656, [1, 2, 9, 21, 22, 33, 49, 58, 62, 70] - 3656, [1, 2, 9, 21, 22, 33, 49, 58, 62, 70] - 3656, [1, 2, 9, 21, 22, 33, 49, 58, 62, 70] - 3656, [1, 2, 9, 21, 22, 33, 49, 58, 62, 70] - 3656, [1, 3, 5, 6, 22, 25, 33, 49, 55, 57, 70] - 3674, [1, 3, 5, 6, 22, 25, 33, 49, 55, 57, 70] - 3674, [1, 3, 5, 6, 22, 25, 33, 49, 55, 57, 70] - 3674, [1, 3, 5, 6, 22, 25, 33, 49, 55, 57, 70] - 3674, [1, 4, 11, 21, 23, 33, 49, 58, 62, 70] - 3787, [1, 4, 11, 21, 23, 33, 49, 58, 62, 70] - 3787, [1, 4, 11, 21, 23, 33, 49, 58, 62, 70] - 3787, [1, 4, 11, 21, 22, 33, 49, 55, 58, 62, 70] - 4141, [1, 3, 23, 31, 41, 46, 49, 55, 58, 62, 70] - 4663, [1, 4, 11, 21, 22, 33, 34, 35, 49, 55, 58, 62, 70] - 4828, [1, 2, 3, 9, 21, 31, 32, 39, 40, 41, 45, 56, 61, 65, 66, 67, 69, 70] - 6259]
melhor indiv??duo da gera????o:[1, 3, 5, 6, 22, 33, 49, 55, 57, 70] - 3653
gera????o: 7: 
[[1, 3, 5, 6, 22, 33, 49, 55, 57, 70] - 3653, [1, 3, 5, 6, 22, 33, 49, 55, 57, 70] - 3653, [1, 3, 5, 6, 22, 33, 49, 55, 57, 70] - 3653, [1, 3, 5, 6, 22, 33, 49, 55, 57, 70] - 3653, [1, 2, 9, 21, 22, 33, 49, 58, 62, 70] - 3656, [1, 2, 9, 21, 22, 33, 49, 58, 62, 70] - 3656, [1, 2, 9, 21, 22, 33, 49, 58, 62, 70] - 3656, [1, 2, 9, 21, 22, 33, 49, 58, 62, 70] - 3656, [1, 2, 9, 21, 22, 33, 49, 58, 62, 70] - 3656, [1, 3, 5, 6, 22, 25, 33, 49, 55, 57, 70] - 3674, [1, 3, 5, 6, 22, 25, 33, 49, 55, 57, 70] - 3674, [1, 3, 5, 6, 22, 25, 33, 49, 55, 57, 70] - 3674, [1, 4, 11, 21, 23, 33, 49, 58, 62, 70] - 3787, [1, 4, 11, 21, 23, 33, 49, 58, 62, 70] - 3787, [1, 3, 23, 31, 41, 46, 49, 55, 58, 62, 70] - 4663, [1, 2, 3, 9, 21, 31, 32, 39, 40, 41, 45, 56, 61, 65, 66, 67, 69, 70] - 6259]
melhor indiv??duo da gera????o:[1, 3, 5, 6, 22, 33, 49, 55, 57, 70] - 3653
gera????o: 8: 
[[1, 3, 5, 6, 22, 33, 49, 55, 57, 70] - 3653, [1, 3, 5, 6, 22, 33, 49, 55, 57, 70] - 3653, [1, 3, 5, 6, 22, 33, 49, 55, 57, 70] - 3653, [1, 2, 9, 21, 22, 33, 49, 58, 62, 70] - 3656, [1, 2, 9, 21, 22, 33, 49, 58, 62, 70] - 3656, [1, 2, 9, 21, 22, 33, 49, 58, 62, 70] - 3656, [1, 2, 9, 21, 22, 33, 49, 58, 62, 70] - 3656, [1, 2, 9, 21, 22, 33, 49, 58, 62, 70] - 3656, [1, 2, 9, 21, 22, 33, 49, 58, 62, 70] - 3656, [1, 3, 5, 6, 22, 25, 33, 49, 55, 57, 70] - 3674, [1, 3, 5, 6, 22, 25, 33, 49, 55, 57, 70] - 3674, [1, 4, 11, 21, 23, 33, 49, 58, 62, 70] - 3787, [1, 4, 11, 21, 23, 33, 49, 58, 62, 70] - 3787, [1, 3, 23, 31, 41, 46, 49, 55, 58, 62, 70] - 4663, [1, 2, 3, 9, 21, 31, 32, 39, 40, 41, 45, 56, 61, 65, 66, 67, 69, 70] - 6259]
melhor indiv??duo da gera????o:[1, 3, 5, 6, 22, 33, 49, 55, 57, 70] - 3653
gera????o: 9: 
[[1, 3, 5, 6, 22, 33, 49, 55, 57, 70] - 3653, [1, 3, 5, 6, 22, 33, 49, 55, 57, 70] - 3653, [1, 3, 5, 6, 22, 33, 49, 55, 57, 70] - 3653, [1, 3, 5, 6, 22, 33, 49, 55, 57, 70] - 3653, [1, 2, 9, 21, 22, 33, 49, 58, 62, 70] - 3656, [1, 2, 9, 21, 22, 33, 49, 58, 62, 70] - 3656, [1, 2, 9, 21, 22, 33, 49, 58, 62, 70] - 3656, [1, 2, 9, 21, 22, 33, 49, 58, 62, 70] - 3656, [1, 2, 9, 21, 22, 33, 49, 58, 62, 70] - 3656, [1, 2, 9, 21, 22, 33, 49, 58, 62, 70] - 3656, [1, 3, 5, 6, 22, 25, 33, 49, 55, 57, 70] - 3674, [1, 3, 5, 6, 22, 25, 33, 49, 55, 57, 70] - 3674, [1, 3, 5, 6, 22, 25, 33, 49, 55, 57, 70] - 3674, [1, 2, 9, 21, 22, 25, 33, 49, 58, 62, 70] - 3677, [1, 4, 11, 21, 23, 33, 49, 58, 62, 70] - 3787, [1, 4, 11, 21, 23, 33, 49, 58, 62, 70] - 3787, [1, 2, 3, 9, 21, 31, 32, 39, 40, 41, 45, 56, 61, 65, 66, 67, 69, 70] - 6259]
melhor indiv??duo da gera????o:[1, 3, 5, 6, 22, 33, 49, 55, 57, 70] - 3653
gera????o: 10: 
[[1, 3, 5, 6, 22, 33, 49, 55, 57, 70] - 3653, [1, 3, 5, 6, 22, 33, 49, 55, 57, 70] - 3653, [1, 3, 5, 6, 22, 33, 49, 55, 57, 70] - 3653, [1, 3, 5, 6, 22, 33, 49, 55, 57, 70] - 3653, [1, 3, 5, 6, 22, 33, 49, 55, 57, 70] - 3653, [1, 3, 5, 6, 22, 33, 49, 55, 57, 70] - 3653, [1, 2, 9, 21, 22, 33, 49, 58, 62, 70] - 3656, [1, 2, 9, 21, 22, 33, 49, 58, 62, 70] - 3656, [1, 2, 9, 21, 22, 33, 49, 58, 62, 70] - 3656, [1, 2, 9, 21, 22, 33, 49, 58, 62, 70] - 3656, [1, 2, 9, 21, 22, 33, 49, 58, 62, 70] - 3656, [1, 2, 9, 21, 22, 33, 49, 58, 62, 70] - 3656, [1, 3, 5, 6, 22, 25, 33, 49, 55, 57, 70] - 3674, [1, 3, 5, 6, 22, 25, 33, 49, 55, 57, 70] - 3674, [1, 2, 9, 21, 22, 25, 33, 49, 58, 62, 70] - 3677, [1, 4, 11, 21, 23, 33, 49, 58, 62, 70] - 3787]
melhor indiv??duo da gera????o:[1, 3, 5, 6, 22, 33, 49, 55, 57, 70] - 3653
gera????o: 11: 
[[1, 3, 5, 6, 22, 33, 49, 55, 57, 70] - 3653, [1, 3, 5, 6, 22, 33, 49, 55, 57, 70] - 3653, [1, 3, 5, 6, 22, 33, 49, 55, 57, 70] - 3653, [1, 3, 5, 6, 22, 33, 49, 55, 57, 70] - 3653, [1, 3, 5, 6, 22, 33, 49, 55, 57, 70] - 3653, [1, 3, 5, 6, 22, 33, 49, 55, 57, 70] - 3653, [1, 2, 9, 21, 22, 33, 49, 58, 62, 70] - 3656, [1, 2, 9, 21, 22, 33, 49, 58, 62, 70] - 3656, [1, 2, 9, 21, 22, 33, 49, 58, 62, 70] - 3656, [1, 2, 9, 21, 22, 33, 49, 58, 62, 70] - 3656, [1, 2, 9, 21, 22, 33, 49, 58, 62, 70] - 3656, [1, 3, 5, 6, 22, 25, 33, 49, 55, 57, 70] - 3674, [1, 3, 5, 6, 22, 25, 33, 49, 55, 57, 70] - 3674, [1, 3, 5, 6, 22, 25, 33, 49, 55, 57, 70] - 3674, [1, 3, 5, 6, 22, 25, 33, 49, 55, 57, 70] - 3674, [1, 2, 9, 21, 22, 25, 33, 49, 58, 62, 70] - 3677]
melhor indiv??duo da gera????o:[1, 3, 5, 6, 22, 33, 49, 55, 57, 70] - 3653
gera????o: 12: 
[[1, 3, 5, 6, 22, 33, 49, 55, 57, 70] - 3653, [1, 3, 5, 6, 22, 33, 49, 55, 57, 70] - 3653, [1, 3, 5, 6, 22, 33, 49, 55, 57, 70] - 3653, [1, 3, 5, 6, 22, 33, 49, 55, 57, 70] - 3653, [1, 3, 5, 6, 22, 33, 49, 55, 57, 70] - 3653, [1, 3, 5, 6, 22, 33, 49, 55, 57, 70] - 3653, [1, 2, 9, 21, 22, 33, 49, 58, 62, 70] - 3656, [1, 2, 9, 21, 22, 33, 49, 58, 62, 70] - 3656, [1, 2, 9, 21, 22, 33, 49, 58, 62, 70] - 3656, [1, 2, 9, 21, 22, 33, 49, 58, 62, 70] - 3656, [1, 3, 5, 6, 22, 25, 33, 49, 55, 57, 70] - 3674, [1, 3, 5, 6, 22, 25, 33, 49, 55, 57, 70] - 3674, [1, 3, 5, 6, 22, 25, 33, 49, 55, 57, 70] - 3674, [1, 3, 5, 6, 22, 25, 33, 49, 55, 57, 70] - 3674, [1, 3, 5, 6, 22, 25, 33, 49, 55, 57, 70] - 3674]
melhor indiv??duo da gera????o:[1, 3, 5, 6, 22, 33, 49, 55, 57, 70] - 3653
gera????o: 13: 
[[1, 3, 5, 6, 22, 33, 49, 55, 57, 70] - 3653, [1, 3, 5, 6, 22, 33, 49, 55, 57, 70] - 3653, [1, 3, 5, 6, 22, 33, 49, 55, 57, 70] - 3653, [1, 3, 5, 6, 22, 33, 49, 55, 57, 70] - 3653, [1, 3, 5, 6, 22, 33, 49, 55, 57, 70] - 3653, [1, 3, 5, 6, 22, 33, 49, 55, 57, 70] - 3653, [1, 3, 5, 6, 22, 33, 49, 55, 57, 70] - 3653, [1, 2, 9, 21, 22, 33, 49, 58, 62, 70] - 3656, [1, 2, 9, 21, 22, 33, 49, 58, 62, 70] - 3656, [1, 2, 9, 21, 22, 33, 49, 58, 62, 70] - 3656, [1, 2, 9, 21, 22, 33, 49, 58, 62, 70] - 3656, [1, 3, 5, 6, 22, 25, 33, 49, 55, 57, 70] - 3674, [1, 3, 5, 6, 22, 25, 33, 49, 55, 57, 70] - 3674, [1, 3, 5, 6, 22, 25, 33, 49, 55, 57, 70] - 3674]
melhor indiv??duo da gera????o:[1, 3, 5, 6, 22, 33, 49, 55, 57, 70] - 3653
gera????o: 14: 
[[1, 3, 5, 6, 22, 33, 49, 55, 57, 70] - 3653, [1, 3, 5, 6, 22, 33, 49, 55, 57, 70] - 3653, [1, 3, 5, 6, 22, 33, 49, 55, 57, 70] - 3653, [1, 3, 5, 6, 22, 33, 49, 55, 57, 70] - 3653, [1, 3, 5, 6, 22, 33, 49, 55, 57, 70] - 3653, [1, 3, 5, 6, 22, 33, 49, 55, 57, 70] - 3653, [1, 2, 9, 21, 22, 33, 49, 58, 62, 70] - 3656, [1, 2, 9, 21, 22, 33, 49, 58, 62, 70] - 3656, [1, 2, 9, 21, 22, 33, 49, 58, 62, 70] - 3656, [1, 2, 9, 21, 22, 33, 49, 58, 62, 70] - 3656, [1, 2, 9, 21, 22, 33, 49, 58, 62, 70] - 3656, [1, 3, 5, 6, 22, 25, 33, 49, 55, 57, 70] - 3674, [1, 3, 5, 6, 22, 25, 33, 49, 55, 57, 70] - 3674, [1, 3, 5, 6, 22, 25, 33, 49, 55, 57, 70] - 3674]
melhor indiv??duo da gera????o:[1, 3, 5, 6, 22, 33, 49, 55, 57, 70] - 3653
gera????o: 15: 
[[1, 3, 5, 6, 22, 33, 49, 55, 57, 70] - 3653, [1, 3, 5, 6, 22, 33, 49, 55, 57, 70] - 3653, [1, 3, 5, 6, 22, 33, 49, 55, 57, 70] - 3653, [1, 3, 5, 6, 22, 33, 49, 55, 57, 70] - 3653, [1, 3, 5, 6, 22, 33, 49, 55, 57, 70] - 3653, [1, 3, 5, 6, 22, 33, 49, 55, 57, 70] - 3653, [1, 2, 9, 21, 22, 33, 49, 58, 62, 70] - 3656, [1, 2, 9, 21, 22, 33, 49, 58, 62, 70] - 3656, [1, 2, 9, 21, 22, 33, 49, 58, 62, 70] - 3656, [1, 2, 9, 21, 22, 33, 49, 58, 62, 70] - 3656, [1, 2, 9, 21, 22, 33, 49, 58, 62, 70] - 3656, [1, 3, 5, 6, 22, 25, 33, 49, 55, 57, 70] - 3674, [1, 3, 5, 6, 22, 25, 33, 49, 55, 57, 70] - 3674, [1, 3, 5, 6, 22, 25, 33, 49, 55, 57, 70] - 3674]
melhor indiv??duo da gera????o:[1, 3, 5, 6, 22, 33, 49, 55, 57, 70] - 3653
gera????o: 16: 
[[1, 3, 5, 6, 22, 33, 49, 55, 57, 70] - 3653, [1, 3, 5, 6, 22, 33, 49, 55, 57, 70] - 3653, [1, 3, 5, 6, 22, 33, 49, 55, 57, 70] - 3653, [1, 3, 5, 6, 22, 33, 49, 55, 57, 70] - 3653, [1, 3, 5, 6, 22, 33, 49, 55, 57, 70] - 3653, [1, 3, 5, 6, 22, 33, 49, 55, 57, 70] - 3653, [1, 2, 9, 21, 22, 33, 49, 58, 62, 70] - 3656, [1, 2, 9, 21, 22, 33, 49, 58, 62, 70] - 3656, [1, 2, 9, 21, 22, 33, 49, 58, 62, 70] - 3656, [1, 2, 9, 21, 22, 33, 49, 58, 62, 70] - 3656, [1, 2, 9, 21, 22, 33, 49, 58, 62, 70] - 3656, [1, 3, 5, 6, 22, 25, 33, 49, 55, 57, 70] - 3674, [1, 3, 5, 6, 22, 25, 33, 49, 55, 57, 70] - 3674]
melhor indiv??duo da gera????o:[1, 3, 5, 6, 22, 33, 49, 55, 57, 70] - 3653
gera????o: 17: 
[[1, 3, 5, 6, 22, 33, 49, 55, 57, 70] - 3653, [1, 3, 5, 6, 22, 33, 49, 55, 57, 70] - 3653, [1, 3, 5, 6, 22, 33, 49, 55, 57, 70] - 3653, [1, 3, 5, 6, 22, 33, 49, 55, 57, 70] - 3653, [1, 3, 5, 6, 22, 33, 49, 55, 57, 70] - 3653, [1, 3, 5, 6, 22, 33, 49, 55, 57, 70] - 3653, [1, 2, 9, 21, 22, 33, 49, 58, 62, 70] - 3656, [1, 2, 9, 21, 22, 33, 49, 58, 62, 70] - 3656, [1, 2, 9, 21, 22, 33, 49, 58, 62, 70] - 3656, [1, 2, 9, 21, 22, 33, 49, 58, 62, 70] - 3656, [1, 2, 9, 21, 22, 33, 49, 58, 62, 70] - 3656, [1, 3, 5, 6, 22, 25, 33, 49, 55, 57, 70] - 3674]
melhor indiv??duo da gera????o:[1, 3, 5, 6, 22, 33, 49, 55, 57, 70] - 3653
gera????o: 18: 
[[1, 3, 5, 6, 22, 33, 49, 55, 57, 70] - 3653, [1, 3, 5, 6, 22, 33, 49, 55, 57, 70] - 3653, [1, 3, 5, 6, 22, 33, 49, 55, 57, 70] - 3653, [1, 3, 5, 6, 22, 33, 49, 55, 57, 70] - 3653, [1, 3, 5, 6, 22, 33, 49, 55, 57, 70] - 3653, [1, 3, 5, 6, 22, 33, 49, 55, 57, 70] - 3653, [1, 2, 9, 21, 22, 33, 49, 58, 62, 70] - 3656, [1, 2, 9, 21, 22, 33, 49, 58, 62, 70] - 3656, [1, 2, 9, 21, 22, 33, 49, 58, 62, 70] - 3656, [1, 2, 9, 21, 22, 33, 49, 58, 62, 70] - 3656]
melhor indiv??duo da gera????o:[1, 3, 5, 6, 22, 33, 49, 55, 57, 70] - 3653
gera????o: 19: 
[[1, 3, 5, 6, 22, 33, 49, 55, 57, 70] - 3653, [1, 3, 5, 6, 22, 33, 49, 55, 57, 70] - 3653, [1, 3, 5, 6, 22, 33, 49, 55, 57, 70] - 3653, [1, 3, 5, 6, 22, 33, 49, 55, 57, 70] - 3653, [1, 3, 5, 6, 22, 33, 49, 55, 57, 70] - 3653, [1, 2, 9, 21, 22, 33, 49, 58, 62, 70] - 3656, [1, 2, 9, 21, 22, 33, 49, 58, 62, 70] - 3656, [1, 2, 9, 21, 22, 33, 49, 58, 62, 70] - 3656, [1, 2, 9, 21, 22, 33, 49, 58, 62, 70] - 3656]
melhor indiv??duo da gera????o:[1, 3, 5, 6, 22, 33, 49, 55, 57, 70] - 3653
gera????o: 20: 
[[1, 3, 5, 6, 22, 33, 49, 55, 57, 70] - 3653, [1, 3, 5, 6, 22, 33, 49, 55, 57, 70] - 3653, [1, 3, 5, 6, 22, 33, 49, 55, 57, 70] - 3653, [1, 3, 5, 6, 22, 33, 49, 55, 57, 70] - 3653, [1, 2, 9, 21, 22, 33, 49, 58, 62, 70] - 3656, [1, 2, 9, 21, 22, 33, 49, 58, 62, 70] - 3656, [1, 2, 9, 21, 22, 33, 49, 58, 62, 70] - 3656, [1, 2, 9, 21, 22, 33, 49, 58, 62, 70] - 3656]
melhor indiv??duo da gera????o:[1, 3, 5, 6, 22, 33, 49, 55, 57, 70] - 3653
gera????o: 21: 
[[1, 3, 5, 6, 22, 33, 49, 55, 57, 70] - 3653, [1, 3, 5, 6, 22, 33, 49, 55, 57, 70] - 3653, [1, 3, 5, 6, 22, 33, 49, 55, 57, 70] - 3653, [1, 3, 5, 6, 22, 33, 49, 55, 57, 70] - 3653, [1, 2, 9, 21, 22, 33, 49, 58, 62, 70] - 3656, [1, 2, 9, 21, 22, 33, 49, 58, 62, 70] - 3656]
melhor indiv??duo da gera????o:[1, 3, 5, 6, 22, 33, 49, 55, 57, 70] - 3653
gera????o: 22: 
[[1, 3, 5, 6, 22, 33, 49, 55, 57, 70] - 3653, [1, 3, 5, 6, 22, 33, 49, 55, 57, 70] - 3653, [1, 3, 5, 6, 22, 33, 49, 55, 57, 70] - 3653, [1, 3, 5, 6, 22, 33, 49, 55, 57, 70] - 3653, [1, 2, 9, 21, 22, 33, 49, 58, 62, 70] - 3656]
melhor indiv??duo da gera????o:[1, 3, 5, 6, 22, 33, 49, 55, 57, 70] - 3653
gera????o: 23: 
[[1, 3, 5, 6, 22, 33, 49, 55, 57, 70] - 3653, [1, 3, 5, 6, 22, 33, 49, 55, 57, 70] - 3653, [1, 3, 5, 6, 22, 33, 49, 55, 57, 70] - 3653, [1, 3, 5, 6, 22, 33, 49, 55, 57, 70] - 3653]
melhor indiv??duo da gera????o:[1, 3, 5, 6, 22, 33, 49, 55, 57, 70] - 3653
gera????o: 24: 
[[1, 3, 5, 6, 22, 33, 49, 55, 57, 70] - 3653, [1, 3, 5, 6, 22, 33, 49, 55, 57, 70] - 3653, [1, 3, 5, 6, 22, 33, 49, 55, 57, 70] - 3653]
melhor indiv??duo da gera????o:[1, 3, 5, 6, 22, 33, 49, 55, 57, 70] - 3653
gera????o: 25: 
[[1, 3, 5, 6, 22, 33, 49, 55, 57, 70] - 3653, [1, 3, 5, 6, 22, 33, 49, 55, 57, 70] - 3653]
melhor indiv??duo da gera????o:[1, 3, 5, 6, 22, 33, 49, 55, 57, 70] - 3653
______________________________________________________________________________________________________________________________
