gera????o: 1: 
[[1, 2, 3, 12, 13, 14, 26, 28, 36, 48, 49, 58, 62, 70] - 4752, [1, 4, 11, 21, 23, 31, 40, 44, 55, 57, 70] - 4356, [1, 3, 12, 14, 26, 34, 41, 44, 45, 47, 55, 56, 61, 63, 70] - 5219, [1, 3, 13, 31, 33, 47, 56, 57, 70] - 4266, [1, 2, 9, 21, 22, 24, 27, 35, 46, 49, 58, 62, 70] - 4949, [1, 3, 12, 22, 33, 39, 40, 44, 53, 61, 63, 70] - 5029, [1, 3, 5, 12, 13, 22, 25, 26, 28, 35, 36, 48, 49, 55, 56, 61, 63, 70] - 5367, [1, 3, 12, 13, 31, 41, 44, 55, 58, 62, 70] - 4346, [1, 3, 12, 22, 24, 34, 46, 49, 55, 56, 57, 70] - 5107, [1, 4, 10, 11, 21, 31, 32, 37, 42, 43, 52, 60, 61, 65, 68, 70] - 5893, [1, 2, 3, 9, 11, 20, 31, 32, 39, 44, 54, 56, 57, 70] - 5177, [1, 2, 9, 21, 23, 31, 32, 40, 44, 50, 53, 60, 61, 68, 70] - 5255, [1, 4, 11, 21, 23, 33, 46, 49, 55, 56, 57, 70] - 4996, [1, 4, 10, 20, 30, 31, 41, 46, 49, 55, 56, 60, 61, 68, 70] - 6852, [1, 4, 10, 20, 21, 22, 23, 25, 33, 49, 55, 57, 70] - 4540, [1, 3, 5, 6, 12, 14, 25, 26, 28, 34, 41, 46, 49, 55, 58, 62, 70] - 5316, [1, 3, 23, 25, 26, 31, 40, 41, 47, 56, 60, 64, 67, 69, 70] - 6826, [1, 3, 13, 21, 22, 23, 31, 32, 40, 44, 45, 57, 70] - 4419, [1, 2, 4, 10, 11, 21, 23, 31, 33, 41, 45, 57, 70] - 4238, [1, 3, 12, 13, 14, 24, 36, 48, 49, 55, 58, 62, 70] - 5063]
melhor indiv??duo da gera????o:[1, 2, 4, 10, 11, 21, 23, 31, 33, 41, 45, 57, 70] - 4238
gera????o: 2: 
[[1, 4, 11, 21, 23, 31, 40, 44, 55, 57, 70] - 4356, [1, 3, 13, 31, 33, 47, 56, 57, 70] - 4266, [1, 3, 12, 22, 33, 39, 40, 44, 53, 61, 63, 70] - 5029, [1, 3, 12, 13, 31, 41, 44, 55, 58, 62, 70] - 4346, [1, 4, 10, 11, 21, 31, 32, 37, 42, 43, 52, 60, 61, 65, 68, 70] - 5893, [1, 2, 9, 21, 23, 31, 32, 40, 44, 50, 53, 60, 61, 68, 70] - 5255, [1, 4, 10, 20, 30, 31, 41, 46, 49, 55, 56, 60, 61, 68, 70] - 6852, [1, 3, 5, 6, 12, 14, 25, 26, 28, 34, 41, 46, 49, 55, 58, 62, 70] - 5316, [1, 3, 13, 21, 22, 23, 31, 32, 40, 44, 45, 57, 70] - 4419, [1, 3, 12, 13, 14, 24, 36, 48, 49, 55, 58, 62, 70] - 5063, [1, 3, 23, 25, 26, 31, 40, 41, 47, 56, 60, 64, 67, 69, 70] - 6826, [1, 4, 11, 21, 23, 33, 46, 49, 55, 56, 57, 70] - 4996, [1, 4, 10, 20, 21, 22, 23, 25, 33, 49, 55, 57, 70] - 4540, [1, 3, 12, 14, 26, 34, 41, 44, 45, 47, 55, 56, 61, 63, 70] - 5219, [1, 3, 5, 12, 13, 22, 25, 26, 28, 35, 36, 48, 49, 55, 56, 61, 63, 70] - 5367]
melhor indiv??duo da gera????o:[1, 3, 13, 31, 33, 47, 56, 57, 70] - 4266
gera????o: 3: 
[[1, 3, 13, 31, 33, 47, 56, 57, 70] - 4266, [1, 3, 12, 13, 31, 41, 44, 55, 58, 62, 70] - 4346, [1, 2, 9, 21, 23, 31, 32, 40, 44, 50, 53, 60, 61, 68, 70] - 5255, [1, 3, 5, 6, 12, 14, 25, 26, 28, 34, 41, 46, 49, 55, 58, 62, 70] - 5316, [1, 3, 12, 13, 14, 24, 36, 48, 49, 55, 58, 62, 70] - 5063, [1, 4, 11, 21, 23, 33, 46, 49, 55, 56, 57, 70] - 4996, [1, 3, 12, 14, 26, 34, 41, 44, 45, 47, 55, 56, 61, 63, 70] - 5219, [1, 3, 12, 13, 14, 24, 36, 48, 49, 55, 58, 62, 70] - 5063, [1, 2, 9, 21, 23, 31, 32, 40, 44, 50, 53, 60, 61, 68, 70] - 5255, [1, 3, 23, 25, 26, 31, 40, 41, 47, 56, 60, 64, 67, 69, 70] - 6826, [1, 4, 10, 20, 30, 31, 41, 46, 49, 55, 56, 60, 61, 68, 70] - 6852]
melhor indiv??duo da gera????o:[1, 3, 13, 31, 33, 47, 56, 57, 70] - 4266
______________________________________________________________________________________________________________________________
