gera????o: 1: 
[[1, 2, 3, 23, 33, 49, 58, 62, 70] - 3590, [1, 3, 23, 25, 33, 47, 55, 57, 70] - 3591, [1, 2, 9, 13, 22, 23, 31, 40, 41, 45, 57, 70] - 3975, [1, 2, 9, 21, 23, 31, 40, 44, 55, 57, 70] - 4097, [1, 2, 9, 21, 22, 23, 33, 47, 56, 57, 70] - 4270, [1, 4, 10, 11, 21, 23, 33, 41, 46, 47, 55, 57, 70] - 4435, [1, 2, 3, 23, 31, 41, 44, 55, 58, 62, 70] - 4553, [1, 3, 9, 11, 20, 37, 42, 52, 60, 61, 63, 70] - 4660, [1, 2, 3, 12, 22, 33, 34, 35, 46, 47, 49, 58, 62, 70] - 4793, [1, 3, 13, 21, 22, 23, 25, 33, 40, 41, 47, 55, 58, 62, 70] - 4835, [1, 2, 3, 12, 14, 17, 18, 19, 27, 35, 49, 55, 57, 70] - 4841, [1, 4, 11, 21, 22, 24, 36, 49, 58, 62, 70] - 4905, [1, 2, 9, 13, 22, 23, 25, 26, 33, 41, 45, 47, 55, 56, 57, 70] - 4976, [1, 3, 23, 25, 26, 33, 40, 44, 53, 54, 61, 68, 70] - 5204, [1, 2, 3, 13, 22, 24, 34, 46, 49, 55, 56, 61, 63, 70] - 5309, [1, 3, 5, 12, 14, 22, 33, 34, 41, 46, 47, 56, 57, 70] - 5649, [1, 3, 23, 33, 34, 41, 46, 47, 55, 56, 61, 68, 70] - 5787, [1, 3, 13, 23, 33, 49, 55, 56, 61, 65, 66, 67, 69, 70] - 5869, [1, 4, 11, 20, 29, 37, 38, 43, 52, 59, 66, 67, 69, 70] - 6435, [1, 4, 11, 20, 21, 22, 23, 25, 33, 47, 49, 55, 56, 60, 64, 67, 68, 70] - 7483]
melhor indiv??duo da gera????o:[1, 2, 3, 23, 33, 49, 58, 62, 70] - 3590
gera????o: 2: 
[[1, 3, 23, 25, 33, 47, 55, 57, 70] - 3591, [1, 4, 11, 21, 31, 40, 44, 54, 56, 63, 70] - 3997, [1, 2, 9, 21, 22, 33, 46, 49, 55, 57, 70] - 4167, [1, 2, 9, 21, 22, 23, 33, 47, 56, 57, 70] - 4270, [1, 2, 3, 23, 31, 41, 44, 55, 58, 62, 70] - 4553, [1, 3, 5, 6, 26, 28, 34, 46, 47, 56, 61, 63, 70] - 4618, [1, 2, 4, 10, 11, 21, 22, 33, 41, 44, 45, 47, 55, 58, 62, 70] - 4688, [1, 3, 5, 6, 26, 31, 41, 45, 47, 49, 58, 62, 70] - 4829, [1, 2, 3, 12, 14, 17, 18, 19, 27, 35, 49, 55, 57, 70] - 4841, [1, 3, 9, 11, 21, 22, 24, 36, 48, 49, 58, 62, 70] - 4948, [1, 3, 23, 31, 33, 46, 47, 56, 61, 68, 70] - 5083, [1, 2, 4, 10, 20, 31, 40, 44, 45, 47, 55, 56, 57, 70] - 5163, [1, 3, 23, 25, 26, 33, 40, 44, 53, 54, 61, 68, 70] - 5204, [1, 2, 3, 13, 22, 24, 34, 46, 49, 55, 56, 61, 63, 70] - 5309, [1, 4, 10, 11, 21, 31, 33, 39, 53, 60, 61, 68, 70] - 5629, [1, 3, 23, 25, 26, 31, 40, 41, 44, 53, 61, 68, 70] - 5661, [1, 3, 13, 23, 33, 49, 55, 56, 61, 65, 66, 67, 69, 70] - 5869, [1, 2, 4, 10, 11, 20, 39, 42, 43, 51, 59, 66, 67, 69, 70] - 6102, [1, 4, 11, 20, 29, 37, 38, 43, 52, 59, 66, 67, 69, 70] - 6435, [1, 4, 10, 20, 31, 33, 46, 47, 55, 56, 60, 64, 67, 69, 70] - 6641]
melhor indiv??duo da gera????o:[1, 3, 23, 25, 33, 47, 55, 57, 70] - 3591
gera????o: 3: 
[[1, 2, 9, 21, 23, 25, 33, 49, 58, 62, 70] - 3690, [1, 4, 11, 21, 31, 40, 44, 54, 56, 63, 70] - 3997, [1, 3, 5, 6, 26, 34, 46, 47, 56, 63, 70] - 4150, [1, 2, 9, 21, 22, 23, 33, 47, 56, 57, 70] - 4270, [1, 2, 3, 23, 31, 41, 44, 55, 58, 62, 70] - 4553, [1, 3, 5, 6, 26, 28, 34, 46, 47, 56, 61, 63, 70] - 4618, [1, 3, 9, 11, 21, 22, 23, 25, 33, 46, 47, 49, 58, 62, 70] - 4685, [1, 3, 5, 6, 26, 31, 41, 45, 47, 49, 58, 62, 70] - 4829, [1, 3, 23, 25, 26, 28, 36, 49, 55, 56, 63, 70] - 4900, [1, 3, 23, 31, 33, 46, 47, 56, 61, 68, 70] - 5083, [1, 2, 4, 10, 20, 31, 40, 44, 45, 47, 55, 56, 57, 70] - 5163, [1, 4, 11, 21, 22, 24, 27, 35, 46, 49, 58, 62, 70] - 5208, [1, 4, 10, 11, 21, 31, 33, 39, 53, 60, 61, 68, 70] - 5629, [1, 4, 11, 20, 32, 37, 42, 50, 53, 61, 65, 68, 70] - 5753, [1, 3, 13, 23, 33, 49, 55, 56, 61, 65, 66, 67, 69, 70] - 5869, [1, 2, 4, 10, 11, 20, 39, 42, 43, 51, 59, 66, 67, 69, 70] - 6102, [1, 4, 11, 20, 29, 37, 38, 43, 52, 59, 66, 67, 69, 70] - 6435, [1, 2, 4, 11, 20, 39, 50, 53, 60, 61, 65, 67, 68, 70] - 6564, [1, 4, 10, 11, 20, 29, 38, 43, 52, 53, 60, 65, 66, 67, 68, 70] - 6932, [1, 4, 10, 11, 20, 21, 31, 32, 37, 42, 43, 52, 53, 60, 65, 67, 68, 70] - 7317]
melhor indiv??duo da gera????o:[1, 2, 9, 21, 23, 25, 33, 49, 58, 62, 70] - 3690
gera????o: 4: 
[[1, 2, 9, 21, 23, 25, 33, 49, 58, 62, 70] - 3690, [1, 3, 5, 6, 26, 28, 35, 49, 55, 57, 70] - 4088, [1, 3, 5, 6, 26, 34, 46, 47, 56, 63, 70] - 4150, [1, 4, 11, 21, 23, 33, 40, 44, 54, 61, 63, 70] - 4327, [1, 2, 4, 10, 11, 20, 31, 41, 45, 57, 70] - 4500, [1, 3, 5, 6, 26, 28, 34, 46, 47, 56, 61, 63, 70] - 4618, [1, 3, 13, 23, 33, 39, 56, 57, 70] - 4712, [1, 4, 10, 11, 20, 29, 37, 39, 44, 55, 57, 70] - 4776, [1, 3, 23, 25, 26, 28, 36, 49, 55, 56, 63, 70] - 4900, [1, 2, 3, 12, 13, 22, 23, 31, 33, 34, 35, 36, 49, 58, 62, 70] - 5031, [1, 2, 4, 10, 20, 31, 40, 44, 45, 47, 55, 56, 57, 70] - 5163, [1, 4, 11, 21, 22, 24, 27, 35, 46, 49, 58, 62, 70] - 5208, [1, 3, 9, 13, 14, 22, 33, 41, 46, 47, 56, 57, 70] - 5324, [1, 4, 10, 11, 21, 31, 33, 39, 53, 60, 61, 68, 70] - 5629, [1, 4, 11, 20, 31, 32, 39, 44, 53, 61, 68, 70] - 5720, [1, 4, 11, 20, 29, 38, 43, 51, 59, 64, 67, 69, 70] - 5846, [1, 2, 4, 10, 11, 20, 39, 42, 43, 51, 59, 66, 67, 69, 70] - 6102, [1, 4, 11, 20, 21, 22, 25, 26, 31, 32, 40, 41, 47, 56, 63, 70] - 6226, [1, 2, 4, 11, 20, 39, 50, 53, 60, 61, 65, 67, 68, 70] - 6564, [1, 2, 4, 11, 21, 22, 23, 31, 41, 46, 49, 55, 56, 60, 61, 68, 70] - 7032]
melhor indiv??duo da gera????o:[1, 2, 9, 21, 23, 25, 33, 49, 58, 62, 70] - 3690
gera????o: 5: 
[[1, 2, 9, 21, 23, 25, 33, 49, 58, 62, 70] - 3690, [1, 3, 5, 6, 26, 28, 35, 49, 55, 57, 70] - 4088, [1, 4, 11, 21, 23, 33, 40, 44, 54, 61, 63, 70] - 4327, [1, 2, 4, 10, 11, 20, 31, 41, 45, 57, 70] - 4500, [1, 2, 4, 11, 21, 31, 32, 40, 44, 54, 61, 68, 70] - 4541, [1, 3, 5, 6, 26, 28, 34, 46, 47, 56, 61, 63, 70] - 4618, [1, 2, 4, 11, 21, 22, 23, 31, 40, 44, 45, 47, 55, 58, 62, 70] - 4749, [1, 3, 5, 6, 17, 24, 27, 28, 36, 48, 49, 55, 57, 70] - 4810, [1, 2, 3, 13, 21, 23, 33, 40, 41, 47, 49, 55, 57, 70] - 4899, [1, 4, 10, 20, 21, 31, 40, 41, 47, 49, 55, 57, 70] - 4902, [1, 2, 3, 12, 13, 22, 23, 31, 33, 34, 35, 36, 49, 58, 62, 70] - 5031, [1, 2, 4, 10, 20, 31, 40, 44, 45, 47, 55, 56, 57, 70] - 5163, [1, 3, 9, 13, 14, 22, 33, 41, 46, 47, 56, 57, 70] - 5324, [1, 4, 10, 11, 21, 31, 33, 39, 53, 60, 61, 68, 70] - 5629, [1, 4, 11, 20, 29, 38, 43, 51, 59, 64, 67, 69, 70] - 5846, [1, 4, 10, 20, 32, 39, 42, 52, 59, 64, 67, 68, 70] - 6098, [1, 2, 3, 13, 23, 25, 33, 41, 45, 47, 56, 60, 64, 65, 68, 70] - 6184, [1, 4, 10, 11, 21, 31, 41, 47, 55, 56, 60, 64, 66, 67, 69, 70] - 6357, [1, 4, 11, 20, 32, 37, 42, 51, 59, 60, 64, 66, 67, 68, 70] - 6404, [1, 2, 4, 11, 20, 39, 50, 53, 60, 61, 65, 67, 68, 70] - 6564]
melhor indiv??duo da gera????o:[1, 2, 9, 21, 23, 25, 33, 49, 58, 62, 70] - 3690
gera????o: 6: 
[[1, 3, 9, 21, 22, 23, 33, 49, 58, 62, 70] - 3820, [1, 3, 5, 6, 26, 28, 35, 49, 55, 57, 70] - 4088, [1, 2, 4, 10, 11, 20, 31, 41, 45, 57, 70] - 4500, [1, 2, 4, 11, 21, 31, 32, 40, 44, 54, 61, 68, 70] - 4541, [1, 3, 5, 6, 26, 28, 34, 46, 47, 56, 61, 63, 70] - 4618, [1, 4, 10, 20, 21, 31, 33, 34, 46, 49, 58, 62, 70] - 4735, [1, 3, 5, 6, 17, 24, 27, 28, 36, 48, 49, 55, 57, 70] - 4810, [1, 2, 3, 13, 21, 23, 33, 40, 41, 47, 49, 55, 57, 70] - 4899, [1, 2, 9, 13, 21, 31, 40, 44, 53, 60, 65, 68, 70] - 4988, [1, 2, 4, 10, 20, 31, 40, 44, 45, 47, 55, 56, 57, 70] - 5163, [1, 4, 11, 21, 31, 32, 39, 40, 41, 44, 54, 56, 61, 65, 68, 70] - 5515, [1, 4, 10, 11, 21, 31, 33, 39, 53, 60, 61, 68, 70] - 5629, [1, 4, 11, 20, 21, 31, 33, 46, 49, 55, 56, 57, 70] - 5760, [1, 4, 10, 20, 31, 32, 37, 38, 43, 51, 59, 60, 64, 65, 68, 70] - 5909, [1, 4, 10, 20, 32, 39, 42, 52, 59, 64, 67, 68, 70] - 6098, [1, 2, 3, 13, 23, 25, 33, 41, 45, 47, 56, 60, 64, 65, 68, 70] - 6184, [1, 4, 11, 20, 32, 37, 42, 51, 59, 60, 64, 66, 67, 68, 70] - 6404, [1, 4, 11, 21, 23, 25, 33, 39, 42, 43, 51, 59, 66, 67, 69, 70] - 6550, [1, 4, 11, 20, 30, 32, 39, 50, 53, 60, 61, 65, 67, 68, 70] - 6696, [1, 4, 10, 11, 21, 31, 41, 44, 54, 56, 60, 64, 65, 66, 67, 68, 70] - 6898]
melhor indiv??duo da gera????o:[1, 3, 9, 21, 22, 23, 33, 49, 58, 62, 70] - 3820
gera????o: 7: 
[[1, 2, 3, 9, 21, 23, 25, 33, 49, 58, 62, 70] - 3978, [1, 3, 5, 12, 22, 25, 26, 34, 35, 49, 58, 62, 70] - 4031, [1, 3, 5, 6, 26, 28, 35, 49, 55, 57, 70] - 4088, [1, 3, 13, 40, 41, 47, 49, 58, 62, 70] - 4244, [1, 3, 12, 14, 25, 26, 28, 35, 46, 49, 58, 62, 70] - 4353, [1, 2, 4, 11, 21, 31, 32, 40, 44, 54, 61, 68, 70] - 4541, [1, 3, 13, 22, 25, 26, 33, 41, 44, 50, 53, 54, 61, 63, 70] - 4722, [1, 3, 5, 6, 17, 24, 27, 28, 36, 48, 49, 55, 57, 70] - 4810, [1, 3, 13, 22, 24, 27, 35, 46, 49, 55, 57, 70] - 4984, [1, 3, 13, 22, 23, 25, 26, 33, 34, 35, 36, 49, 58, 62, 70] - 5035, [1, 2, 3, 13, 40, 41, 46, 47, 56, 61, 63, 70] - 5099, [1, 4, 10, 11, 21, 22, 24, 36, 48, 49, 55, 58, 62, 70] - 5184, [1, 4, 10, 11, 21, 31, 33, 39, 53, 60, 61, 68, 70] - 5629, [1, 3, 13, 31, 32, 37, 38, 43, 51, 59, 66, 67, 68, 70] - 5849, [1, 4, 11, 20, 21, 23, 33, 34, 35, 49, 55, 56, 57, 70] - 5948, [1, 4, 10, 20, 39, 42, 43, 52, 59, 64, 65, 68, 70] - 6135, [1, 3, 9, 21, 31, 33, 39, 42, 51, 59, 64, 65, 68, 70] - 6220, [1, 4, 11, 21, 23, 25, 33, 39, 42, 43, 51, 59, 66, 67, 69, 70] - 6550, [1, 2, 4, 10, 20, 30, 32, 40, 41, 44, 45, 47, 55, 56, 60, 61, 68, 70] - 6677, [1, 4, 10, 11, 21, 31, 41, 44, 54, 56, 60, 64, 65, 66, 67, 68, 70] - 6898]
melhor indiv??duo da gera????o:[1, 2, 3, 9, 21, 23, 25, 33, 49, 58, 62, 70] - 3978
gera????o: 8: 
[[1, 2, 3, 9, 21, 23, 25, 33, 49, 58, 62, 70] - 3978, [1, 3, 5, 6, 26, 28, 35, 49, 55, 57, 70] - 4088, [1, 3, 13, 40, 41, 47, 49, 58, 62, 70] - 4244, [1, 3, 9, 11, 21, 23, 31, 40, 44, 55, 58, 62, 70] - 4410, [1, 3, 23, 31, 33, 34, 35, 49, 55, 57, 70] - 4509, [1, 3, 13, 22, 25, 26, 33, 41, 44, 50, 53, 54, 61, 63, 70] - 4722, [1, 3, 5, 6, 17, 24, 27, 28, 36, 48, 49, 55, 57, 70] - 4810, [1, 3, 13, 22, 24, 27, 35, 46, 49, 55, 57, 70] - 4984, [1, 3, 13, 22, 23, 25, 26, 33, 34, 35, 36, 49, 58, 62, 70] - 5035, [1, 4, 10, 11, 21, 22, 24, 36, 48, 49, 55, 58, 62, 70] - 5184, [1, 3, 9, 11, 21, 22, 24, 28, 34, 41, 44, 55, 58, 62, 70] - 5422, [1, 4, 10, 20, 21, 22, 23, 31, 41, 44, 50, 53, 54, 56, 57, 70] - 5576, [1, 2, 3, 12, 14, 24, 26, 33, 34, 41, 44, 56, 57, 70] - 5680, [1, 4, 10, 11, 20, 37, 42, 51, 59, 64, 66, 67, 69, 70] - 5740, [1, 4, 11, 20, 21, 23, 33, 34, 35, 49, 55, 56, 57, 70] - 5948, [1, 2, 9, 13, 23, 33, 39, 44, 50, 53, 60, 64, 67, 68, 70] - 6102, [1, 4, 10, 20, 32, 39, 42, 51, 59, 60, 64, 66, 67, 68, 70] - 6156, [1, 4, 10, 20, 39, 44, 53, 60, 65, 66, 67, 68, 70] - 6450, [1, 4, 11, 21, 23, 25, 33, 39, 42, 43, 51, 59, 66, 67, 69, 70] - 6550, [1, 4, 10, 11, 21, 31, 41, 44, 54, 56, 60, 64, 65, 66, 67, 68, 70] - 6898]
melhor indiv??duo da gera????o:[1, 2, 3, 9, 21, 23, 25, 33, 49, 58, 62, 70] - 3978
gera????o: 9: 
[[1, 2, 3, 9, 21, 23, 25, 33, 49, 58, 62, 70] - 3978, [1, 3, 9, 13, 23, 33, 46, 49, 58, 62, 70] - 4060, [1, 4, 10, 11, 21, 22, 33, 47, 49, 58, 62, 70] - 4097, [1, 2, 3, 13, 21, 22, 25, 26, 33, 49, 58, 62, 70] - 4249, [1, 3, 23, 31, 33, 34, 35, 49, 55, 57, 70] - 4509, [1, 2, 3, 12, 22, 25, 33, 39, 56, 63, 70] - 4589, [1, 3, 13, 22, 25, 26, 33, 41, 44, 50, 53, 54, 61, 63, 70] - 4722, [1, 4, 11, 20, 21, 22, 25, 33, 49, 55, 58, 62, 70] - 4854, [1, 3, 13, 22, 23, 25, 26, 33, 34, 35, 36, 49, 58, 62, 70] - 5035, [1, 2, 9, 13, 14, 26, 31, 41, 46, 49, 58, 62, 70] - 5167, [1, 2, 4, 11, 21, 22, 23, 33, 46, 49, 55, 56, 57, 70] - 5210, [1, 3, 9, 11, 21, 22, 24, 28, 34, 41, 44, 55, 58, 62, 70] - 5422, [1, 2, 3, 12, 14, 24, 26, 33, 34, 41, 44, 56, 57, 70] - 5680, [1, 4, 10, 11, 20, 39, 42, 52, 60, 64, 67, 68, 70] - 5771, [1, 2, 3, 9, 11, 20, 21, 22, 23, 31, 33, 39, 56, 63, 70] - 5866, [1, 3, 5, 12, 13, 31, 32, 37, 42, 43, 52, 59, 64, 65, 68, 70] - 6048, [1, 3, 12, 22, 23, 31, 40, 41, 45, 47, 56, 60, 64, 65, 68, 70] - 6119, [1, 2, 3, 9, 13, 31, 32, 39, 56, 60, 65, 67, 69, 70] - 6290, [1, 4, 11, 21, 23, 25, 33, 39, 42, 43, 51, 59, 66, 67, 69, 70] - 6550, [1, 4, 10, 11, 21, 31, 32, 40, 41, 44, 53, 60, 61, 65, 66, 67, 68, 70] - 6992]
melhor indiv??duo da gera????o:[1, 2, 3, 9, 21, 23, 25, 33, 49, 58, 62, 70] - 3978
gera????o: 10: 
[[1, 3, 9, 21, 23, 33, 47, 49, 58, 62, 70] - 3943, [1, 3, 23, 31, 32, 40, 44, 45, 57, 70] - 4031, [1, 4, 10, 11, 21, 22, 33, 47, 49, 58, 62, 70] - 4097, [1, 2, 3, 13, 21, 22, 25, 26, 33, 49, 58, 62, 70] - 4249, [1, 3, 12, 13, 40, 41, 47, 49, 55, 57, 70] - 4331, [1, 3, 23, 31, 33, 34, 35, 49, 55, 57, 70] - 4509, [1, 4, 11, 20, 39, 56, 57, 70] - 4664, [1, 4, 11, 21, 23, 25, 33, 41, 45, 56, 61, 68, 70] - 4746, [1, 4, 11, 20, 21, 22, 25, 33, 49, 55, 58, 62, 70] - 4854, [1, 3, 13, 22, 23, 25, 26, 33, 34, 35, 36, 49, 58, 62, 70] - 5035, [1, 2, 9, 13, 14, 26, 31, 41, 46, 49, 58, 62, 70] - 5167, [1, 4, 11, 21, 23, 25, 26, 31, 32, 39, 53, 54, 56, 63, 70] - 5241, [1, 2, 4, 11, 21, 22, 24, 34, 41, 47, 49, 55, 57, 70] - 5587, [1, 2, 3, 12, 14, 24, 26, 33, 34, 41, 44, 56, 57, 70] - 5680, [1, 2, 4, 11, 21, 22, 23, 33, 39, 44, 53, 61, 68, 70] - 5859, [1, 3, 5, 12, 13, 31, 32, 37, 42, 43, 52, 59, 64, 65, 68, 70] - 6048, [1, 3, 12, 22, 23, 31, 40, 41, 45, 47, 56, 60, 64, 65, 68, 70] - 6119, [1, 2, 3, 9, 13, 31, 32, 39, 56, 60, 65, 67, 69, 70] - 6290, [1, 4, 11, 21, 23, 25, 33, 39, 42, 43, 51, 59, 66, 67, 69, 70] - 6550, [1, 4, 10, 11, 21, 31, 32, 40, 41, 44, 53, 60, 61, 65, 66, 67, 68, 70] - 6992]
melhor indiv??duo da gera????o:[1, 3, 9, 21, 23, 33, 47, 49, 58, 62, 70] - 3943
melhor valor ?? da gera????o 0!!!!
______________________________________________________________________________________________________________________________
