gera????o: 1: 
[[1, 2, 4, 11, 21, 22, 24, 27, 35, 49, 55, 57, 70] - 5167, [1, 2, 4, 11, 20, 37, 42, 43, 52, 59, 64, 67, 68, 70] - 6437, [1, 2, 9, 13, 14, 25, 26, 33, 40, 41, 45, 47, 55, 58, 62, 70] - 4855, [1, 2, 9, 11, 20, 31, 40, 44, 53, 60, 61, 68, 70] - 5551, [1, 2, 9, 21, 31, 40, 41, 47, 56, 57, 70] - 4534, [1, 4, 10, 11, 21, 31, 33, 49, 55, 56, 61, 65, 67, 68, 70] - 6002, [1, 3, 13, 40, 44, 55, 56, 63, 70] - 4403, [1, 4, 10, 11, 21, 31, 41, 44, 56, 60, 65, 68, 70] - 5487, [1, 3, 13, 23, 25, 33, 47, 56, 61, 63, 70] - 4290, [1, 2, 3, 5, 6, 12, 22, 25, 26, 31, 40, 41, 46, 49, 55, 56, 61, 63, 70] - 6007, [1, 4, 11, 21, 22, 24, 26, 28, 34, 46, 49, 58, 62, 70] - 5036, [1, 4, 10, 11, 21, 31, 41, 47, 49, 58, 62, 70] - 4336, [1, 4, 11, 21, 22, 33, 34, 41, 46, 49, 55, 57, 70] - 5346, [1, 3, 5, 12, 14, 17, 26, 34, 46, 49, 55, 56, 60, 65, 66, 67, 69, 70] - 7084, [1, 4, 10, 11, 21, 23, 25, 26, 34, 41, 45, 57, 70] - 4421, [1, 3, 23, 31, 40, 41, 44, 45, 47, 55, 56, 61, 65, 66, 67, 69, 70] - 6584, [1, 3, 13, 22, 33, 41, 44, 45, 57, 70] - 4097, [1, 2, 9, 21, 23, 33, 46, 49, 55, 58, 62, 70] - 4181, [1, 4, 10, 11, 20, 39, 56, 63, 70] - 4348, [1, 4, 10, 11, 21, 22, 33, 47, 56, 61, 65, 67, 69, 70] - 5699]
melhor indiv??duo da gera????o:[1, 3, 13, 22, 33, 41, 44, 45, 57, 70] - 4097
gera????o: 2: 
[[1, 2, 4, 11, 20, 37, 42, 43, 52, 59, 64, 67, 68, 70] - 6437, [1, 2, 9, 11, 20, 31, 40, 44, 53, 60, 61, 68, 70] - 5551, [1, 4, 10, 11, 21, 31, 33, 49, 55, 56, 61, 65, 67, 68, 70] - 6002, [1, 4, 10, 11, 21, 31, 41, 44, 56, 60, 65, 68, 70] - 5487, [1, 2, 3, 5, 6, 12, 22, 25, 26, 31, 40, 41, 46, 49, 55, 56, 61, 63, 70] - 6007, [1, 4, 10, 11, 21, 31, 41, 47, 49, 58, 62, 70] - 4336, [1, 3, 5, 12, 14, 17, 26, 34, 46, 49, 55, 56, 60, 65, 66, 67, 69, 70] - 7084, [1, 3, 23, 31, 40, 41, 44, 45, 47, 55, 56, 61, 65, 66, 67, 69, 70] - 6584, [1, 2, 9, 21, 23, 33, 46, 49, 55, 58, 62, 70] - 4181, [1, 4, 10, 11, 21, 22, 33, 47, 56, 61, 65, 67, 69, 70] - 5699, [1, 3, 13, 40, 44, 55, 56, 63, 70] - 4403, [1, 4, 10, 11, 21, 31, 41, 47, 49, 58, 62, 70] - 4336, [1, 3, 13, 40, 44, 55, 56, 63, 70] - 4403, [1, 3, 13, 23, 25, 33, 47, 56, 61, 63, 70] - 4290, [1, 3, 13, 40, 44, 55, 56, 63, 70] - 4403, [1, 4, 10, 11, 21, 31, 41, 47, 49, 58, 62, 70] - 4336, [1, 4, 10, 11, 21, 31, 41, 47, 49, 58, 62, 70] - 4336, [1, 4, 10, 11, 21, 31, 41, 47, 49, 58, 62, 70] - 4336]
melhor indiv??duo da gera????o:[1, 2, 9, 21, 23, 33, 46, 49, 55, 58, 62, 70] - 4181
gera????o: 3: 
[[1, 2, 9, 11, 20, 31, 40, 44, 53, 60, 61, 68, 70] - 5551, [1, 4, 10, 11, 21, 31, 41, 44, 56, 60, 65, 68, 70] - 5487, [1, 4, 10, 11, 21, 31, 41, 47, 49, 58, 62, 70] - 4336, [1, 3, 23, 31, 40, 41, 44, 45, 47, 55, 56, 61, 65, 66, 67, 69, 70] - 6584, [1, 4, 10, 11, 21, 22, 33, 47, 56, 61, 65, 67, 69, 70] - 5699, [1, 4, 10, 11, 21, 31, 41, 47, 49, 58, 62, 70] - 4336, [1, 3, 13, 23, 25, 33, 47, 56, 61, 63, 70] - 4290, [1, 4, 10, 11, 21, 31, 41, 47, 49, 58, 62, 70] - 4336, [1, 4, 10, 11, 21, 31, 41, 47, 49, 58, 62, 70] - 4336, [1, 4, 10, 11, 21, 31, 41, 47, 49, 58, 62, 70] - 4336, [1, 4, 10, 11, 21, 31, 41, 47, 49, 58, 62, 70] - 4336, [1, 2, 9, 21, 23, 33, 46, 49, 55, 58, 62, 70] - 4181, [1, 4, 10, 11, 21, 31, 41, 47, 49, 58, 62, 70] - 4336, [1, 3, 13, 40, 44, 55, 56, 63, 70] - 4403, [1, 2, 9, 21, 23, 33, 46, 49, 55, 58, 62, 70] - 4181, [1, 4, 10, 11, 21, 31, 41, 47, 49, 58, 62, 70] - 4336]
melhor indiv??duo da gera????o:[1, 2, 9, 21, 23, 33, 46, 49, 55, 58, 62, 70] - 4181
gera????o: 4: 
[[1, 4, 10, 11, 21, 31, 41, 44, 56, 60, 65, 68, 70] - 5487, [1, 3, 23, 31, 40, 41, 44, 45, 47, 55, 56, 61, 65, 66, 67, 69, 70] - 6584, [1, 4, 10, 11, 21, 31, 41, 47, 49, 58, 62, 70] - 4336, [1, 4, 10, 11, 21, 31, 41, 47, 49, 58, 62, 70] - 4336, [1, 4, 10, 11, 21, 31, 41, 47, 49, 58, 62, 70] - 4336, [1, 2, 9, 21, 23, 33, 46, 49, 55, 58, 62, 70] - 4181, [1, 3, 13, 40, 44, 55, 56, 63, 70] - 4403, [1, 4, 10, 11, 21, 31, 41, 47, 49, 58, 62, 70] - 4336, [1, 3, 23, 31, 40, 41, 44, 45, 47, 55, 56, 61, 65, 66, 67, 69, 70] - 6584, [1, 4, 10, 11, 21, 31, 41, 47, 49, 58, 62, 70] - 4336, [1, 4, 10, 11, 21, 31, 41, 47, 49, 58, 62, 70] - 4336, [1, 4, 10, 11, 21, 31, 41, 47, 49, 58, 62, 70] - 4336, [1, 2, 9, 21, 23, 33, 46, 49, 55, 58, 62, 70] - 4181, [1, 4, 10, 11, 21, 31, 41, 47, 49, 58, 62, 70] - 4336]
melhor indiv??duo da gera????o:[1, 2, 9, 21, 23, 33, 46, 49, 55, 58, 62, 70] - 4181
gera????o: 5: 
[[1, 3, 23, 31, 40, 41, 44, 45, 47, 55, 56, 61, 65, 66, 67, 69, 70] - 6584, [1, 4, 10, 11, 21, 31, 41, 47, 49, 58, 62, 70] - 4336, [1, 2, 9, 21, 23, 33, 46, 49, 55, 58, 62, 70] - 4181, [1, 4, 10, 11, 21, 31, 41, 47, 49, 58, 62, 70] - 4336, [1, 4, 10, 11, 21, 31, 41, 47, 49, 58, 62, 70] - 4336, [1, 4, 10, 11, 21, 31, 41, 47, 49, 58, 62, 70] - 4336, [1, 4, 10, 11, 21, 31, 41, 47, 49, 58, 62, 70] - 4336, [1, 4, 10, 11, 21, 31, 41, 47, 49, 58, 62, 70] - 4336, [1, 4, 10, 11, 21, 31, 41, 44, 56, 60, 65, 68, 70] - 5487, [1, 2, 9, 21, 23, 33, 46, 49, 55, 58, 62, 70] - 4181, [1, 4, 10, 11, 21, 31, 41, 44, 56, 60, 65, 68, 70] - 5487, [1, 2, 9, 21, 23, 33, 46, 49, 55, 58, 62, 70] - 4181]
melhor indiv??duo da gera????o:[1, 2, 9, 21, 23, 33, 46, 49, 55, 58, 62, 70] - 4181
______________________________________________________________________________________________________________________________
