gera????o: 1: 
[[1, 4, 11, 21, 22, 23, 25, 33, 49, 58, 62, 70] - 4086, [1, 2, 9, 13, 23, 31, 40, 41, 44, 45, 47, 55, 58, 62, 70] - 4512, [1, 2, 4, 10, 20, 30, 32, 40, 44, 55, 58, 62, 70] - 4529, [1, 3, 23, 33, 40, 44, 50, 53, 61, 68, 70] - 4733, [1, 2, 4, 10, 20, 21, 31, 41, 44, 45, 57, 70] - 4741, [1, 3, 12, 22, 23, 31, 33, 41, 47, 56, 57, 70] - 4756, [1, 2, 3, 13, 31, 32, 40, 41, 47, 56, 57, 70] - 4838, [1, 4, 10, 11, 21, 23, 31, 32, 39, 56, 61, 68, 70] - 4942, [1, 3, 12, 14, 24, 27, 28, 36, 49, 58, 62, 70] - 4968, [1, 2, 3, 9, 13, 14, 17, 24, 27, 28, 36, 49, 58, 62, 70] - 5359, [1, 4, 10, 20, 29, 38, 43, 52, 60, 61, 68, 70] - 5366, [1, 4, 11, 20, 21, 22, 25, 26, 31, 33, 47, 55, 57, 70] - 5392, [1, 4, 11, 20, 21, 23, 33, 34, 35, 49, 55, 58, 62, 70] - 5392, [1, 3, 12, 13, 14, 17, 26, 31, 33, 34, 35, 49, 58, 62, 70] - 5623, [1, 4, 11, 20, 37, 38, 43, 51, 59, 60, 64, 66, 67, 69, 70] - 5796, [1, 3, 9, 13, 14, 25, 26, 31, 33, 40, 41, 45, 47, 56, 57, 70] - 6034, [1, 2, 9, 11, 20, 37, 42, 43, 51, 59, 60, 65, 66, 67, 68, 70] - 6176, [1, 4, 11, 21, 31, 41, 44, 45, 56, 60, 65, 67, 69, 70] - 6381, [1, 2, 9, 11, 20, 39, 40, 41, 45, 56, 60, 65, 66, 67, 69, 70] - 6670, [1, 4, 11, 20, 31, 41, 47, 56, 60, 64, 66, 67, 69, 70] - 6896]
melhor indiv??duo da gera????o:[1, 4, 11, 21, 22, 23, 25, 33, 49, 58, 62, 70] - 4086
gera????o: 2: 
[[1, 3, 23, 33, 46, 49, 58, 62, 70] - 3884, [1, 2, 9, 13, 23, 31, 40, 41, 44, 45, 47, 55, 58, 62, 70] - 4512, [1, 4, 10, 11, 21, 23, 31, 33, 46, 47, 55, 58, 62, 70] - 4531, [1, 3, 23, 33, 40, 44, 50, 53, 61, 68, 70] - 4733, [1, 3, 12, 22, 23, 31, 33, 41, 47, 56, 57, 70] - 4756, [1, 2, 3, 13, 31, 32, 40, 41, 47, 56, 57, 70] - 4838, [1, 4, 10, 11, 21, 23, 31, 32, 39, 56, 61, 68, 70] - 4942, [1, 2, 4, 11, 21, 23, 25, 33, 34, 41, 44, 54, 56, 63, 70] - 5064, [1, 2, 3, 9, 11, 21, 23, 31, 33, 47, 49, 55, 56, 57, 70] - 5155, [1, 4, 11, 21, 22, 24, 34, 46, 47, 56, 57, 70] - 5334, [1, 4, 10, 20, 29, 38, 43, 52, 60, 61, 68, 70] - 5366, [1, 4, 11, 20, 21, 23, 33, 34, 35, 49, 55, 58, 62, 70] - 5392, [1, 3, 12, 13, 14, 17, 26, 31, 33, 34, 35, 49, 58, 62, 70] - 5623, [1, 3, 9, 11, 21, 31, 40, 44, 50, 53, 60, 65, 66, 67, 69, 70] - 5892, [1, 2, 9, 11, 20, 37, 42, 43, 51, 59, 60, 65, 66, 67, 68, 70] - 6176, [1, 4, 11, 21, 22, 33, 39, 44, 45, 56, 60, 61, 63, 70] - 6234, [1, 4, 11, 21, 23, 31, 41, 44, 45, 56, 60, 65, 67, 69, 70] - 6590, [1, 4, 11, 20, 31, 41, 47, 56, 60, 64, 66, 67, 69, 70] - 6896]
melhor indiv??duo da gera????o:[1, 3, 23, 33, 46, 49, 58, 62, 70] - 3884
gera????o: 3: 
[[1, 3, 23, 33, 46, 49, 58, 62, 70] - 3884, [1, 3, 12, 14, 22, 25, 26, 33, 47, 55, 57, 70] - 3923, [1, 3, 12, 13, 31, 40, 44, 56, 61, 68, 70] - 4291, [1, 4, 10, 11, 21, 23, 31, 33, 46, 47, 55, 58, 62, 70] - 4531, [1, 3, 23, 33, 40, 44, 50, 53, 61, 68, 70] - 4733, [1, 2, 3, 13, 31, 32, 40, 41, 47, 56, 57, 70] - 4838, [1, 4, 11, 21, 22, 23, 25, 26, 34, 35, 36, 48, 58, 62, 70] - 4906, [1, 2, 4, 10, 11, 21, 23, 31, 41, 46, 47, 49, 58, 62, 70] - 5026, [1, 2, 3, 9, 11, 21, 23, 31, 33, 47, 49, 55, 56, 57, 70] - 5155, [1, 4, 11, 21, 22, 24, 34, 46, 47, 56, 57, 70] - 5334, [1, 4, 11, 20, 21, 23, 33, 34, 35, 49, 55, 58, 62, 70] - 5392, [1, 2, 9, 11, 20, 37, 38, 43, 52, 59, 60, 65, 68, 70] - 5568, [1, 3, 9, 11, 21, 31, 40, 44, 50, 53, 60, 65, 66, 67, 69, 70] - 5892, [1, 4, 11, 21, 22, 33, 39, 44, 45, 56, 60, 61, 63, 70] - 6234, [1, 4, 11, 21, 23, 31, 41, 44, 45, 56, 60, 65, 67, 69, 70] - 6590, [1, 4, 11, 21, 23, 31, 40, 41, 44, 55, 56, 60, 65, 67, 69, 70] - 7114]
melhor indiv??duo da gera????o:[1, 3, 23, 33, 46, 49, 58, 62, 70] - 3884
gera????o: 4: 
[[1, 3, 9, 21, 23, 33, 41, 45, 57, 70] - 3854, [1, 3, 12, 14, 22, 25, 26, 33, 47, 55, 57, 70] - 3923, [1, 4, 11, 21, 31, 33, 47, 49, 55, 57, 70] - 4203, [1, 4, 10, 11, 21, 23, 31, 33, 46, 47, 55, 58, 62, 70] - 4531, [1, 3, 23, 33, 40, 44, 50, 53, 61, 68, 70] - 4733, [1, 2, 3, 13, 31, 32, 40, 41, 47, 56, 57, 70] - 4838, [1, 4, 11, 21, 22, 23, 25, 26, 34, 35, 36, 48, 58, 62, 70] - 4906, [1, 2, 4, 10, 11, 21, 23, 31, 41, 46, 47, 49, 58, 62, 70] - 5026, [1, 2, 3, 9, 11, 21, 23, 31, 33, 47, 49, 55, 56, 57, 70] - 5155, [1, 4, 11, 21, 22, 24, 34, 46, 47, 56, 57, 70] - 5334, [1, 2, 9, 11, 20, 37, 38, 43, 52, 59, 60, 65, 68, 70] - 5568, [1, 3, 9, 11, 21, 31, 40, 44, 50, 53, 60, 65, 66, 67, 69, 70] - 5892, [1, 4, 11, 21, 22, 33, 39, 44, 45, 56, 60, 61, 63, 70] - 6234, [1, 4, 11, 21, 23, 31, 40, 41, 44, 55, 56, 60, 65, 67, 69, 70] - 7114]
melhor indiv??duo da gera????o:[1, 3, 9, 21, 23, 33, 41, 45, 57, 70] - 3854
gera????o: 5: 
[[1, 3, 12, 14, 22, 25, 26, 33, 47, 55, 57, 70] - 3923, [1, 4, 10, 11, 20, 39, 50, 53, 54, 56, 63, 70] - 4458, [1, 2, 3, 5, 12, 14, 22, 25, 33, 34, 35, 49, 58, 62, 70] - 4538, [1, 4, 11, 21, 22, 23, 31, 40, 44, 45, 47, 55, 58, 62, 70] - 4672, [1, 2, 3, 13, 31, 32, 40, 41, 47, 56, 57, 70] - 4838, [1, 4, 11, 21, 22, 23, 25, 26, 34, 35, 36, 48, 58, 62, 70] - 4906, [1, 3, 13, 22, 24, 27, 35, 49, 55, 58, 62, 70] - 4924, [1, 2, 3, 9, 11, 21, 23, 31, 33, 47, 49, 55, 56, 57, 70] - 5155, [1, 4, 10, 11, 20, 37, 38, 43, 52, 53, 61, 68, 70] - 5368, [1, 3, 13, 21, 23, 31, 33, 39, 40, 41, 46, 49, 58, 62, 70] - 5616, [1, 4, 11, 21, 22, 33, 39, 44, 45, 56, 60, 61, 63, 70] - 6234, [1, 2, 4, 10, 20, 29, 38, 43, 51, 59, 60, 61, 65, 66, 67, 68, 70] - 6767]
melhor indiv??duo da gera????o:[1, 3, 12, 14, 22, 25, 26, 33, 47, 55, 57, 70] - 3923
gera????o: 6: 
[[1, 3, 23, 25, 33, 47, 49, 58, 62, 70] - 3879, [1, 4, 10, 11, 20, 39, 50, 53, 54, 56, 63, 70] - 4458, [1, 2, 3, 5, 12, 14, 22, 25, 33, 34, 35, 49, 58, 62, 70] - 4538, [1, 4, 10, 11, 20, 32, 40, 41, 47, 55, 58, 62, 70] - 4639, [1, 2, 3, 13, 31, 32, 40, 41, 47, 56, 57, 70] - 4838, [1, 3, 13, 22, 24, 27, 35, 49, 55, 58, 62, 70] - 4924, [1, 2, 3, 9, 11, 21, 23, 31, 33, 47, 49, 55, 56, 57, 70] - 5155, [1, 4, 10, 11, 20, 37, 38, 43, 52, 53, 61, 68, 70] - 5368, [1, 4, 11, 21, 22, 33, 39, 44, 45, 56, 60, 61, 63, 70] - 6234, [1, 4, 11, 20, 29, 37, 38, 43, 52, 59, 64, 66, 67, 68, 70] - 6703]
melhor indiv??duo da gera????o:[1, 3, 23, 25, 33, 47, 49, 58, 62, 70] - 3879
gera????o: 7: 
[[1, 3, 23, 33, 46, 49, 58, 62, 70] - 3884, [1, 4, 10, 11, 20, 39, 50, 53, 54, 56, 63, 70] - 4458, [1, 4, 10, 11, 20, 32, 40, 41, 47, 55, 58, 62, 70] - 4639, [1, 2, 3, 9, 21, 31, 40, 41, 46, 49, 55, 57, 70] - 4705, [1, 3, 13, 22, 24, 27, 35, 49, 55, 58, 62, 70] - 4924, [1, 2, 3, 9, 11, 21, 23, 31, 33, 47, 49, 55, 56, 57, 70] - 5155, [1, 4, 10, 11, 20, 37, 38, 43, 52, 53, 61, 68, 70] - 5368, [1, 2, 4, 10, 20, 37, 38, 43, 52, 59, 66, 67, 69, 70] - 5979, [1, 4, 11, 20, 29, 37, 38, 43, 52, 59, 64, 66, 67, 68, 70] - 6703]
melhor indiv??duo da gera????o:[1, 3, 23, 33, 46, 49, 58, 62, 70] - 3884
gera????o: 8: 
[[1, 2, 3, 9, 21, 23, 33, 46, 49, 58, 62, 70] - 4243, [1, 4, 10, 11, 20, 32, 40, 41, 47, 55, 58, 62, 70] - 4639, [1, 2, 3, 13, 23, 31, 33, 40, 44, 54, 61, 68, 70] - 4844, [1, 2, 3, 9, 11, 21, 23, 31, 33, 47, 49, 55, 56, 57, 70] - 5155, [1, 2, 3, 9, 21, 23, 25, 33, 34, 46, 49, 55, 56, 57, 70] - 5266, [1, 4, 10, 11, 21, 31, 32, 37, 42, 52, 53, 60, 65, 68, 70] - 5363, [1, 2, 4, 10, 20, 37, 38, 43, 52, 59, 66, 67, 69, 70] - 5979, [1, 4, 10, 11, 20, 21, 31, 32, 37, 38, 43, 52, 59, 64, 67, 68, 70] - 7103]
melhor indiv??duo da gera????o:[1, 2, 3, 9, 21, 23, 33, 46, 49, 58, 62, 70] - 4243
gera????o: 9: 
[[1, 4, 10, 11, 20, 32, 40, 41, 47, 55, 58, 62, 70] - 4639, [1, 4, 11, 20, 21, 31, 40, 44, 54, 61, 63, 70] - 4706, [1, 2, 3, 13, 23, 31, 33, 40, 44, 54, 61, 68, 70] - 4844, [1, 2, 3, 9, 11, 21, 23, 31, 33, 47, 49, 55, 56, 57, 70] - 5155, [1, 4, 10, 11, 21, 31, 32, 37, 42, 52, 53, 60, 65, 68, 70] - 5363, [1, 2, 4, 11, 20, 30, 32, 37, 42, 52, 53, 60, 64, 66, 67, 68, 70] - 6546]
melhor indiv??duo da gera????o:[1, 4, 10, 11, 20, 32, 40, 41, 47, 55, 58, 62, 70] - 4639
______________________________________________________________________________________________________________________________
