gera????o: 1: 
[[1, 2, 9, 13, 21, 31, 40, 44, 54, 61, 63, 70] - 3863, [1, 2, 9, 13, 40, 44, 55, 57, 70] - 3871, [1, 2, 9, 13, 21, 31, 41, 44, 54, 61, 63, 70] - 4115, [1, 3, 13, 40, 41, 46, 49, 58, 62, 70] - 4388, [1, 4, 10, 20, 39, 40, 44, 55, 58, 62, 70] - 4504, [1, 3, 12, 22, 25, 26, 28, 34, 35, 36, 49, 58, 62, 70] - 4573, [1, 3, 9, 11, 21, 23, 31, 32, 39, 44, 56, 61, 63, 70] - 4638, [1, 3, 23, 33, 41, 45, 47, 56, 61, 68, 70] - 4716, [1, 2, 4, 10, 20, 32, 40, 44, 45, 47, 49, 55, 58, 62, 70] - 4868, [1, 2, 4, 10, 20, 39, 44, 55, 56, 63, 70] - 4899, [1, 4, 11, 21, 22, 24, 36, 49, 58, 62, 70] - 4905, [1, 4, 10, 20, 21, 31, 41, 44, 45, 56, 57, 70] - 4977, [1, 4, 11, 20, 31, 40, 41, 47, 49, 55, 57, 70] - 5058, [1, 4, 11, 20, 31, 41, 46, 49, 58, 62, 70] - 5084, [1, 3, 23, 25, 33, 34, 41, 45, 47, 56, 57, 70] - 5158, [1, 2, 4, 11, 20, 31, 41, 45, 47, 55, 56, 63, 70] - 5180, [1, 2, 4, 10, 11, 21, 31, 33, 40, 41, 45, 47, 55, 56, 57, 70] - 5233, [1, 4, 10, 11, 20, 39, 53, 60, 64, 67, 68, 70] - 5666, [1, 4, 10, 11, 20, 32, 37, 38, 43, 52, 60, 65, 68, 70] - 5761, [1, 4, 10, 20, 37, 38, 43, 51, 59, 64, 65, 67, 68, 70] - 6100]
melhor indiv??duo da gera????o:[1, 2, 9, 13, 21, 31, 40, 44, 54, 61, 63, 70] - 3863
gera????o: 2: 
[[1, 2, 9, 13, 21, 31, 40, 44, 54, 61, 63, 70] - 3863, [1, 2, 9, 13, 21, 31, 40, 44, 54, 61, 63, 70] - 3863, [1, 2, 9, 13, 40, 44, 55, 57, 70] - 3871, [1, 4, 11, 21, 31, 40, 44, 54, 61, 63, 70] - 4014, [1, 3, 13, 40, 44, 45, 47, 49, 58, 62, 70] - 4268, [1, 3, 13, 40, 41, 46, 49, 58, 62, 70] - 4388, [1, 3, 13, 40, 41, 46, 49, 58, 62, 70] - 4388, [1, 2, 9, 13, 21, 31, 40, 44, 55, 56, 63, 70] - 4456, [1, 4, 10, 20, 39, 40, 44, 55, 58, 62, 70] - 4504, [1, 3, 12, 22, 25, 26, 28, 34, 35, 36, 49, 58, 62, 70] - 4573, [1, 3, 12, 22, 25, 26, 28, 34, 35, 36, 49, 58, 62, 70] - 4573, [1, 3, 23, 33, 41, 45, 47, 56, 61, 68, 70] - 4716, [1, 2, 4, 10, 20, 32, 40, 44, 45, 47, 49, 55, 58, 62, 70] - 4868, [1, 2, 4, 10, 20, 32, 40, 44, 45, 47, 49, 55, 58, 62, 70] - 4868, [1, 2, 4, 10, 20, 39, 44, 55, 56, 63, 70] - 4899, [1, 4, 11, 21, 22, 24, 36, 49, 58, 62, 70] - 4905, [1, 4, 10, 20, 21, 31, 41, 44, 45, 56, 57, 70] - 4977, [1, 4, 11, 20, 31, 40, 41, 47, 49, 55, 57, 70] - 5058, [1, 4, 11, 20, 31, 41, 46, 49, 58, 62, 70] - 5084, [1, 2, 4, 11, 20, 31, 41, 45, 47, 55, 56, 63, 70] - 5180, [1, 4, 10, 11, 20, 39, 53, 60, 64, 67, 68, 70] - 5666, [1, 4, 10, 11, 20, 32, 37, 38, 43, 52, 60, 65, 68, 70] - 5761, [1, 4, 10, 20, 37, 38, 43, 51, 59, 64, 65, 67, 68, 70] - 6100]
melhor indiv??duo da gera????o:[1, 2, 9, 13, 21, 31, 40, 44, 54, 61, 63, 70] - 3863
gera????o: 3: 
[[1, 2, 9, 13, 21, 31, 40, 44, 54, 61, 63, 70] - 3863, [1, 2, 9, 13, 21, 31, 40, 44, 54, 61, 63, 70] - 3863, [1, 2, 9, 13, 21, 31, 40, 44, 54, 61, 63, 70] - 3863, [1, 4, 11, 21, 31, 40, 44, 54, 61, 63, 70] - 4014, [1, 3, 13, 40, 44, 45, 47, 49, 58, 62, 70] - 4268, [1, 3, 13, 40, 44, 45, 47, 49, 58, 62, 70] - 4268, [1, 3, 13, 40, 41, 46, 49, 58, 62, 70] - 4388, [1, 2, 9, 13, 21, 31, 40, 44, 55, 56, 63, 70] - 4456, [1, 3, 12, 22, 25, 26, 28, 34, 35, 36, 49, 58, 62, 70] - 4573, [1, 3, 23, 33, 41, 45, 47, 56, 61, 68, 70] - 4716, [1, 2, 4, 10, 20, 32, 40, 44, 45, 47, 49, 55, 58, 62, 70] - 4868, [1, 4, 11, 21, 22, 24, 36, 49, 58, 62, 70] - 4905, [1, 4, 11, 20, 31, 40, 41, 47, 49, 55, 57, 70] - 5058, [1, 2, 4, 11, 20, 31, 41, 45, 47, 55, 56, 63, 70] - 5180, [1, 4, 10, 11, 20, 32, 37, 38, 43, 52, 60, 65, 68, 70] - 5761]
melhor indiv??duo da gera????o:[1, 2, 9, 13, 21, 31, 40, 44, 54, 61, 63, 70] - 3863
gera????o: 4: 
[[1, 2, 9, 13, 21, 31, 40, 44, 54, 61, 63, 70] - 3863, [1, 2, 9, 13, 21, 31, 40, 44, 54, 61, 63, 70] - 3863, [1, 2, 9, 13, 21, 31, 40, 44, 54, 61, 63, 70] - 3863, [1, 2, 9, 13, 21, 31, 40, 44, 54, 61, 63, 70] - 3863, [1, 2, 9, 13, 21, 31, 40, 44, 54, 61, 63, 70] - 3863, [1, 2, 9, 13, 21, 31, 40, 44, 54, 61, 63, 70] - 3863, [1, 2, 9, 13, 21, 31, 40, 44, 54, 61, 63, 70] - 3863, [1, 4, 11, 21, 31, 40, 44, 54, 61, 63, 70] - 4014, [1, 4, 11, 21, 31, 40, 44, 54, 61, 63, 70] - 4014, [1, 3, 13, 40, 44, 45, 47, 49, 58, 62, 70] - 4268, [1, 3, 13, 40, 41, 46, 49, 58, 62, 70] - 4388, [1, 2, 9, 13, 21, 31, 40, 44, 55, 56, 63, 70] - 4456, [1, 3, 12, 22, 25, 26, 28, 34, 35, 36, 49, 58, 62, 70] - 4573, [1, 2, 4, 10, 20, 32, 40, 44, 45, 47, 49, 55, 58, 62, 70] - 4868, [1, 2, 4, 10, 20, 32, 40, 44, 45, 47, 49, 55, 58, 62, 70] - 4868, [1, 4, 11, 20, 31, 40, 41, 47, 49, 55, 57, 70] - 5058, [1, 4, 10, 11, 20, 32, 37, 38, 43, 52, 60, 65, 68, 70] - 5761]
melhor indiv??duo da gera????o:[1, 2, 9, 13, 21, 31, 40, 44, 54, 61, 63, 70] - 3863
gera????o: 5: 
[[1, 2, 9, 13, 21, 31, 40, 44, 54, 61, 63, 70] - 3863, [1, 2, 9, 13, 21, 31, 40, 44, 54, 61, 63, 70] - 3863, [1, 2, 9, 13, 21, 31, 40, 44, 54, 61, 63, 70] - 3863, [1, 2, 9, 13, 21, 31, 40, 44, 54, 61, 63, 70] - 3863, [1, 2, 9, 13, 21, 31, 40, 44, 54, 61, 63, 70] - 3863, [1, 2, 9, 13, 21, 31, 40, 44, 54, 61, 63, 70] - 3863, [1, 2, 9, 13, 21, 31, 40, 44, 54, 61, 63, 70] - 3863, [1, 2, 9, 13, 21, 31, 40, 44, 54, 61, 63, 70] - 3863, [1, 4, 11, 21, 31, 40, 44, 54, 61, 63, 70] - 4014, [1, 4, 11, 21, 31, 40, 44, 54, 61, 63, 70] - 4014, [1, 4, 11, 21, 31, 40, 44, 54, 61, 63, 70] - 4014, [1, 4, 11, 21, 31, 40, 44, 54, 61, 63, 70] - 4014, [1, 3, 13, 40, 41, 46, 49, 58, 62, 70] - 4388, [1, 2, 9, 13, 21, 31, 40, 44, 55, 56, 63, 70] - 4456, [1, 3, 13, 21, 31, 40, 41, 46, 49, 58, 62, 70] - 4513, [1, 3, 12, 22, 25, 26, 28, 34, 35, 36, 49, 58, 62, 70] - 4573, [1, 2, 4, 10, 20, 32, 40, 44, 45, 47, 49, 55, 58, 62, 70] - 4868, [1, 4, 11, 20, 31, 40, 41, 47, 49, 55, 57, 70] - 5058]
melhor indiv??duo da gera????o:[1, 2, 9, 13, 21, 31, 40, 44, 54, 61, 63, 70] - 3863
gera????o: 6: 
[[1, 2, 9, 13, 21, 31, 40, 44, 54, 61, 63, 70] - 3863, [1, 2, 9, 13, 21, 31, 40, 44, 54, 61, 63, 70] - 3863, [1, 2, 9, 13, 21, 31, 40, 44, 54, 61, 63, 70] - 3863, [1, 2, 9, 13, 21, 31, 40, 44, 54, 61, 63, 70] - 3863, [1, 2, 9, 13, 21, 31, 40, 44, 54, 61, 63, 70] - 3863, [1, 2, 9, 13, 21, 31, 40, 44, 54, 61, 63, 70] - 3863, [1, 2, 9, 13, 21, 31, 40, 44, 54, 61, 63, 70] - 3863, [1, 2, 9, 13, 21, 31, 40, 44, 54, 61, 63, 70] - 3863, [1, 2, 9, 13, 21, 31, 40, 44, 54, 61, 63, 70] - 3863, [1, 2, 9, 13, 21, 31, 40, 44, 54, 61, 63, 70] - 3863, [1, 4, 11, 21, 31, 40, 44, 54, 61, 63, 70] - 4014, [1, 4, 11, 21, 31, 40, 44, 54, 61, 63, 70] - 4014, [1, 4, 11, 21, 31, 40, 44, 54, 61, 63, 70] - 4014, [1, 3, 13, 40, 41, 46, 49, 58, 62, 70] - 4388, [1, 3, 13, 21, 31, 40, 41, 46, 49, 58, 62, 70] - 4513, [1, 4, 11, 21, 31, 40, 41, 46, 49, 58, 62, 70] - 4592, [1, 4, 11, 20, 31, 40, 41, 47, 49, 55, 57, 70] - 5058]
melhor indiv??duo da gera????o:[1, 2, 9, 13, 21, 31, 40, 44, 54, 61, 63, 70] - 3863
gera????o: 7: 
[[1, 2, 9, 13, 21, 31, 40, 44, 54, 61, 63, 70] - 3863, [1, 2, 9, 13, 21, 31, 40, 44, 54, 61, 63, 70] - 3863, [1, 2, 9, 13, 21, 31, 40, 44, 54, 61, 63, 70] - 3863, [1, 2, 9, 13, 21, 31, 40, 44, 54, 61, 63, 70] - 3863, [1, 2, 9, 13, 21, 31, 40, 44, 54, 61, 63, 70] - 3863, [1, 2, 9, 13, 21, 31, 40, 44, 54, 61, 63, 70] - 3863, [1, 2, 9, 13, 21, 31, 40, 44, 54, 61, 63, 70] - 3863, [1, 2, 9, 13, 21, 31, 40, 44, 54, 61, 63, 70] - 3863, [1, 2, 9, 13, 21, 31, 40, 44, 54, 61, 63, 70] - 3863, [1, 2, 9, 13, 21, 31, 40, 44, 54, 61, 63, 70] - 3863, [1, 2, 9, 13, 21, 31, 40, 44, 54, 61, 63, 70] - 3863, [1, 4, 11, 21, 31, 40, 44, 54, 61, 63, 70] - 4014, [1, 4, 11, 21, 31, 40, 44, 54, 61, 63, 70] - 4014, [1, 4, 11, 21, 31, 40, 44, 54, 61, 63, 70] - 4014, [1, 4, 11, 21, 31, 40, 44, 54, 61, 63, 70] - 4014, [1, 3, 13, 21, 31, 40, 41, 46, 49, 58, 62, 70] - 4513, [1, 4, 11, 21, 31, 40, 41, 46, 49, 58, 62, 70] - 4592]
melhor indiv??duo da gera????o:[1, 2, 9, 13, 21, 31, 40, 44, 54, 61, 63, 70] - 3863
gera????o: 8: 
[[1, 2, 9, 13, 21, 31, 40, 44, 54, 61, 63, 70] - 3863, [1, 2, 9, 13, 21, 31, 40, 44, 54, 61, 63, 70] - 3863, [1, 2, 9, 13, 21, 31, 40, 44, 54, 61, 63, 70] - 3863, [1, 2, 9, 13, 21, 31, 40, 44, 54, 61, 63, 70] - 3863, [1, 2, 9, 13, 21, 31, 40, 44, 54, 61, 63, 70] - 3863, [1, 2, 9, 13, 21, 31, 40, 44, 54, 61, 63, 70] - 3863, [1, 2, 9, 13, 21, 31, 40, 44, 54, 61, 63, 70] - 3863, [1, 2, 9, 13, 21, 31, 40, 44, 54, 61, 63, 70] - 3863, [1, 2, 9, 13, 21, 31, 40, 44, 54, 61, 63, 70] - 3863, [1, 2, 9, 13, 21, 31, 40, 44, 54, 61, 63, 70] - 3863, [1, 2, 9, 13, 21, 31, 40, 44, 54, 61, 63, 70] - 3863, [1, 2, 9, 13, 21, 31, 40, 44, 54, 61, 63, 70] - 3863, [1, 4, 11, 21, 31, 40, 44, 54, 61, 63, 70] - 4014, [1, 4, 11, 21, 31, 40, 44, 54, 61, 63, 70] - 4014, [1, 3, 13, 21, 31, 40, 41, 46, 49, 58, 62, 70] - 4513]
melhor indiv??duo da gera????o:[1, 2, 9, 13, 21, 31, 40, 44, 54, 61, 63, 70] - 3863
gera????o: 9: 
[[1, 2, 9, 13, 21, 31, 40, 44, 54, 61, 63, 70] - 3863, [1, 2, 9, 13, 21, 31, 40, 44, 54, 61, 63, 70] - 3863, [1, 2, 9, 13, 21, 31, 40, 44, 54, 61, 63, 70] - 3863, [1, 2, 9, 13, 21, 31, 40, 44, 54, 61, 63, 70] - 3863, [1, 2, 9, 13, 21, 31, 40, 44, 54, 61, 63, 70] - 3863, [1, 2, 9, 13, 21, 31, 40, 44, 54, 61, 63, 70] - 3863, [1, 2, 9, 13, 21, 31, 40, 44, 54, 61, 63, 70] - 3863, [1, 2, 9, 13, 21, 31, 40, 44, 54, 61, 63, 70] - 3863, [1, 2, 9, 13, 21, 31, 40, 44, 54, 61, 63, 70] - 3863, [1, 2, 9, 13, 21, 31, 40, 44, 54, 61, 63, 70] - 3863, [1, 2, 9, 13, 21, 31, 40, 44, 54, 61, 63, 70] - 3863, [1, 2, 9, 13, 21, 31, 40, 44, 54, 61, 63, 70] - 3863, [1, 4, 11, 21, 31, 40, 44, 54, 61, 63, 70] - 4014]
melhor indiv??duo da gera????o:[1, 2, 9, 13, 21, 31, 40, 44, 54, 61, 63, 70] - 3863
gera????o: 10: 
[[1, 2, 9, 13, 21, 31, 40, 44, 54, 61, 63, 70] - 3863, [1, 2, 9, 13, 21, 31, 40, 44, 54, 61, 63, 70] - 3863, [1, 2, 9, 13, 21, 31, 40, 44, 54, 61, 63, 70] - 3863, [1, 2, 9, 13, 21, 31, 40, 44, 54, 61, 63, 70] - 3863, [1, 2, 9, 13, 21, 31, 40, 44, 54, 61, 63, 70] - 3863, [1, 2, 9, 13, 21, 31, 40, 44, 54, 61, 63, 70] - 3863, [1, 2, 9, 13, 21, 31, 40, 44, 54, 61, 63, 70] - 3863, [1, 2, 9, 13, 21, 31, 40, 44, 54, 61, 63, 70] - 3863, [1, 2, 9, 13, 21, 31, 40, 44, 54, 61, 63, 70] - 3863, [1, 2, 9, 13, 21, 31, 40, 44, 54, 61, 63, 70] - 3863, [1, 2, 9, 13, 21, 31, 40, 44, 54, 61, 63, 70] - 3863, [1, 4, 11, 21, 31, 40, 44, 54, 61, 63, 70] - 4014]
melhor indiv??duo da gera????o:[1, 2, 9, 13, 21, 31, 40, 44, 54, 61, 63, 70] - 3863
gera????o: 11: 
[[1, 2, 9, 13, 21, 31, 40, 44, 54, 61, 63, 70] - 3863, [1, 2, 9, 13, 21, 31, 40, 44, 54, 61, 63, 70] - 3863, [1, 2, 9, 13, 21, 31, 40, 44, 54, 61, 63, 70] - 3863, [1, 2, 9, 13, 21, 31, 40, 44, 54, 61, 63, 70] - 3863, [1, 2, 9, 13, 21, 31, 40, 44, 54, 61, 63, 70] - 3863, [1, 2, 9, 13, 21, 31, 40, 44, 54, 61, 63, 70] - 3863, [1, 2, 9, 13, 21, 31, 40, 44, 54, 61, 63, 70] - 3863, [1, 2, 9, 13, 21, 31, 40, 44, 54, 61, 63, 70] - 3863, [1, 2, 9, 13, 21, 31, 40, 44, 54, 61, 63, 70] - 3863, [1, 2, 9, 13, 21, 31, 40, 44, 54, 61, 63, 70] - 3863]
melhor indiv??duo da gera????o:[1, 2, 9, 13, 21, 31, 40, 44, 54, 61, 63, 70] - 3863
gera????o: 12: 
[[1, 2, 9, 13, 21, 31, 40, 44, 54, 61, 63, 70] - 3863, [1, 2, 9, 13, 21, 31, 40, 44, 54, 61, 63, 70] - 3863, [1, 2, 9, 13, 21, 31, 40, 44, 54, 61, 63, 70] - 3863, [1, 2, 9, 13, 21, 31, 40, 44, 54, 61, 63, 70] - 3863, [1, 2, 9, 13, 21, 31, 40, 44, 54, 61, 63, 70] - 3863, [1, 2, 9, 13, 21, 31, 40, 44, 54, 61, 63, 70] - 3863, [1, 2, 9, 13, 21, 31, 40, 44, 54, 61, 63, 70] - 3863, [1, 2, 9, 13, 21, 31, 40, 44, 54, 61, 63, 70] - 3863, [1, 2, 9, 13, 21, 31, 40, 44, 54, 61, 63, 70] - 3863]
melhor indiv??duo da gera????o:[1, 2, 9, 13, 21, 31, 40, 44, 54, 61, 63, 70] - 3863
gera????o: 13: 
[[1, 2, 9, 13, 21, 31, 40, 44, 54, 61, 63, 70] - 3863, [1, 2, 9, 13, 21, 31, 40, 44, 54, 61, 63, 70] - 3863, [1, 2, 9, 13, 21, 31, 40, 44, 54, 61, 63, 70] - 3863, [1, 2, 9, 13, 21, 31, 40, 44, 54, 61, 63, 70] - 3863, [1, 2, 9, 13, 21, 31, 40, 44, 54, 61, 63, 70] - 3863, [1, 2, 9, 13, 21, 31, 40, 44, 54, 61, 63, 70] - 3863, [1, 2, 9, 13, 21, 31, 40, 44, 54, 61, 63, 70] - 3863, [1, 2, 9, 13, 21, 31, 40, 44, 54, 61, 63, 70] - 3863]
melhor indiv??duo da gera????o:[1, 2, 9, 13, 21, 31, 40, 44, 54, 61, 63, 70] - 3863
gera????o: 14: 
[[1, 2, 9, 13, 21, 31, 40, 44, 54, 61, 63, 70] - 3863, [1, 2, 9, 13, 21, 31, 40, 44, 54, 61, 63, 70] - 3863, [1, 2, 9, 13, 21, 31, 40, 44, 54, 61, 63, 70] - 3863, [1, 2, 9, 13, 21, 31, 40, 44, 54, 61, 63, 70] - 3863, [1, 2, 9, 13, 21, 31, 40, 44, 54, 61, 63, 70] - 3863, [1, 2, 9, 13, 21, 31, 40, 44, 54, 61, 63, 70] - 3863]
melhor indiv??duo da gera????o:[1, 2, 9, 13, 21, 31, 40, 44, 54, 61, 63, 70] - 3863
gera????o: 15: 
[[1, 2, 9, 13, 21, 31, 40, 44, 54, 61, 63, 70] - 3863, [1, 2, 9, 13, 21, 31, 40, 44, 54, 61, 63, 70] - 3863, [1, 2, 9, 13, 21, 31, 40, 44, 54, 61, 63, 70] - 3863, [1, 2, 9, 13, 21, 31, 40, 44, 54, 61, 63, 70] - 3863, [1, 2, 9, 13, 21, 31, 40, 44, 54, 61, 63, 70] - 3863]
melhor indiv??duo da gera????o:[1, 2, 9, 13, 21, 31, 40, 44, 54, 61, 63, 70] - 3863
gera????o: 16: 
[[1, 2, 9, 13, 21, 31, 40, 44, 54, 61, 63, 70] - 3863, [1, 2, 9, 13, 21, 31, 40, 44, 54, 61, 63, 70] - 3863, [1, 2, 9, 13, 21, 31, 40, 44, 54, 61, 63, 70] - 3863, [1, 2, 9, 13, 21, 31, 40, 44, 54, 61, 63, 70] - 3863]
melhor indiv??duo da gera????o:[1, 2, 9, 13, 21, 31, 40, 44, 54, 61, 63, 70] - 3863
gera????o: 17: 
[[1, 2, 9, 13, 21, 31, 40, 44, 54, 61, 63, 70] - 3863, [1, 2, 9, 13, 21, 31, 40, 44, 54, 61, 63, 70] - 3863, [1, 2, 9, 13, 21, 31, 40, 44, 54, 61, 63, 70] - 3863]
melhor indiv??duo da gera????o:[1, 2, 9, 13, 21, 31, 40, 44, 54, 61, 63, 70] - 3863
gera????o: 18: 
[[1, 2, 9, 13, 21, 31, 40, 44, 54, 61, 63, 70] - 3863, [1, 2, 9, 13, 21, 31, 40, 44, 54, 61, 63, 70] - 3863]
melhor indiv??duo da gera????o:[1, 2, 9, 13, 21, 31, 40, 44, 54, 61, 63, 70] - 3863
______________________________________________________________________________________________________________________________
