geração: 1: 
[[1, 2, 4, 11, 14, 10, 12, 16, 17, 19, 20] - 67, [1, 2, 3, 8, 10, 14, 15, 20] - 37, [1, 2, 3, 5, 8, 10, 14, 15, 20] - 43, [1, 2, 4, 11, 14, 13, 19, 20] - 40, [1, 2, 5, 8, 10, 13, 19, 20] - 42, [1, 3, 6, 8, 10, 14, 15, 20] - 38, [1, 2, 3, 5, 12, 19, 20] - 37, [1, 2, 3, 6, 7, 9, 16, 10, 13, 19, 20] - 59, [1, 3, 6, 8, 9, 12, 19, 20] - 38, [1, 3, 8, 10, 12, 16, 17, 19, 20] - 57, [1, 2, 5, 10, 13, 19, 20] - 33, [1, 2, 3, 8, 10, 13, 15, 20] - 41, [1, 2, 4, 11, 10, 12, 16, 17, 18, 19, 20] - 69, [1, 2, 4, 11, 13, 19, 20] - 34, [1, 6, 7, 9, 16, 17, 18, 12, 5, 10, 13, 19, 20] - 85, [1, 3, 6, 8, 9, 10, 12, 16, 17, 18, 13, 19, 20] - 74, [1, 3, 8, 10, 13, 14, 15, 20] - 46, [1, 6, 8, 9, 10, 14, 13, 15, 20] - 43, [1, 6, 8, 10, 12, 19, 20] - 46, [1, 2, 3, 6, 7, 8, 9, 10, 13, 14, 15, 20] - 65]
melhor indivíduo da geração:[1, 2, 5, 10, 13, 19, 20] - 33
geração: 2: 
[[1, 2, 5, 10, 13, 19, 20] - 33, [1, 2, 4, 11, 13, 19, 20] - 34, [1, 6, 8, 9, 12, 19, 20] - 35, [1, 3, 5, 10, 14, 13, 19, 20] - 35, [1, 2, 3, 8, 10, 14, 15, 20] - 37, [1, 2, 3, 5, 12, 19, 20] - 37, [1, 3, 6, 8, 10, 14, 15, 20] - 38, [1, 3, 6, 8, 9, 12, 19, 20] - 38, [1, 2, 5, 8, 9, 13, 15, 20] - 39, [1, 2, 4, 11, 14, 13, 19, 20] - 40, [1, 2, 3, 8, 10, 13, 15, 20] - 41, [1, 2, 5, 8, 10, 13, 19, 20] - 42, [1, 2, 3, 5, 12, 13, 14, 10] - 42, [1, 2, 3, 5, 8, 10, 14, 15, 20] - 43, [1, 6, 8, 9, 10, 14, 13, 15, 20] - 43, [1, 3, 8, 10, 13, 14, 15, 20] - 46, [1, 6, 8, 10, 12, 19, 20] - 46, [1, 6, 7, 8, 3, 5, 10, 13, 15, 20] - 48, [1, 6, 7, 9, 12, 13, 14, 15, 20] - 48, [1, 3, 8, 10, 12, 16, 17, 19, 20] - 57, [1, 2, 3, 6, 7, 9, 16, 10, 13, 19, 20] - 59, [1, 3, 5, 10, 12, 16, 17, 18, 19, 20] - 60, [1, 3, 6, 7, 9, 16, 10, 13, 14, 15, 20] - 64, [1, 2, 3, 6, 8, 9, 12, 5, 10, 13, 19, 20] - 64, [1, 2, 4, 11, 14, 10, 12, 16, 17, 19, 20] - 67, [1, 3, 6, 8, 9, 10, 12, 16, 17, 18, 13, 19, 20] - 74, [1, 3, 6, 7, 9, 13, 14, 10, 12, 16, 17, 19, 20] - 87]
melhor indivíduo da geração:[1, 2, 5, 10, 13, 19, 20] - 33
geração: 3: 
[[1, 2, 5, 10, 13, 19, 20] - 33, [1, 2, 4, 11, 13, 19, 20] - 34, [1, 6, 8, 9, 12, 19, 20] - 35, [1, 3, 5, 10, 14, 13, 19, 20] - 35, [1, 2, 3, 8, 10, 14, 15, 20] - 37, [1, 2, 3, 5, 12, 19, 20] - 37, [1, 3, 6, 8, 10, 14, 15, 20] - 38, [1, 3, 6, 8, 9, 12, 19, 20] - 38, [1, 2, 5, 8, 9, 13, 15, 20] - 39, [1, 2, 4, 11, 14, 13, 19, 20] - 40, [1, 2, 3, 8, 10, 13, 15, 20] - 41, [1, 2, 5, 8, 10, 13, 19, 20] - 42, [1, 2, 3, 5, 12, 13, 14, 10] - 42, [1, 2, 3, 5, 8, 10, 14, 15, 20] - 43, [1, 6, 8, 9, 10, 14, 13, 15, 20] - 43, [1, 3, 8, 9, 10, 12, 13, 19, 20] - 43, [1, 3, 8, 10, 13, 14, 15, 20] - 46, [1, 6, 8, 10, 12, 19, 20] - 46, [1, 6, 7, 8, 3, 5, 10, 13, 15, 20] - 48, [1, 6, 7, 9, 12, 13, 14, 15, 20] - 48, [1, 2, 5, 10, 12, 13, 14, 15, 20] - 48, [1, 3, 8, 10, 12, 16, 17, 19, 20] - 57, [1, 2, 3, 6, 7, 9, 16, 10, 13, 19, 20] - 59, [1, 3, 6, 7, 9, 16, 10, 13, 14, 15, 20] - 64, [1, 2, 4, 11, 14, 10, 12, 16, 17, 19, 20] - 67, [1, 3, 6, 7, 9, 13, 14, 10, 12, 16, 17, 19, 20] - 87]
melhor indivíduo da geração:[1, 2, 5, 10, 13, 19, 20] - 33
geração: 4: 
[[1, 2, 5, 10, 13, 19, 20] - 33, [1, 2, 4, 11, 13, 19, 20] - 34, [1, 6, 8, 9, 12, 19, 20] - 35, [1, 3, 5, 10, 14, 13, 19, 20] - 35, [1, 2, 3, 8, 10, 14, 15, 20] - 37, [1, 2, 3, 5, 12, 19, 20] - 37, [1, 3, 6, 8, 10, 14, 15, 20] - 38, [1, 3, 6, 8, 9, 12, 19, 20] - 38, [1, 2, 5, 8, 9, 13, 15, 20] - 39, [1, 2, 4, 11, 14, 13, 19, 20] - 40, [1, 2, 3, 8, 10, 13, 15, 20] - 41, [1, 2, 5, 8, 10, 13, 19, 20] - 42, [1, 2, 3, 5, 12, 13, 14, 10] - 42, [1, 2, 3, 5, 8, 10, 14, 15, 20] - 43, [1, 6, 8, 9, 10, 14, 13, 15, 20] - 43, [1, 3, 8, 9, 10, 12, 13, 19, 20] - 43, [1, 3, 8, 10, 13, 14, 15, 20] - 46, [1, 6, 8, 10, 12, 19, 20] - 46, [1, 6, 7, 8, 3, 5, 10, 13, 15, 20] - 48, [1, 6, 7, 9, 12, 13, 14, 15, 20] - 48, [1, 2, 5, 10, 12, 13, 14, 15, 20] - 48, [1, 2, 3, 5, 12, 16, 10, 14, 15, 20] - 49, [1, 2, 3, 6, 7, 9, 16, 10, 13, 19, 20] - 59, [1, 2, 4, 11, 14, 10, 12, 16, 17, 19, 20] - 67, [1, 2, 4, 11, 10, 12, 5, 8, 3, 6, 7, 9, 16, 17, 19, 20] - 101]
melhor indivíduo da geração:[1, 2, 5, 10, 13, 19, 20] - 33
geração: 5: 
[[1, 3, 5, 12, 13, 19, 20] - 30, [1, 2, 5, 10, 13, 19, 20] - 33, [1, 2, 4, 11, 13, 19, 20] - 34, [1, 6, 8, 9, 12, 19, 20] - 35, [1, 3, 5, 10, 14, 13, 19, 20] - 35, [1, 2, 3, 8, 10, 14, 15, 20] - 37, [1, 2, 3, 5, 12, 19, 20] - 37, [1, 3, 6, 8, 10, 14, 15, 20] - 38, [1, 3, 6, 8, 9, 12, 19, 20] - 38, [1, 2, 5, 8, 9, 13, 15, 20] - 39, [1, 2, 4, 11, 14, 13, 19, 20] - 40, [1, 2, 3, 8, 10, 13, 15, 20] - 41, [1, 2, 5, 8, 10, 13, 19, 20] - 42, [1, 2, 3, 5, 12, 13, 14, 10] - 42, [1, 2, 3, 5, 8, 10, 14, 15, 20] - 43, [1, 6, 8, 9, 10, 14, 13, 15, 20] - 43, [1, 3, 8, 9, 10, 12, 13, 19, 20] - 43, [1, 3, 8, 10, 13, 14, 15, 20] - 46, [1, 6, 8, 10, 12, 19, 20] - 46, [1, 3, 5, 8, 10, 12, 13, 19, 20] - 47, [1, 6, 7, 8, 3, 5, 10, 13, 15, 20] - 48, [1, 6, 7, 9, 12, 13, 14, 15, 20] - 48, [1, 2, 5, 10, 12, 13, 14, 15, 20] - 48, [1, 2, 3, 6, 7, 9, 16, 10, 13, 19, 20] - 59, [1, 2, 4, 11, 10, 12, 5, 8, 3, 6, 7, 9, 16, 17, 19, 20] - 101]
melhor indivíduo da geração:[1, 3, 5, 12, 13, 19, 20] - 30
geração: 6: 
[[1, 3, 5, 12, 13, 19, 20] - 30, [1, 2, 5, 10, 13, 19, 20] - 33, [1, 2, 4, 11, 13, 19, 20] - 34, [1, 6, 8, 9, 12, 19, 20] - 35, [1, 3, 5, 10, 14, 13, 19, 20] - 35, [1, 2, 3, 8, 10, 14, 15, 20] - 37, [1, 2, 3, 5, 12, 19, 20] - 37, [1, 3, 6, 8, 10, 14, 15, 20] - 38, [1, 3, 6, 8, 9, 12, 19, 20] - 38, [1, 2, 5, 8, 9, 13, 15, 20] - 39, [1, 2, 4, 11, 14, 13, 19, 20] - 40, [1, 2, 3, 8, 10, 13, 15, 20] - 41, [1, 2, 5, 8, 10, 13, 19, 20] - 42, [1, 2, 3, 5, 12, 13, 14, 10] - 42, [1, 2, 3, 5, 8, 10, 14, 15, 20] - 43, [1, 6, 8, 9, 10, 14, 13, 15, 20] - 43, [1, 3, 8, 9, 10, 12, 13, 19, 20] - 43, [1, 3, 8, 10, 13, 14, 15, 20] - 46, [1, 6, 8, 10, 12, 19, 20] - 46, [1, 3, 5, 8, 10, 12, 13, 19, 20] - 47, [1, 6, 7, 8, 3, 5, 10, 13, 15, 20] - 48, [1, 6, 7, 9, 12, 13, 14, 15, 20] - 48, [1, 2, 5, 10, 12, 13, 14, 15, 20] - 48, [1, 6, 7, 8, 9, 16, 17, 18, 19, 20] - 56, [1, 2, 4, 11, 10, 12, 5, 8, 3, 6, 7, 9, 16, 17, 19, 20] - 101]
melhor indivíduo da geração:[1, 3, 5, 12, 13, 19, 20] - 30
geração: 7: 
[[1, 3, 5, 12, 13, 19, 20] - 30, [1, 2, 5, 10, 13, 19, 20] - 33, [1, 2, 4, 11, 13, 19, 20] - 34, [1, 6, 8, 9, 12, 19, 20] - 35, [1, 3, 5, 10, 14, 13, 19, 20] - 35, [1, 2, 3, 8, 10, 14, 15, 20] - 37, [1, 2, 3, 5, 12, 19, 20] - 37, [1, 3, 6, 8, 10, 14, 15, 20] - 38, [1, 3, 6, 8, 9, 12, 19, 20] - 38, [1, 6, 8, 3, 5, 10, 14, 15, 20] - 38, [1, 2, 5, 8, 9, 13, 15, 20] - 39, [1, 2, 4, 11, 14, 13, 19, 20] - 40, [1, 2, 3, 8, 10, 13, 15, 20] - 41, [1, 2, 5, 8, 10, 13, 19, 20] - 42, [1, 2, 3, 5, 12, 13, 14, 10] - 42, [1, 2, 3, 5, 8, 10, 14, 15, 20] - 43, [1, 6, 8, 9, 10, 14, 13, 15, 20] - 43, [1, 3, 8, 9, 10, 12, 13, 19, 20] - 43, [1, 3, 6, 7, 8, 10, 14, 15, 20] - 44, [1, 3, 8, 10, 13, 14, 15, 20] - 46, [1, 6, 8, 10, 12, 19, 20] - 46, [1, 3, 5, 8, 10, 12, 13, 19, 20] - 47, [1, 6, 7, 9, 12, 13, 14, 15, 20] - 48, [1, 6, 7, 8, 9, 16, 17, 18, 19, 20] - 56]
melhor indivíduo da geração:[1, 3, 5, 12, 13, 19, 20] - 30
geração: 8: 
[[1, 3, 5, 12, 13, 19, 20] - 30, [1, 2, 5, 10, 13, 19, 20] - 33, [1, 2, 4, 11, 13, 19, 20] - 34, [1, 6, 8, 9, 12, 19, 20] - 35, [1, 3, 5, 10, 14, 13, 19, 20] - 35, [1, 2, 3, 8, 10, 14, 15, 20] - 37, [1, 2, 3, 5, 12, 19, 20] - 37, [1, 3, 6, 8, 10, 14, 15, 20] - 38, [1, 3, 6, 8, 9, 12, 19, 20] - 38, [1, 6, 8, 3, 5, 10, 14, 15, 20] - 38, [1, 2, 5, 8, 9, 13, 15, 20] - 39, [1, 2, 4, 11, 14, 13, 19, 20] - 40, [1, 2, 3, 8, 10, 13, 15, 20] - 41, [1, 2, 5, 8, 10, 13, 19, 20] - 42, [1, 2, 3, 5, 12, 13, 14, 10] - 42, [1, 2, 3, 5, 8, 10, 14, 15, 20] - 43, [1, 6, 8, 9, 10, 14, 13, 15, 20] - 43, [1, 3, 8, 9, 10, 12, 13, 19, 20] - 43, [1, 3, 6, 7, 8, 10, 14, 15, 20] - 44, [1, 2, 4, 10, 13, 14, 15, 20] - 45, [1, 3, 8, 10, 13, 14, 15, 20] - 46, [1, 6, 8, 10, 12, 19, 20] - 46, [1, 6, 7, 9, 12, 13, 14, 15, 20] - 48, [1, 6, 7, 8, 9, 16, 17, 18, 19, 20] - 56]
melhor indivíduo da geração:[1, 3, 5, 12, 13, 19, 20] - 30
geração: 9: 
[[1, 3, 5, 12, 13, 19, 20] - 30, [1, 2, 4, 10, 14, 15, 20] - 31, [1, 2, 5, 10, 13, 19, 20] - 33, [1, 2, 4, 11, 13, 19, 20] - 34, [1, 6, 8, 9, 12, 19, 20] - 35, [1, 3, 5, 10, 14, 13, 19, 20] - 35, [1, 2, 3, 8, 10, 14, 15, 20] - 37, [1, 2, 3, 5, 12, 19, 20] - 37, [1, 3, 6, 8, 10, 14, 15, 20] - 38, [1, 3, 6, 8, 9, 12, 19, 20] - 38, [1, 6, 8, 3, 5, 10, 14, 15, 20] - 38, [1, 2, 5, 8, 9, 13, 15, 20] - 39, [1, 2, 4, 11, 14, 13, 19, 20] - 40, [1, 2, 3, 8, 10, 13, 15, 20] - 41, [1, 2, 5, 8, 10, 13, 19, 20] - 42, [1, 2, 3, 5, 12, 13, 14, 10] - 42, [1, 2, 3, 5, 8, 10, 14, 15, 20] - 43, [1, 6, 8, 9, 10, 14, 13, 15, 20] - 43, [1, 3, 8, 9, 10, 12, 13, 19, 20] - 43, [1, 3, 6, 7, 8, 10, 14, 15, 20] - 44, [1, 2, 4, 10, 13, 14, 15, 20] - 45, [1, 6, 8, 10, 12, 19, 20] - 46, [1, 6, 7, 8, 9, 16, 17, 18, 19, 20] - 56]
melhor indivíduo da geração:[1, 3, 5, 12, 13, 19, 20] - 30
geração: 10: 
[[1, 3, 5, 12, 13, 19, 20] - 30, [1, 2, 5, 12, 13, 19, 20] - 30, [1, 2, 4, 10, 14, 15, 20] - 31, [1, 2, 5, 10, 13, 19, 20] - 33, [1, 2, 4, 11, 13, 19, 20] - 34, [1, 6, 8, 9, 12, 19, 20] - 35, [1, 3, 5, 10, 14, 13, 19, 20] - 35, [1, 2, 3, 8, 10, 14, 15, 20] - 37, [1, 2, 3, 5, 12, 19, 20] - 37, [1, 3, 6, 8, 10, 14, 15, 20] - 38, [1, 3, 6, 8, 9, 12, 19, 20] - 38, [1, 6, 8, 3, 5, 10, 14, 15, 20] - 38, [1, 2, 5, 8, 9, 13, 15, 20] - 39, [1, 2, 4, 11, 14, 13, 19, 20] - 40, [1, 2, 3, 8, 10, 13, 15, 20] - 41, [1, 2, 5, 8, 10, 13, 19, 20] - 42, [1, 2, 3, 5, 12, 13, 14, 10] - 42, [1, 2, 3, 5, 8, 10, 14, 15, 20] - 43, [1, 6, 8, 9, 10, 14, 13, 15, 20] - 43, [1, 3, 8, 9, 10, 12, 13, 19, 20] - 43, [1, 2, 4, 10, 13, 14, 15, 20] - 45, [1, 2, 3, 6, 7, 8, 10, 14, 13, 19, 20] - 55]
melhor indivíduo da geração:[1, 3, 5, 12, 13, 19, 20] - 30
geração: 11: 
[[1, 3, 5, 12, 13, 19, 20] - 30, [1, 2, 5, 12, 13, 19, 20] - 30, [1, 2, 4, 10, 14, 15, 20] - 31, [1, 2, 5, 10, 13, 19, 20] - 33, [1, 2, 4, 11, 13, 19, 20] - 34, [1, 6, 8, 9, 12, 19, 20] - 35, [1, 3, 5, 10, 14, 13, 19, 20] - 35, [1, 2, 3, 8, 9, 12, 13, 19, 20] - 35, [1, 2, 3, 8, 10, 14, 15, 20] - 37, [1, 2, 3, 5, 12, 19, 20] - 37, [1, 3, 6, 8, 10, 14, 15, 20] - 38, [1, 3, 6, 8, 9, 12, 19, 20] - 38, [1, 6, 8, 3, 5, 10, 14, 15, 20] - 38, [1, 3, 8, 9, 10, 13, 19, 20] - 38, [1, 2, 5, 8, 9, 13, 15, 20] - 39, [1, 2, 4, 11, 14, 13, 19, 20] - 40, [1, 2, 3, 8, 10, 13, 15, 20] - 41, [1, 2, 5, 8, 10, 13, 19, 20] - 42, [1, 2, 3, 5, 12, 13, 14, 10] - 42, [1, 6, 8, 9, 10, 14, 13, 15, 20] - 43, [1, 2, 4, 10, 13, 14, 15, 20] - 45]
melhor indivíduo da geração:[1, 3, 5, 12, 13, 19, 20] - 30
geração: 12: 
[[1, 3, 5, 12, 13, 19, 20] - 30, [1, 2, 5, 12, 13, 19, 20] - 30, [1, 2, 4, 10, 14, 15, 20] - 31, [1, 2, 5, 10, 13, 19, 20] - 33, [1, 2, 4, 11, 13, 19, 20] - 34, [1, 6, 8, 9, 12, 19, 20] - 35, [1, 3, 5, 10, 14, 13, 19, 20] - 35, [1, 2, 3, 8, 9, 12, 13, 19, 20] - 35, [1, 2, 3, 8, 10, 14, 15, 20] - 37, [1, 2, 3, 5, 12, 19, 20] - 37, [1, 3, 6, 8, 10, 14, 15, 20] - 38, [1, 3, 6, 8, 9, 12, 19, 20] - 38, [1, 6, 8, 3, 5, 10, 14, 15, 20] - 38, [1, 3, 8, 9, 10, 13, 19, 20] - 38, [1, 2, 5, 8, 9, 13, 15, 20] - 39, [1, 2, 4, 11, 14, 13, 19, 20] - 40, [1, 2, 3, 8, 10, 13, 15, 20] - 41, [1, 2, 5, 8, 10, 13, 19, 20] - 42, [1, 2, 3, 5, 12, 13, 14, 10] - 42, [1, 2, 3, 5, 8, 9, 12, 19, 20] - 43, [1, 6, 7, 9, 16, 17, 19, 20] - 49]
melhor indivíduo da geração:[1, 3, 5, 12, 13, 19, 20] - 30
geração: 13: 
[[1, 3, 5, 12, 13, 19, 20] - 30, [1, 2, 5, 12, 13, 19, 20] - 30, [1, 2, 4, 10, 14, 15, 20] - 31, [1, 2, 5, 10, 13, 19, 20] - 33, [1, 2, 4, 11, 13, 19, 20] - 34, [1, 6, 8, 9, 12, 19, 20] - 35, [1, 3, 5, 10, 14, 13, 19, 20] - 35, [1, 2, 3, 8, 9, 12, 13, 19, 20] - 35, [1, 2, 3, 8, 10, 14, 15, 20] - 37, [1, 2, 3, 5, 12, 19, 20] - 37, [1, 3, 6, 8, 10, 14, 15, 20] - 38, [1, 3, 6, 8, 9, 12, 19, 20] - 38, [1, 6, 8, 3, 5, 10, 14, 15, 20] - 38, [1, 3, 8, 9, 10, 13, 19, 20] - 38, [1, 2, 5, 8, 9, 13, 15, 20] - 39, [1, 2, 4, 11, 14, 13, 19, 20] - 40, [1, 2, 3, 8, 10, 13, 15, 20] - 41, [1, 2, 5, 8, 10, 13, 19, 20] - 42, [1, 2, 3, 5, 12, 13, 14, 10] - 42, [1, 6, 7, 8, 9, 16, 12, 19, 20] - 46, [1, 2, 5, 8, 3, 6, 7, 9, 16, 17, 18, 19, 20] - 70]
melhor indivíduo da geração:[1, 3, 5, 12, 13, 19, 20] - 30
geração: 14: 
[[1, 3, 5, 12, 13, 19, 20] - 30, [1, 2, 5, 12, 13, 19, 20] - 30, [1, 2, 4, 10, 14, 15, 20] - 31, [1, 2, 5, 10, 13, 19, 20] - 33, [1, 2, 4, 11, 13, 19, 20] - 34, [1, 6, 8, 9, 12, 19, 20] - 35, [1, 3, 5, 10, 14, 13, 19, 20] - 35, [1, 2, 3, 8, 9, 12, 13, 19, 20] - 35, [1, 2, 3, 8, 10, 14, 15, 20] - 37, [1, 2, 3, 5, 12, 19, 20] - 37, [1, 3, 6, 8, 10, 14, 15, 20] - 38, [1, 3, 6, 8, 9, 12, 19, 20] - 38, [1, 6, 8, 3, 5, 10, 14, 15, 20] - 38, [1, 3, 8, 9, 10, 13, 19, 20] - 38, [1, 2, 5, 8, 9, 13, 15, 20] - 39, [1, 2, 4, 11, 14, 13, 19, 20] - 40, [1, 2, 3, 8, 10, 13, 15, 20] - 41, [1, 2, 5, 8, 10, 13, 19, 20] - 42, [1, 2, 3, 5, 12, 13, 14, 10] - 42, [1, 2, 3, 5, 12, 16, 17, 19, 20] - 51, [1, 2, 5, 8, 3, 6, 7, 9, 16, 17, 18, 19, 20] - 70]
melhor indivíduo da geração:[1, 3, 5, 12, 13, 19, 20] - 30
geração: 15: 
[[1, 3, 5, 12, 13, 19, 20] - 30, [1, 2, 5, 12, 13, 19, 20] - 30, [1, 2, 4, 10, 14, 15, 20] - 31, [1, 2, 5, 10, 13, 19, 20] - 33, [1, 2, 4, 11, 13, 19, 20] - 34, [1, 6, 8, 9, 12, 19, 20] - 35, [1, 3, 5, 10, 14, 13, 19, 20] - 35, [1, 2, 3, 8, 9, 12, 13, 19, 20] - 35, [1, 2, 3, 8, 10, 14, 15, 20] - 37, [1, 2, 3, 5, 12, 19, 20] - 37, [1, 3, 6, 8, 10, 14, 15, 20] - 38, [1, 3, 6, 8, 9, 12, 19, 20] - 38, [1, 6, 8, 3, 5, 10, 14, 15, 20] - 38, [1, 3, 8, 9, 10, 13, 19, 20] - 38, [1, 2, 5, 8, 9, 13, 15, 20] - 39, [1, 2, 4, 11, 14, 13, 19, 20] - 40, [1, 2, 3, 8, 10, 13, 15, 20] - 41, [1, 2, 5, 8, 10, 13, 19, 20] - 42, [1, 2, 3, 5, 12, 13, 14, 10] - 42, [1, 3, 6, 7, 8, 9, 12, 13, 19, 20] - 42, [1, 3, 6, 7, 8, 9, 12, 16, 17, 19, 20] - 58]
melhor indivíduo da geração:[1, 3, 5, 12, 13, 19, 20] - 30
geração: 16: 
[[1, 3, 5, 12, 13, 19, 20] - 30, [1, 2, 5, 12, 13, 19, 20] - 30, [1, 2, 4, 10, 14, 15, 20] - 31, [1, 3, 5, 12, 19, 20] - 32, [1, 2, 5, 10, 13, 19, 20] - 33, [1, 2, 4, 11, 13, 19, 20] - 34, [1, 6, 8, 9, 12, 19, 20] - 35, [1, 3, 5, 10, 14, 13, 19, 20] - 35, [1, 2, 3, 8, 9, 12, 13, 19, 20] - 35, [1, 2, 3, 8, 10, 14, 15, 20] - 37, [1, 2, 3, 5, 12, 19, 20] - 37, [1, 3, 6, 8, 10, 14, 15, 20] - 38, [1, 3, 6, 8, 9, 12, 19, 20] - 38, [1, 6, 8, 3, 5, 10, 14, 15, 20] - 38, [1, 3, 8, 9, 10, 13, 19, 20] - 38, [1, 2, 5, 8, 9, 13, 15, 20] - 39, [1, 2, 4, 11, 14, 13, 19, 20] - 40, [1, 2, 3, 8, 10, 13, 15, 20] - 41, [1, 2, 5, 8, 10, 13, 19, 20] - 42, [1, 2, 3, 5, 12, 13, 14, 10] - 42, [1, 3, 6, 7, 8, 9, 12, 13, 19, 20] - 42, [1, 6, 8, 3, 5, 12, 13, 9, 10, 14, 15, 20] - 70]
melhor indivíduo da geração:[1, 3, 5, 12, 13, 19, 20] - 30
geração: 17: 
[[1, 3, 5, 12, 13, 19, 20] - 30, [1, 2, 5, 12, 13, 19, 20] - 30, [1, 2, 4, 10, 14, 15, 20] - 31, [1, 3, 5, 12, 19, 20] - 32, [1, 2, 5, 10, 13, 19, 20] - 33, [1, 2, 4, 11, 13, 19, 20] - 34, [1, 6, 8, 9, 12, 19, 20] - 35, [1, 3, 5, 10, 14, 13, 19, 20] - 35, [1, 2, 3, 8, 9, 12, 13, 19, 20] - 35, [1, 2, 3, 8, 10, 14, 15, 20] - 37, [1, 2, 3, 5, 12, 19, 20] - 37, [1, 3, 6, 8, 10, 14, 15, 20] - 38, [1, 3, 6, 8, 9, 12, 19, 20] - 38, [1, 6, 8, 3, 5, 10, 14, 15, 20] - 38, [1, 3, 8, 9, 10, 13, 19, 20] - 38, [1, 2, 5, 8, 9, 13, 15, 20] - 39, [1, 2, 4, 11, 14, 13, 19, 20] - 40, [1, 2, 3, 8, 10, 13, 15, 20] - 41, [1, 2, 5, 8, 10, 13, 19, 20] - 42, [1, 2, 3, 5, 12, 13, 14, 10] - 42, [1, 3, 6, 7, 8, 9, 12, 13, 19, 20] - 42, [1, 6, 7, 8, 10, 12, 19, 20] - 52]
melhor indivíduo da geração:[1, 3, 5, 12, 13, 19, 20] - 30
geração: 18: 
[[1, 3, 5, 12, 13, 19, 20] - 30, [1, 2, 5, 12, 13, 19, 20] - 30, [1, 2, 4, 10, 14, 15, 20] - 31, [1, 3, 5, 12, 19, 20] - 32, [1, 2, 5, 10, 13, 19, 20] - 33, [1, 2, 4, 11, 13, 19, 20] - 34, [1, 6, 8, 9, 12, 19, 20] - 35, [1, 3, 5, 10, 14, 13, 19, 20] - 35, [1, 2, 3, 8, 9, 12, 13, 19, 20] - 35, [1, 2, 3, 8, 10, 14, 15, 20] - 37, [1, 2, 3, 5, 12, 19, 20] - 37, [1, 3, 6, 8, 10, 14, 15, 20] - 38, [1, 3, 6, 8, 9, 12, 19, 20] - 38, [1, 6, 8, 3, 5, 10, 14, 15, 20] - 38, [1, 3, 8, 9, 10, 13, 19, 20] - 38, [1, 2, 3, 5, 10, 13, 15, 20] - 38, [1, 2, 5, 8, 9, 13, 15, 20] - 39, [1, 2, 4, 11, 14, 13, 19, 20] - 40, [1, 2, 3, 8, 10, 13, 15, 20] - 41, [1, 2, 3, 5, 12, 13, 14, 10] - 42, [1, 6, 7, 8, 10, 12, 19, 20] - 52]
melhor indivíduo da geração:[1, 3, 5, 12, 13, 19, 20] - 30
geração: 19: 
[[1, 3, 5, 12, 13, 19, 20] - 30, [1, 2, 5, 12, 13, 19, 20] - 30, [1, 2, 4, 10, 14, 15, 20] - 31, [1, 3, 5, 12, 19, 20] - 32, [1, 2, 5, 10, 13, 19, 20] - 33, [1, 2, 4, 11, 13, 19, 20] - 34, [1, 6, 8, 9, 12, 19, 20] - 35, [1, 3, 5, 10, 14, 13, 19, 20] - 35, [1, 2, 3, 8, 9, 12, 13, 19, 20] - 35, [1, 2, 3, 8, 10, 14, 15, 20] - 37, [1, 2, 3, 5, 12, 19, 20] - 37, [1, 3, 6, 8, 10, 14, 15, 20] - 38, [1, 3, 6, 8, 9, 12, 19, 20] - 38, [1, 6, 8, 3, 5, 10, 14, 15, 20] - 38, [1, 3, 8, 9, 10, 13, 19, 20] - 38, [1, 2, 3, 5, 10, 13, 15, 20] - 38, [1, 2, 5, 8, 9, 13, 15, 20] - 39, [1, 2, 4, 11, 14, 13, 19, 20] - 40, [1, 2, 3, 8, 10, 13, 15, 20] - 41, [1, 6, 7, 8, 10, 12, 19, 20] - 52, [1, 3, 5, 10, 12, 16, 17, 18, 19, 20] - 60]
melhor indivíduo da geração:[1, 3, 5, 12, 13, 19, 20] - 30
geração: 20: 
[[1, 3, 5, 12, 13, 19, 20] - 30, [1, 2, 5, 12, 13, 19, 20] - 30, [1, 2, 4, 10, 14, 15, 20] - 31, [1, 3, 5, 12, 19, 20] - 32, [1, 2, 5, 10, 13, 19, 20] - 33, [1, 2, 4, 11, 13, 19, 20] - 34, [1, 6, 8, 9, 12, 19, 20] - 35, [1, 3, 5, 10, 14, 13, 19, 20] - 35, [1, 2, 3, 8, 9, 12, 13, 19, 20] - 35, [1, 2, 3, 8, 10, 14, 15, 20] - 37, [1, 2, 3, 5, 12, 19, 20] - 37, [1, 3, 6, 8, 10, 14, 15, 20] - 38, [1, 3, 6, 8, 9, 12, 19, 20] - 38, [1, 6, 8, 3, 5, 10, 14, 15, 20] - 38, [1, 3, 8, 9, 10, 13, 19, 20] - 38, [1, 2, 3, 5, 10, 13, 15, 20] - 38, [1, 2, 5, 8, 9, 13, 15, 20] - 39, [1, 2, 4, 11, 14, 13, 19, 20] - 40, [1, 2, 3, 8, 10, 13, 15, 20] - 41, [1, 6, 7, 8, 10, 12, 19, 20] - 52, [1, 3, 8, 10, 14, 13, 9, 16, 12, 5, 2, 4, 11] - 86]
melhor indivíduo da geração:[1, 3, 5, 12, 13, 19, 20] - 30
geração: 21: 
[[1, 3, 5, 12, 13, 19, 20] - 30, [1, 2, 5, 12, 13, 19, 20] - 30, [1, 2, 4, 10, 14, 15, 20] - 31, [1, 3, 5, 12, 19, 20] - 32, [1, 2, 5, 10, 13, 19, 20] - 33, [1, 2, 4, 11, 13, 19, 20] - 34, [1, 6, 8, 9, 12, 19, 20] - 35, [1, 3, 5, 10, 14, 13, 19, 20] - 35, [1, 2, 3, 8, 9, 12, 13, 19, 20] - 35, [1, 2, 3, 8, 10, 14, 15, 20] - 37, [1, 2, 3, 5, 12, 19, 20] - 37, [1, 3, 6, 8, 10, 14, 15, 20] - 38, [1, 3, 6, 8, 9, 12, 19, 20] - 38, [1, 6, 8, 3, 5, 10, 14, 15, 20] - 38, [1, 3, 8, 9, 10, 13, 19, 20] - 38, [1, 2, 3, 5, 10, 13, 15, 20] - 38, [1, 2, 5, 8, 9, 13, 15, 20] - 39, [1, 2, 4, 11, 14, 13, 19, 20] - 40, [1, 2, 3, 8, 10, 13, 15, 20] - 41, [1, 6, 7, 9, 13, 15, 20] - 41, [1, 6, 7, 9, 12, 16, 10, 13, 14, 15, 20] - 66]
melhor indivíduo da geração:[1, 3, 5, 12, 13, 19, 20] - 30
geração: 22: 
[[1, 3, 5, 12, 13, 19, 20] - 30, [1, 2, 5, 12, 13, 19, 20] - 30, [1, 2, 4, 10, 14, 15, 20] - 31, [1, 3, 5, 12, 19, 20] - 32, [1, 2, 5, 10, 13, 19, 20] - 33, [1, 2, 4, 11, 13, 19, 20] - 34, [1, 6, 8, 9, 12, 19, 20] - 35, [1, 3, 5, 10, 14, 13, 19, 20] - 35, [1, 2, 3, 8, 9, 12, 13, 19, 20] - 35, [1, 2, 3, 8, 10, 14, 15, 20] - 37, [1, 2, 3, 5, 12, 19, 20] - 37, [1, 3, 6, 8, 10, 14, 15, 20] - 38, [1, 3, 6, 8, 9, 12, 19, 20] - 38, [1, 6, 8, 3, 5, 10, 14, 15, 20] - 38, [1, 3, 8, 9, 10, 13, 19, 20] - 38, [1, 2, 3, 5, 10, 13, 15, 20] - 38, [1, 2, 5, 8, 9, 13, 15, 20] - 39, [1, 2, 4, 11, 14, 13, 19, 20] - 40, [1, 2, 3, 8, 10, 13, 15, 20] - 41, [1, 6, 7, 9, 13, 15, 20] - 41, [1, 6, 8, 9, 16, 10, 12, 5, 2, 4, 11, 14, 15, 20] - 81]
melhor indivíduo da geração:[1, 3, 5, 12, 13, 19, 20] - 30
geração: 23: 
[[1, 3, 5, 12, 13, 19, 20] - 30, [1, 2, 5, 12, 13, 19, 20] - 30, [1, 2, 4, 10, 14, 15, 20] - 31, [1, 3, 5, 12, 19, 20] - 32, [1, 2, 5, 10, 13, 19, 20] - 33, [1, 2, 4, 11, 13, 19, 20] - 34, [1, 6, 8, 9, 12, 19, 20] - 35, [1, 3, 5, 10, 14, 13, 19, 20] - 35, [1, 2, 3, 8, 9, 12, 13, 19, 20] - 35, [1, 3, 8, 10, 13, 19, 20] - 36, [1, 2, 3, 8, 10, 14, 15, 20] - 37, [1, 2, 3, 5, 12, 19, 20] - 37, [1, 3, 6, 8, 10, 14, 15, 20] - 38, [1, 3, 6, 8, 9, 12, 19, 20] - 38, [1, 6, 8, 3, 5, 10, 14, 15, 20] - 38, [1, 3, 8, 9, 10, 13, 19, 20] - 38, [1, 2, 3, 5, 10, 13, 15, 20] - 38, [1, 2, 5, 8, 9, 13, 15, 20] - 39, [1, 2, 4, 11, 14, 13, 19, 20] - 40, [1, 6, 7, 9, 13, 15, 20] - 41, [1, 6, 8, 9, 16, 10, 12, 5, 2, 4, 11, 14, 15, 20] - 81]
melhor indivíduo da geração:[1, 3, 5, 12, 13, 19, 20] - 30
geração: 24: 
[[1, 3, 5, 12, 13, 19, 20] - 30, [1, 2, 5, 12, 13, 19, 20] - 30, [1, 2, 4, 10, 14, 15, 20] - 31, [1, 3, 5, 12, 19, 20] - 32, [1, 2, 5, 10, 13, 19, 20] - 33, [1, 2, 4, 11, 13, 19, 20] - 34, [1, 6, 8, 9, 12, 19, 20] - 35, [1, 3, 5, 10, 14, 13, 19, 20] - 35, [1, 2, 3, 8, 9, 12, 13, 19, 20] - 35, [1, 3, 8, 10, 13, 19, 20] - 36, [1, 2, 3, 8, 10, 14, 15, 20] - 37, [1, 2, 3, 5, 12, 19, 20] - 37, [1, 3, 6, 8, 10, 14, 15, 20] - 38, [1, 3, 6, 8, 9, 12, 19, 20] - 38, [1, 6, 8, 3, 5, 10, 14, 15, 20] - 38, [1, 3, 8, 9, 10, 13, 19, 20] - 38, [1, 2, 3, 5, 10, 13, 15, 20] - 38, [1, 2, 5, 8, 9, 13, 15, 20] - 39, [1, 2, 4, 11, 14, 13, 19, 20] - 40, [1, 3, 8, 10, 12, 19, 20] - 43, [1, 6, 8, 9, 16, 10, 12, 5, 2, 4, 11, 14, 15, 20] - 81]
melhor indivíduo da geração:[1, 3, 5, 12, 13, 19, 20] - 30
geração: 25: 
[[1, 3, 5, 12, 13, 19, 20] - 30, [1, 2, 5, 12, 13, 19, 20] - 30, [1, 2, 4, 10, 14, 15, 20] - 31, [1, 3, 5, 12, 19, 20] - 32, [1, 2, 5, 10, 13, 19, 20] - 33, [1, 2, 4, 11, 13, 19, 20] - 34, [1, 6, 8, 9, 12, 19, 20] - 35, [1, 3, 5, 10, 14, 13, 19, 20] - 35, [1, 2, 3, 8, 9, 12, 13, 19, 20] - 35, [1, 3, 8, 10, 13, 19, 20] - 36, [1, 2, 3, 8, 10, 14, 15, 20] - 37, [1, 2, 3, 5, 12, 19, 20] - 37, [1, 3, 6, 8, 10, 14, 15, 20] - 38, [1, 3, 6, 8, 9, 12, 19, 20] - 38, [1, 6, 8, 3, 5, 10, 14, 15, 20] - 38, [1, 3, 8, 9, 10, 13, 19, 20] - 38, [1, 2, 3, 5, 10, 13, 15, 20] - 38, [1, 2, 5, 8, 9, 13, 15, 20] - 39, [1, 2, 4, 11, 14, 13, 19, 20] - 40, [1, 2, 3, 5, 8, 9, 12, 16, 17, 19, 20] - 57, [1, 6, 8, 9, 16, 10, 12, 5, 2, 4, 11, 14, 15, 20] - 81]
melhor indivíduo da geração:[1, 3, 5, 12, 13, 19, 20] - 30
geração: 26: 
[[1, 3, 5, 12, 13, 19, 20] - 30, [1, 2, 5, 12, 13, 19, 20] - 30, [1, 2, 4, 10, 14, 15, 20] - 31, [1, 3, 5, 12, 19, 20] - 32, [1, 2, 5, 10, 13, 19, 20] - 33, [1, 2, 4, 11, 13, 19, 20] - 34, [1, 6, 8, 9, 12, 19, 20] - 35, [1, 3, 5, 10, 14, 13, 19, 20] - 35, [1, 2, 3, 8, 9, 12, 13, 19, 20] - 35, [1, 3, 8, 10, 13, 19, 20] - 36, [1, 2, 3, 8, 10, 14, 15, 20] - 37, [1, 2, 3, 5, 12, 19, 20] - 37, [1, 3, 6, 8, 10, 14, 15, 20] - 38, [1, 3, 6, 8, 9, 12, 19, 20] - 38, [1, 6, 8, 3, 5, 10, 14, 15, 20] - 38, [1, 3, 8, 9, 10, 13, 19, 20] - 38, [1, 2, 3, 5, 10, 13, 15, 20] - 38, [1, 2, 5, 8, 9, 13, 15, 20] - 39, [1, 2, 4, 11, 14, 13, 19, 20] - 40, [1, 2, 3, 5, 8, 9, 12, 16, 17, 19, 20] - 57, [1, 6, 8, 9, 16, 10, 12, 5, 2, 4, 11, 14, 15, 20] - 81]
melhor indivíduo da geração:[1, 3, 5, 12, 13, 19, 20] - 30
geração: 27: 
[[1, 3, 5, 12, 13, 19, 20] - 30, [1, 2, 5, 12, 13, 19, 20] - 30, [1, 2, 4, 10, 14, 15, 20] - 31, [1, 3, 5, 12, 19, 20] - 32, [1, 2, 5, 10, 13, 19, 20] - 33, [1, 2, 4, 11, 13, 19, 20] - 34, [1, 6, 8, 9, 12, 19, 20] - 35, [1, 3, 5, 10, 14, 13, 19, 20] - 35, [1, 2, 3, 8, 9, 12, 13, 19, 20] - 35, [1, 3, 8, 10, 13, 19, 20] - 36, [1, 2, 3, 8, 10, 14, 15, 20] - 37, [1, 2, 3, 5, 12, 19, 20] - 37, [1, 3, 6, 8, 10, 14, 15, 20] - 38, [1, 3, 6, 8, 9, 12, 19, 20] - 38, [1, 6, 8, 3, 5, 10, 14, 15, 20] - 38, [1, 3, 8, 9, 10, 13, 19, 20] - 38, [1, 2, 3, 5, 10, 13, 15, 20] - 38, [1, 2, 5, 8, 9, 13, 15, 20] - 39, [1, 2, 4, 11, 14, 13, 19, 20] - 40, [1, 2, 5, 8, 10, 12, 19, 20] - 49, [1, 6, 8, 9, 16, 10, 12, 5, 2, 4, 11, 14, 15, 20] - 81]
melhor indivíduo da geração:[1, 3, 5, 12, 13, 19, 20] - 30
geração: 28: 
[[1, 3, 5, 12, 13, 19, 20] - 30, [1, 2, 5, 12, 13, 19, 20] - 30, [1, 2, 4, 10, 14, 15, 20] - 31, [1, 3, 5, 12, 19, 20] - 32, [1, 2, 5, 10, 13, 19, 20] - 33, [1, 2, 4, 11, 13, 19, 20] - 34, [1, 6, 8, 9, 12, 19, 20] - 35, [1, 3, 5, 10, 14, 13, 19, 20] - 35, [1, 2, 3, 8, 9, 12, 13, 19, 20] - 35, [1, 3, 8, 10, 13, 19, 20] - 36, [1, 2, 3, 8, 10, 14, 15, 20] - 37, [1, 2, 3, 5, 12, 19, 20] - 37, [1, 3, 6, 8, 10, 14, 15, 20] - 38, [1, 3, 6, 8, 9, 12, 19, 20] - 38, [1, 6, 8, 3, 5, 10, 14, 15, 20] - 38, [1, 3, 8, 9, 10, 13, 19, 20] - 38, [1, 2, 3, 5, 10, 13, 15, 20] - 38, [1, 2, 5, 8, 9, 13, 15, 20] - 39, [1, 2, 4, 11, 14, 13, 19, 20] - 40, [1, 6, 8, 3, 5, 10, 12, 19, 20] - 49, [1, 6, 8, 9, 16, 10, 12, 5, 2, 4, 11, 14, 15, 20] - 81]
melhor indivíduo da geração:[1, 3, 5, 12, 13, 19, 20] - 30
geração: 29: 
[[1, 3, 5, 12, 13, 19, 20] - 30, [1, 2, 5, 12, 13, 19, 20] - 30, [1, 2, 4, 10, 14, 15, 20] - 31, [1, 3, 5, 12, 19, 20] - 32, [1, 2, 5, 10, 13, 19, 20] - 33, [1, 2, 4, 11, 13, 19, 20] - 34, [1, 6, 8, 9, 12, 19, 20] - 35, [1, 3, 5, 10, 14, 13, 19, 20] - 35, [1, 2, 3, 8, 9, 12, 13, 19, 20] - 35, [1, 3, 8, 10, 13, 19, 20] - 36, [1, 2, 3, 8, 10, 14, 15, 20] - 37, [1, 2, 3, 5, 12, 19, 20] - 37, [1, 3, 6, 8, 10, 14, 15, 20] - 38, [1, 3, 6, 8, 9, 12, 19, 20] - 38, [1, 6, 8, 3, 5, 10, 14, 15, 20] - 38, [1, 3, 8, 9, 10, 13, 19, 20] - 38, [1, 2, 3, 5, 10, 13, 15, 20] - 38, [1, 3, 5, 8, 9, 12, 19, 20] - 38, [1, 2, 5, 8, 9, 13, 15, 20] - 39, [1, 6, 8, 3, 5, 10, 12, 19, 20] - 49, [1, 6, 8, 9, 16, 10, 12, 5, 2, 4, 11, 14, 15, 20] - 81]
melhor indivíduo da geração:[1, 3, 5, 12, 13, 19, 20] - 30
geração: 30: 
[[1, 3, 5, 12, 13, 19, 20] - 30, [1, 2, 5, 12, 13, 19, 20] - 30, [1, 2, 4, 10, 14, 15, 20] - 31, [1, 3, 5, 12, 19, 20] - 32, [1, 2, 5, 10, 13, 19, 20] - 33, [1, 2, 4, 11, 13, 19, 20] - 34, [1, 6, 8, 9, 12, 19, 20] - 35, [1, 3, 5, 10, 14, 13, 19, 20] - 35, [1, 2, 3, 8, 9, 12, 13, 19, 20] - 35, [1, 3, 8, 10, 13, 19, 20] - 36, [1, 2, 3, 8, 10, 14, 15, 20] - 37, [1, 2, 3, 5, 12, 19, 20] - 37, [1, 3, 6, 8, 10, 14, 15, 20] - 38, [1, 3, 6, 8, 9, 12, 19, 20] - 38, [1, 6, 8, 3, 5, 10, 14, 15, 20] - 38, [1, 3, 8, 9, 10, 13, 19, 20] - 38, [1, 2, 3, 5, 10, 13, 15, 20] - 38, [1, 3, 5, 8, 9, 12, 19, 20] - 38, [1, 2, 5, 8, 9, 13, 15, 20] - 39, [1, 6, 8, 3, 5, 10, 12, 19, 20] - 49, [1, 6, 8, 9, 16, 10, 12, 5, 2, 4, 11, 14, 15, 20] - 81]
melhor indivíduo da geração:[1, 3, 5, 12, 13, 19, 20] - 30
geração: 31: 
[[1, 3, 5, 12, 13, 19, 20] - 30, [1, 2, 5, 12, 13, 19, 20] - 30, [1, 3, 8, 9, 12, 13, 19, 20] - 30, [1, 2, 4, 10, 14, 15, 20] - 31, [1, 3, 5, 12, 19, 20] - 32, [1, 2, 5, 10, 13, 19, 20] - 33, [1, 2, 4, 11, 13, 19, 20] - 34, [1, 6, 8, 9, 12, 19, 20] - 35, [1, 3, 5, 10, 14, 13, 19, 20] - 35, [1, 2, 3, 8, 9, 12, 13, 19, 20] - 35, [1, 3, 8, 10, 13, 19, 20] - 36, [1, 2, 3, 8, 10, 14, 15, 20] - 37, [1, 2, 3, 5, 12, 19, 20] - 37, [1, 3, 6, 8, 10, 14, 15, 20] - 38, [1, 3, 6, 8, 9, 12, 19, 20] - 38, [1, 6, 8, 3, 5, 10, 14, 15, 20] - 38, [1, 3, 8, 9, 10, 13, 19, 20] - 38, [1, 2, 3, 5, 10, 13, 15, 20] - 38, [1, 3, 5, 8, 9, 12, 19, 20] - 38, [1, 6, 8, 3, 5, 10, 12, 19, 20] - 49, [1, 6, 8, 9, 16, 10, 12, 5, 2, 4, 11, 14, 15, 20] - 81]
melhor indivíduo da geração:[1, 3, 5, 12, 13, 19, 20] - 30
geração: 32: 
[[1, 3, 5, 12, 13, 19, 20] - 30, [1, 2, 5, 12, 13, 19, 20] - 30, [1, 3, 8, 9, 12, 13, 19, 20] - 30, [1, 2, 4, 10, 14, 15, 20] - 31, [1, 3, 5, 12, 19, 20] - 32, [1, 2, 5, 10, 13, 19, 20] - 33, [1, 2, 4, 11, 13, 19, 20] - 34, [1, 6, 8, 9, 12, 19, 20] - 35, [1, 3, 5, 10, 14, 13, 19, 20] - 35, [1, 2, 3, 8, 9, 12, 13, 19, 20] - 35, [1, 3, 8, 10, 13, 19, 20] - 36, [1, 2, 3, 8, 10, 14, 15, 20] - 37, [1, 2, 3, 5, 12, 19, 20] - 37, [1, 3, 6, 8, 10, 14, 15, 20] - 38, [1, 3, 6, 8, 9, 12, 19, 20] - 38, [1, 6, 8, 3, 5, 10, 14, 15, 20] - 38, [1, 3, 8, 9, 10, 13, 19, 20] - 38, [1, 2, 3, 5, 10, 13, 15, 20] - 38, [1, 3, 5, 8, 9, 12, 19, 20] - 38, [1, 6, 8, 3, 5, 10, 12, 19, 20] - 49, [1, 6, 8, 9, 16, 10, 12, 5, 2, 4, 11, 14, 15, 20] - 81]
melhor indivíduo da geração:[1, 3, 5, 12, 13, 19, 20] - 30
geração: 33: 
[[1, 3, 5, 12, 13, 19, 20] - 30, [1, 2, 5, 12, 13, 19, 20] - 30, [1, 3, 8, 9, 12, 13, 19, 20] - 30, [1, 2, 4, 10, 14, 15, 20] - 31, [1, 3, 5, 12, 19, 20] - 32, [1, 2, 5, 10, 13, 19, 20] - 33, [1, 2, 4, 11, 13, 19, 20] - 34, [1, 6, 8, 9, 12, 19, 20] - 35, [1, 3, 5, 10, 14, 13, 19, 20] - 35, [1, 2, 3, 8, 9, 12, 13, 19, 20] - 35, [1, 3, 8, 10, 13, 19, 20] - 36, [1, 2, 3, 8, 10, 14, 15, 20] - 37, [1, 2, 3, 5, 12, 19, 20] - 37, [1, 3, 6, 8, 10, 14, 15, 20] - 38, [1, 3, 6, 8, 9, 12, 19, 20] - 38, [1, 6, 8, 3, 5, 10, 14, 15, 20] - 38, [1, 3, 8, 9, 10, 13, 19, 20] - 38, [1, 2, 3, 5, 10, 13, 15, 20] - 38, [1, 3, 5, 8, 9, 12, 19, 20] - 38, [1, 6, 7, 9, 10, 13, 19, 20] - 46, [1, 6, 8, 9, 16, 10, 12, 5, 2, 4, 11, 14, 15, 20] - 81]
melhor indivíduo da geração:[1, 3, 5, 12, 13, 19, 20] - 30
geração: 34: 
[[1, 3, 5, 12, 13, 19, 20] - 30, [1, 2, 5, 12, 13, 19, 20] - 30, [1, 3, 8, 9, 12, 13, 19, 20] - 30, [1, 2, 4, 10, 14, 15, 20] - 31, [1, 3, 5, 12, 19, 20] - 32, [1, 2, 5, 10, 13, 19, 20] - 33, [1, 2, 4, 11, 13, 19, 20] - 34, [1, 6, 8, 9, 12, 19, 20] - 35, [1, 3, 5, 10, 14, 13, 19, 20] - 35, [1, 2, 3, 8, 9, 12, 13, 19, 20] - 35, [1, 3, 8, 10, 13, 19, 20] - 36, [1, 2, 3, 8, 10, 14, 15, 20] - 37, [1, 2, 3, 5, 12, 19, 20] - 37, [1, 3, 6, 8, 10, 14, 15, 20] - 38, [1, 3, 6, 8, 9, 12, 19, 20] - 38, [1, 6, 8, 3, 5, 10, 14, 15, 20] - 38, [1, 3, 8, 9, 10, 13, 19, 20] - 38, [1, 2, 3, 5, 10, 13, 15, 20] - 38, [1, 3, 5, 8, 9, 12, 19, 20] - 38, [1, 6, 7, 9, 10, 13, 19, 20] - 46, [1, 6, 8, 9, 16, 10, 12, 5, 2, 4, 11, 14, 15, 20] - 81]
melhor indivíduo da geração:[1, 3, 5, 12, 13, 19, 20] - 30
geração: 35: 
[[1, 3, 5, 12, 13, 19, 20] - 30, [1, 2, 5, 12, 13, 19, 20] - 30, [1, 3, 8, 9, 12, 13, 19, 20] - 30, [1, 2, 4, 10, 14, 15, 20] - 31, [1, 3, 5, 12, 19, 20] - 32, [1, 2, 5, 10, 13, 19, 20] - 33, [1, 2, 4, 11, 13, 19, 20] - 34, [1, 6, 8, 9, 12, 19, 20] - 35, [1, 3, 5, 10, 14, 13, 19, 20] - 35, [1, 2, 3, 8, 9, 12, 13, 19, 20] - 35, [1, 3, 8, 10, 13, 19, 20] - 36, [1, 2, 3, 8, 10, 14, 15, 20] - 37, [1, 2, 3, 5, 12, 19, 20] - 37, [1, 3, 6, 8, 10, 14, 15, 20] - 38, [1, 3, 6, 8, 9, 12, 19, 20] - 38, [1, 6, 8, 3, 5, 10, 14, 15, 20] - 38, [1, 3, 8, 9, 10, 13, 19, 20] - 38, [1, 2, 3, 5, 10, 13, 15, 20] - 38, [1, 3, 5, 8, 9, 12, 19, 20] - 38, [1, 6, 7, 8, 3, 5, 12, 16, 10, 13, 15, 20] - 63, [1, 6, 8, 9, 16, 10, 12, 5, 2, 4, 11, 14, 15, 20] - 81]
melhor indivíduo da geração:[1, 3, 5, 12, 13, 19, 20] - 30
geração: 36: 
[[1, 3, 5, 12, 13, 19, 20] - 30, [1, 2, 5, 12, 13, 19, 20] - 30, [1, 3, 8, 9, 12, 13, 19, 20] - 30, [1, 2, 4, 10, 14, 15, 20] - 31, [1, 3, 5, 12, 19, 20] - 32, [1, 2, 5, 10, 13, 19, 20] - 33, [1, 2, 4, 11, 13, 19, 20] - 34, [1, 6, 8, 9, 12, 19, 20] - 35, [1, 3, 5, 10, 14, 13, 19, 20] - 35, [1, 2, 3, 8, 9, 12, 13, 19, 20] - 35, [1, 3, 8, 10, 13, 19, 20] - 36, [1, 2, 3, 8, 10, 14, 15, 20] - 37, [1, 2, 3, 5, 12, 19, 20] - 37, [1, 3, 6, 8, 10, 14, 15, 20] - 38, [1, 3, 6, 8, 9, 12, 19, 20] - 38, [1, 6, 8, 3, 5, 10, 14, 15, 20] - 38, [1, 3, 8, 9, 10, 13, 19, 20] - 38, [1, 2, 3, 5, 10, 13, 15, 20] - 38, [1, 3, 5, 8, 9, 12, 19, 20] - 38, [1, 6, 7, 8, 3, 5, 12, 16, 10, 13, 15, 20] - 63, [1, 6, 8, 9, 16, 10, 12, 5, 2, 4, 11, 14, 15, 20] - 81]
melhor indivíduo da geração:[1, 3, 5, 12, 13, 19, 20] - 30
geração: 37: 
[[1, 3, 5, 12, 13, 19, 20] - 30, [1, 2, 5, 12, 13, 19, 20] - 30, [1, 3, 8, 9, 12, 13, 19, 20] - 30, [1, 2, 4, 10, 14, 15, 20] - 31, [1, 3, 5, 12, 19, 20] - 32, [1, 2, 5, 10, 13, 19, 20] - 33, [1, 2, 4, 11, 13, 19, 20] - 34, [1, 6, 8, 9, 12, 19, 20] - 35, [1, 3, 5, 10, 14, 13, 19, 20] - 35, [1, 2, 3, 8, 9, 12, 13, 19, 20] - 35, [1, 3, 8, 10, 13, 19, 20] - 36, [1, 6, 8, 9, 13, 19, 20] - 36, [1, 2, 3, 8, 10, 14, 15, 20] - 37, [1, 2, 3, 5, 12, 19, 20] - 37, [1, 3, 6, 8, 10, 14, 15, 20] - 38, [1, 3, 6, 8, 9, 12, 19, 20] - 38, [1, 6, 8, 3, 5, 10, 14, 15, 20] - 38, [1, 3, 8, 9, 10, 13, 19, 20] - 38, [1, 2, 3, 5, 10, 13, 15, 20] - 38, [1, 3, 5, 8, 9, 12, 19, 20] - 38, [1, 6, 7, 8, 3, 5, 12, 16, 10, 13, 15, 20] - 63]
melhor indivíduo da geração:[1, 3, 5, 12, 13, 19, 20] - 30
geração: 38: 
[[1, 3, 5, 12, 13, 19, 20] - 30, [1, 2, 5, 12, 13, 19, 20] - 30, [1, 3, 8, 9, 12, 13, 19, 20] - 30, [1, 2, 4, 10, 14, 15, 20] - 31, [1, 3, 5, 12, 19, 20] - 32, [1, 2, 5, 10, 13, 19, 20] - 33, [1, 2, 4, 11, 13, 19, 20] - 34, [1, 6, 8, 9, 12, 19, 20] - 35, [1, 3, 5, 10, 14, 13, 19, 20] - 35, [1, 2, 3, 8, 9, 12, 13, 19, 20] - 35, [1, 3, 8, 10, 13, 19, 20] - 36, [1, 6, 8, 9, 13, 19, 20] - 36, [1, 2, 3, 8, 10, 14, 15, 20] - 37, [1, 2, 3, 5, 12, 19, 20] - 37, [1, 3, 6, 8, 10, 14, 15, 20] - 38, [1, 3, 6, 8, 9, 12, 19, 20] - 38, [1, 6, 8, 3, 5, 10, 14, 15, 20] - 38, [1, 3, 8, 9, 10, 13, 19, 20] - 38, [1, 2, 3, 5, 10, 13, 15, 20] - 38, [1, 3, 5, 8, 9, 12, 19, 20] - 38, [1, 3, 6, 8, 10, 12, 13, 14, 15, 20] - 57]
melhor indivíduo da geração:[1, 3, 5, 12, 13, 19, 20] - 30
geração: 39: 
[[1, 3, 5, 12, 13, 19, 20] - 30, [1, 2, 5, 12, 13, 19, 20] - 30, [1, 3, 8, 9, 12, 13, 19, 20] - 30, [1, 2, 4, 10, 14, 15, 20] - 31, [1, 3, 5, 12, 19, 20] - 32, [1, 2, 5, 10, 13, 19, 20] - 33, [1, 2, 4, 11, 13, 19, 20] - 34, [1, 6, 8, 9, 12, 19, 20] - 35, [1, 3, 5, 10, 14, 13, 19, 20] - 35, [1, 2, 3, 8, 9, 12, 13, 19, 20] - 35, [1, 3, 8, 10, 13, 19, 20] - 36, [1, 6, 8, 9, 13, 19, 20] - 36, [1, 2, 3, 8, 10, 14, 15, 20] - 37, [1, 2, 3, 5, 12, 19, 20] - 37, [1, 3, 6, 8, 10, 14, 15, 20] - 38, [1, 3, 6, 8, 9, 12, 19, 20] - 38, [1, 6, 8, 3, 5, 10, 14, 15, 20] - 38, [1, 3, 8, 9, 10, 13, 19, 20] - 38, [1, 2, 3, 5, 10, 13, 15, 20] - 38, [1, 3, 5, 8, 9, 12, 19, 20] - 38, [1, 2, 4, 5, 8, 10, 12, 16, 17, 18, 13, 19, 20] - 83]
melhor indivíduo da geração:[1, 3, 5, 12, 13, 19, 20] - 30
geração: 40: 
[[1, 3, 5, 12, 13, 19, 20] - 30, [1, 2, 5, 12, 13, 19, 20] - 30, [1, 3, 8, 9, 12, 13, 19, 20] - 30, [1, 2, 4, 10, 14, 15, 20] - 31, [1, 3, 5, 12, 19, 20] - 32, [1, 2, 5, 10, 13, 19, 20] - 33, [1, 2, 4, 11, 13, 19, 20] - 34, [1, 6, 8, 9, 12, 19, 20] - 35, [1, 3, 5, 10, 14, 13, 19, 20] - 35, [1, 2, 3, 8, 9, 12, 13, 19, 20] - 35, [1, 3, 8, 10, 13, 19, 20] - 36, [1, 6, 8, 9, 13, 19, 20] - 36, [1, 2, 3, 8, 10, 14, 15, 20] - 37, [1, 2, 3, 5, 12, 19, 20] - 37, [1, 3, 6, 8, 10, 14, 15, 20] - 38, [1, 3, 6, 8, 9, 12, 19, 20] - 38, [1, 6, 8, 3, 5, 10, 14, 15, 20] - 38, [1, 3, 8, 9, 10, 13, 19, 20] - 38, [1, 2, 3, 5, 10, 13, 15, 20] - 38, [1, 3, 5, 8, 9, 12, 19, 20] - 38, [1, 6, 8, 3, 5, 2, 4, 11, 10, 12, 16, 17, 19, 20] - 78]
melhor indivíduo da geração:[1, 3, 5, 12, 13, 19, 20] - 30
geração: 41: 
[[1, 3, 5, 12, 13, 19, 20] - 30, [1, 2, 5, 12, 13, 19, 20] - 30, [1, 3, 8, 9, 12, 13, 19, 20] - 30, [1, 2, 4, 10, 14, 15, 20] - 31, [1, 3, 5, 12, 19, 20] - 32, [1, 2, 5, 12, 19, 20] - 32, [1, 2, 5, 10, 13, 19, 20] - 33, [1, 2, 4, 11, 13, 19, 20] - 34, [1, 6, 8, 9, 12, 19, 20] - 35, [1, 3, 5, 10, 14, 13, 19, 20] - 35, [1, 2, 3, 8, 9, 12, 13, 19, 20] - 35, [1, 3, 8, 10, 13, 19, 20] - 36, [1, 6, 8, 9, 13, 19, 20] - 36, [1, 2, 3, 8, 10, 14, 15, 20] - 37, [1, 2, 3, 5, 12, 19, 20] - 37, [1, 3, 6, 8, 10, 14, 15, 20] - 38, [1, 3, 6, 8, 9, 12, 19, 20] - 38, [1, 6, 8, 3, 5, 10, 14, 15, 20] - 38, [1, 3, 8, 9, 10, 13, 19, 20] - 38, [1, 2, 3, 5, 10, 13, 15, 20] - 38, [1, 3, 5, 8, 9, 12, 19, 20] - 38, [1, 6, 8, 3, 5, 2, 4, 11, 10, 12, 16, 17, 19, 20] - 78]
melhor indivíduo da geração:[1, 3, 5, 12, 13, 19, 20] - 30
geração: 42: 
[[1, 3, 5, 12, 13, 19, 20] - 30, [1, 2, 5, 12, 13, 19, 20] - 30, [1, 3, 8, 9, 12, 13, 19, 20] - 30, [1, 2, 4, 10, 14, 15, 20] - 31, [1, 3, 5, 12, 19, 20] - 32, [1, 2, 5, 12, 19, 20] - 32, [1, 2, 5, 10, 13, 19, 20] - 33, [1, 2, 4, 11, 13, 19, 20] - 34, [1, 6, 8, 9, 12, 19, 20] - 35, [1, 3, 5, 10, 14, 13, 19, 20] - 35, [1, 2, 3, 8, 9, 12, 13, 19, 20] - 35, [1, 6, 8, 10, 14, 15, 20] - 35, [1, 3, 8, 10, 13, 19, 20] - 36, [1, 6, 8, 9, 13, 19, 20] - 36, [1, 2, 3, 8, 10, 14, 15, 20] - 37, [1, 2, 3, 5, 12, 19, 20] - 37, [1, 3, 6, 8, 10, 14, 15, 20] - 38, [1, 3, 6, 8, 9, 12, 19, 20] - 38, [1, 6, 8, 3, 5, 10, 14, 15, 20] - 38, [1, 3, 8, 9, 10, 13, 19, 20] - 38, [1, 2, 3, 5, 10, 13, 15, 20] - 38, [1, 3, 5, 8, 9, 12, 19, 20] - 38, [1, 6, 8, 3, 5, 2, 4, 11, 10, 12, 16, 17, 19, 20] - 78]
melhor indivíduo da geração:[1, 3, 5, 12, 13, 19, 20] - 30
geração: 43: 
[[1, 3, 5, 12, 13, 19, 20] - 30, [1, 2, 5, 12, 13, 19, 20] - 30, [1, 3, 8, 9, 12, 13, 19, 20] - 30, [1, 2, 4, 10, 14, 15, 20] - 31, [1, 3, 5, 12, 19, 20] - 32, [1, 2, 5, 12, 19, 20] - 32, [1, 2, 5, 10, 13, 19, 20] - 33, [1, 2, 4, 11, 13, 19, 20] - 34, [1, 6, 8, 9, 12, 19, 20] - 35, [1, 3, 5, 10, 14, 13, 19, 20] - 35, [1, 2, 3, 8, 9, 12, 13, 19, 20] - 35, [1, 6, 8, 10, 14, 15, 20] - 35, [1, 3, 8, 10, 13, 19, 20] - 36, [1, 6, 8, 9, 13, 19, 20] - 36, [1, 2, 3, 8, 10, 14, 15, 20] - 37, [1, 2, 3, 5, 12, 19, 20] - 37, [1, 3, 6, 8, 10, 14, 15, 20] - 38, [1, 3, 6, 8, 9, 12, 19, 20] - 38, [1, 6, 8, 3, 5, 10, 14, 15, 20] - 38, [1, 3, 8, 9, 10, 13, 19, 20] - 38, [1, 2, 3, 5, 10, 13, 15, 20] - 38, [1, 3, 5, 8, 9, 12, 19, 20] - 38, [1, 2, 5, 8, 3, 6, 7, 9, 12, 13, 19, 20] - 53]
melhor indivíduo da geração:[1, 3, 5, 12, 13, 19, 20] - 30
geração: 44: 
[[1, 3, 5, 12, 13, 19, 20] - 30, [1, 2, 5, 12, 13, 19, 20] - 30, [1, 3, 8, 9, 12, 13, 19, 20] - 30, [1, 2, 4, 10, 14, 15, 20] - 31, [1, 3, 5, 12, 19, 20] - 32, [1, 2, 5, 12, 19, 20] - 32, [1, 2, 5, 10, 13, 19, 20] - 33, [1, 2, 4, 11, 13, 19, 20] - 34, [1, 6, 8, 9, 12, 19, 20] - 35, [1, 3, 5, 10, 14, 13, 19, 20] - 35, [1, 2, 3, 8, 9, 12, 13, 19, 20] - 35, [1, 6, 8, 10, 14, 15, 20] - 35, [1, 3, 8, 10, 13, 19, 20] - 36, [1, 6, 8, 9, 13, 19, 20] - 36, [1, 2, 3, 8, 10, 14, 15, 20] - 37, [1, 2, 3, 5, 12, 19, 20] - 37, [1, 3, 6, 8, 10, 14, 15, 20] - 38, [1, 3, 6, 8, 9, 12, 19, 20] - 38, [1, 6, 8, 3, 5, 10, 14, 15, 20] - 38, [1, 3, 8, 9, 10, 13, 19, 20] - 38, [1, 2, 3, 5, 10, 13, 15, 20] - 38, [1, 3, 5, 8, 9, 12, 19, 20] - 38, [1, 2, 5, 8, 3, 6, 7, 9, 12, 13, 19, 20] - 53]
melhor indivíduo da geração:[1, 3, 5, 12, 13, 19, 20] - 30
geração: 45: 
[[1, 3, 5, 12, 13, 19, 20] - 30, [1, 2, 5, 12, 13, 19, 20] - 30, [1, 3, 8, 9, 12, 13, 19, 20] - 30, [1, 2, 4, 10, 14, 15, 20] - 31, [1, 3, 5, 12, 19, 20] - 32, [1, 2, 5, 12, 19, 20] - 32, [1, 2, 5, 10, 13, 19, 20] - 33, [1, 2, 4, 11, 13, 19, 20] - 34, [1, 6, 8, 9, 12, 19, 20] - 35, [1, 3, 5, 10, 14, 13, 19, 20] - 35, [1, 2, 3, 8, 9, 12, 13, 19, 20] - 35, [1, 6, 8, 10, 14, 15, 20] - 35, [1, 3, 8, 10, 13, 19, 20] - 36, [1, 6, 8, 9, 13, 19, 20] - 36, [1, 2, 3, 8, 10, 14, 15, 20] - 37, [1, 2, 3, 5, 12, 19, 20] - 37, [1, 3, 6, 8, 10, 14, 15, 20] - 38, [1, 3, 6, 8, 9, 12, 19, 20] - 38, [1, 6, 8, 3, 5, 10, 14, 15, 20] - 38, [1, 3, 8, 9, 10, 13, 19, 20] - 38, [1, 2, 3, 5, 10, 13, 15, 20] - 38, [1, 3, 5, 8, 9, 12, 19, 20] - 38, [1, 2, 5, 8, 3, 6, 7, 9, 12, 13, 19, 20] - 53]
melhor indivíduo da geração:[1, 3, 5, 12, 13, 19, 20] - 30
geração: 46: 
[[1, 3, 5, 12, 13, 19, 20] - 30, [1, 2, 5, 12, 13, 19, 20] - 30, [1, 3, 8, 9, 12, 13, 19, 20] - 30, [1, 2, 4, 10, 14, 15, 20] - 31, [1, 3, 5, 12, 19, 20] - 32, [1, 2, 5, 12, 19, 20] - 32, [1, 2, 5, 10, 13, 19, 20] - 33, [1, 2, 4, 11, 13, 19, 20] - 34, [1, 6, 8, 9, 12, 19, 20] - 35, [1, 3, 5, 10, 14, 13, 19, 20] - 35, [1, 2, 3, 8, 9, 12, 13, 19, 20] - 35, [1, 6, 8, 10, 14, 15, 20] - 35, [1, 3, 8, 10, 13, 19, 20] - 36, [1, 6, 8, 9, 13, 19, 20] - 36, [1, 2, 3, 8, 10, 14, 15, 20] - 37, [1, 2, 3, 5, 12, 19, 20] - 37, [1, 3, 6, 8, 10, 14, 15, 20] - 38, [1, 3, 6, 8, 9, 12, 19, 20] - 38, [1, 6, 8, 3, 5, 10, 14, 15, 20] - 38, [1, 3, 8, 9, 10, 13, 19, 20] - 38, [1, 2, 3, 5, 10, 13, 15, 20] - 38, [1, 3, 5, 8, 9, 12, 19, 20] - 38, [1, 3, 5, 8, 10, 14, 15, 20] - 38, [1, 2, 5, 8, 3, 6, 7, 9, 12, 13, 19, 20] - 53]
melhor indivíduo da geração:[1, 3, 5, 12, 13, 19, 20] - 30
geração: 47: 
[[1, 3, 5, 12, 13, 19, 20] - 30, [1, 2, 5, 12, 13, 19, 20] - 30, [1, 3, 8, 9, 12, 13, 19, 20] - 30, [1, 2, 4, 10, 14, 15, 20] - 31, [1, 3, 5, 12, 19, 20] - 32, [1, 2, 5, 12, 19, 20] - 32, [1, 2, 5, 10, 13, 19, 20] - 33, [1, 2, 4, 11, 13, 19, 20] - 34, [1, 6, 8, 9, 12, 19, 20] - 35, [1, 3, 5, 10, 14, 13, 19, 20] - 35, [1, 2, 3, 8, 9, 12, 13, 19, 20] - 35, [1, 6, 8, 10, 14, 15, 20] - 35, [1, 3, 8, 10, 13, 19, 20] - 36, [1, 6, 8, 9, 13, 19, 20] - 36, [1, 2, 3, 8, 10, 14, 15, 20] - 37, [1, 2, 3, 5, 12, 19, 20] - 37, [1, 3, 6, 8, 10, 14, 15, 20] - 38, [1, 3, 6, 8, 9, 12, 19, 20] - 38, [1, 6, 8, 3, 5, 10, 14, 15, 20] - 38, [1, 3, 8, 9, 10, 13, 19, 20] - 38, [1, 2, 3, 5, 10, 13, 15, 20] - 38, [1, 3, 5, 8, 9, 12, 19, 20] - 38, [1, 3, 5, 8, 10, 14, 15, 20] - 38, [1, 2, 5, 8, 3, 6, 7, 9, 12, 13, 19, 20] - 53]
melhor indivíduo da geração:[1, 3, 5, 12, 13, 19, 20] - 30
geração: 48: 
[[1, 3, 5, 12, 13, 19, 20] - 30, [1, 2, 5, 12, 13, 19, 20] - 30, [1, 3, 8, 9, 12, 13, 19, 20] - 30, [1, 2, 4, 10, 14, 15, 20] - 31, [1, 3, 5, 12, 19, 20] - 32, [1, 2, 5, 12, 19, 20] - 32, [1, 2, 5, 10, 13, 19, 20] - 33, [1, 2, 4, 11, 13, 19, 20] - 34, [1, 6, 8, 9, 12, 19, 20] - 35, [1, 3, 5, 10, 14, 13, 19, 20] - 35, [1, 2, 3, 8, 9, 12, 13, 19, 20] - 35, [1, 6, 8, 10, 14, 15, 20] - 35, [1, 3, 8, 10, 13, 19, 20] - 36, [1, 6, 8, 9, 13, 19, 20] - 36, [1, 2, 3, 8, 10, 14, 15, 20] - 37, [1, 2, 3, 5, 12, 19, 20] - 37, [1, 3, 6, 8, 10, 14, 15, 20] - 38, [1, 3, 6, 8, 9, 12, 19, 20] - 38, [1, 6, 8, 3, 5, 10, 14, 15, 20] - 38, [1, 3, 8, 9, 10, 13, 19, 20] - 38, [1, 2, 3, 5, 10, 13, 15, 20] - 38, [1, 3, 5, 8, 9, 12, 19, 20] - 38, [1, 3, 5, 8, 10, 14, 15, 20] - 38, [1, 2, 5, 8, 10, 12, 19, 20] - 49]
melhor indivíduo da geração:[1, 3, 5, 12, 13, 19, 20] - 30
geração: 49: 
[[1, 3, 5, 12, 13, 19, 20] - 30, [1, 2, 5, 12, 13, 19, 20] - 30, [1, 3, 8, 9, 12, 13, 19, 20] - 30, [1, 2, 4, 10, 14, 15, 20] - 31, [1, 3, 5, 12, 19, 20] - 32, [1, 2, 5, 12, 19, 20] - 32, [1, 2, 5, 10, 13, 19, 20] - 33, [1, 2, 4, 11, 13, 19, 20] - 34, [1, 6, 8, 9, 12, 19, 20] - 35, [1, 3, 5, 10, 14, 13, 19, 20] - 35, [1, 2, 3, 8, 9, 12, 13, 19, 20] - 35, [1, 6, 8, 10, 14, 15, 20] - 35, [1, 3, 8, 10, 13, 19, 20] - 36, [1, 6, 8, 9, 13, 19, 20] - 36, [1, 2, 3, 8, 10, 14, 15, 20] - 37, [1, 2, 3, 5, 12, 19, 20] - 37, [1, 3, 6, 8, 10, 14, 15, 20] - 38, [1, 3, 6, 8, 9, 12, 19, 20] - 38, [1, 6, 8, 3, 5, 10, 14, 15, 20] - 38, [1, 3, 8, 9, 10, 13, 19, 20] - 38, [1, 2, 3, 5, 10, 13, 15, 20] - 38, [1, 3, 5, 8, 9, 12, 19, 20] - 38, [1, 3, 5, 8, 10, 14, 15, 20] - 38, [1, 2, 5, 8, 10, 12, 19, 20] - 49]
melhor indivíduo da geração:[1, 3, 5, 12, 13, 19, 20] - 30
geração: 50: 
[[1, 3, 5, 12, 13, 19, 20] - 30, [1, 2, 5, 12, 13, 19, 20] - 30, [1, 3, 8, 9, 12, 13, 19, 20] - 30, [1, 2, 4, 10, 14, 15, 20] - 31, [1, 3, 5, 12, 19, 20] - 32, [1, 2, 5, 12, 19, 20] - 32, [1, 2, 5, 10, 13, 19, 20] - 33, [1, 2, 4, 11, 13, 19, 20] - 34, [1, 6, 8, 9, 12, 19, 20] - 35, [1, 3, 5, 10, 14, 13, 19, 20] - 35, [1, 2, 3, 8, 9, 12, 13, 19, 20] - 35, [1, 6, 8, 10, 14, 15, 20] - 35, [1, 3, 8, 10, 13, 19, 20] - 36, [1, 6, 8, 9, 13, 19, 20] - 36, [1, 2, 3, 8, 10, 14, 15, 20] - 37, [1, 2, 3, 5, 12, 19, 20] - 37, [1, 3, 6, 8, 10, 14, 15, 20] - 38, [1, 3, 6, 8, 9, 12, 19, 20] - 38, [1, 6, 8, 3, 5, 10, 14, 15, 20] - 38, [1, 3, 8, 9, 10, 13, 19, 20] - 38, [1, 2, 3, 5, 10, 13, 15, 20] - 38, [1, 3, 5, 8, 9, 12, 19, 20] - 38, [1, 3, 5, 8, 10, 14, 15, 20] - 38, [1, 6, 7, 8, 10, 14, 13, 9, 12, 19, 20] - 76]
melhor indivíduo da geração:[1, 3, 5, 12, 13, 19, 20] - 30
melhor valor é da geração 44!!!!
______________________________________________________________________________________________________________________________
