gera????o: 1: 
[[1, 3, 5, 12, 22, 23, 25, 26, 33, 46, 49, 58, 62, 70] - 4394, [1, 4, 10, 11, 20, 39, 44, 54, 61, 65, 67, 69, 70] - 5757, [1, 4, 11, 20, 32, 37, 39, 53, 54, 56, 63, 70] - 4916, [1, 2, 9, 21, 22, 24, 28, 36, 49, 55, 57, 70] - 4699, [1, 2, 9, 11, 20, 31, 33, 34, 35, 46, 49, 58, 62, 70] - 5031, [1, 3, 13, 22, 33, 47, 56, 57, 70] - 4212, [1, 2, 3, 13, 14, 22, 24, 27, 35, 49, 58, 62, 70] - 5106, [1, 4, 11, 21, 31, 40, 44, 50, 53, 60, 64, 66, 67, 68, 70] - 5719, [1, 3, 23, 25, 26, 33, 39, 53, 61, 63, 70] - 4941, [1, 4, 11, 20, 39, 56, 57, 70] - 4664, [1, 2, 3, 5, 6, 7, 17, 18, 19, 24, 28, 34, 35, 46, 47, 56, 61, 65, 68, 70] - 6292, [1, 3, 12, 13, 23, 31, 33, 47, 49, 58, 62, 70] - 4094, [1, 4, 11, 20, 30, 32, 37, 38, 43, 52, 59, 60, 65, 68, 70] - 6313, [1, 2, 4, 10, 20, 30, 32, 40, 44, 54, 61, 68, 70] - 4594, [1, 4, 10, 11, 20, 39, 44, 53, 54, 61, 68, 70] - 5259, [1, 3, 12, 13, 23, 33, 40, 41, 47, 49, 58, 62, 70] - 4527, [1, 2, 4, 11, 20, 39, 44, 50, 53, 60, 64, 66, 67, 69, 70] - 6151, [1, 2, 4, 11, 21, 22, 33, 34, 41, 46, 49, 55, 58, 62, 70] - 5565, [1, 4, 11, 20, 21, 23, 33, 34, 46, 47, 55, 58, 62, 70] - 5099, [1, 4, 11, 21, 31, 40, 41, 45, 56, 60, 61, 63, 70] - 5251]
melhor indiv??duo da gera????o:[1, 3, 12, 13, 23, 31, 33, 47, 49, 58, 62, 70] - 4094
gera????o: 2: 
[[1, 4, 10, 11, 20, 39, 44, 54, 61, 65, 67, 69, 70] - 5757, [1, 2, 9, 21, 22, 24, 28, 36, 49, 55, 57, 70] - 4699, [1, 3, 13, 22, 33, 47, 56, 57, 70] - 4212, [1, 4, 11, 21, 31, 40, 44, 50, 53, 60, 64, 66, 67, 68, 70] - 5719, [1, 4, 11, 20, 39, 56, 57, 70] - 4664, [1, 3, 12, 13, 23, 31, 33, 47, 49, 58, 62, 70] - 4094, [1, 2, 4, 10, 20, 30, 32, 40, 44, 54, 61, 68, 70] - 4594, [1, 3, 12, 13, 23, 33, 40, 41, 47, 49, 58, 62, 70] - 4527, [1, 2, 4, 11, 21, 22, 33, 34, 41, 46, 49, 55, 58, 62, 70] - 5565, [1, 4, 11, 21, 31, 40, 41, 45, 56, 60, 61, 63, 70] - 5251, [1, 4, 10, 20, 32, 40, 44, 45, 57, 70] - 4135, [1, 3, 23, 31, 32, 37, 39, 50, 53, 54, 56, 60, 65, 68, 70] - 5879, [1, 2, 4, 10, 11, 20, 29, 38, 43, 51, 59, 64, 66, 67, 69, 70] - 5975, [1, 3, 13, 23, 31, 40, 41, 45, 56, 57, 70] - 4294, [1, 4, 11, 21, 22, 24, 27, 28, 35, 49, 55, 56, 60, 65, 68, 70] - 7079, [1, 4, 11, 20, 32, 39, 50, 53, 54, 56, 57, 70] - 4913, [1, 4, 11, 21, 31, 32, 39, 44, 54, 56, 61, 65, 68, 70] - 5229, [1, 3, 12, 22, 33, 34, 35, 36, 48, 58, 62, 70] - 4545]
melhor indiv??duo da gera????o:[1, 3, 12, 13, 23, 31, 33, 47, 49, 58, 62, 70] - 4094
gera????o: 3: 
[[1, 2, 9, 21, 22, 24, 28, 36, 49, 55, 57, 70] - 4699, [1, 4, 11, 21, 31, 40, 44, 50, 53, 60, 64, 66, 67, 68, 70] - 5719, [1, 3, 12, 13, 23, 31, 33, 47, 49, 58, 62, 70] - 4094, [1, 3, 12, 13, 23, 33, 40, 41, 47, 49, 58, 62, 70] - 4527, [1, 4, 11, 21, 31, 40, 41, 45, 56, 60, 61, 63, 70] - 5251, [1, 3, 23, 31, 32, 37, 39, 50, 53, 54, 56, 60, 65, 68, 70] - 5879, [1, 3, 13, 23, 31, 40, 41, 45, 56, 57, 70] - 4294, [1, 4, 11, 20, 32, 39, 50, 53, 54, 56, 57, 70] - 4913, [1, 3, 12, 22, 33, 34, 35, 36, 48, 58, 62, 70] - 4545, [1, 2, 4, 10, 11, 20, 30, 32, 40, 41, 45, 56, 63, 70] - 4568, [1, 2, 3, 23, 33, 39, 44, 45, 57, 70] - 4667, [1, 3, 9, 11, 20, 39, 40, 41, 47, 56, 57, 70] - 5242, [1, 4, 10, 11, 21, 23, 25, 33, 34, 35, 36, 48, 58, 62, 70] - 4905, [1, 3, 5, 6, 22, 25, 33, 41, 44, 56, 60, 61, 65, 68, 70] - 5790, [1, 3, 9, 21, 22, 33, 39, 42, 50, 53, 61, 65, 67, 68, 70] - 6813, [1, 4, 10, 20, 21, 23, 33, 39, 40, 41, 47, 55, 56, 61, 68, 70] - 6363]
melhor indiv??duo da gera????o:[1, 3, 12, 13, 23, 31, 33, 47, 49, 58, 62, 70] - 4094
gera????o: 4: 
[[1, 4, 11, 21, 31, 40, 44, 50, 53, 60, 64, 66, 67, 68, 70] - 5719, [1, 3, 12, 13, 23, 33, 40, 41, 47, 49, 58, 62, 70] - 4527, [1, 3, 23, 31, 32, 37, 39, 50, 53, 54, 56, 60, 65, 68, 70] - 5879, [1, 4, 11, 20, 32, 39, 50, 53, 54, 56, 57, 70] - 4913, [1, 2, 4, 10, 11, 20, 30, 32, 40, 41, 45, 56, 63, 70] - 4568, [1, 3, 9, 11, 20, 39, 40, 41, 47, 56, 57, 70] - 5242, [1, 3, 5, 6, 22, 25, 33, 41, 44, 56, 60, 61, 65, 68, 70] - 5790, [1, 4, 10, 20, 21, 23, 33, 39, 40, 41, 47, 55, 56, 61, 68, 70] - 6363, [1, 4, 10, 11, 20, 31, 40, 41, 47, 56, 60, 64, 66, 67, 68, 70] - 7034, [1, 2, 3, 9, 21, 31, 33, 34, 46, 49, 55, 56, 57, 70] - 5176, [1, 3, 13, 23, 25, 33, 47, 56, 60, 61, 68, 70] - 5586, [1, 2, 3, 23, 33, 39, 40, 41, 44, 50, 53, 60, 61, 68, 70] - 6106, [1, 2, 3, 12, 13, 22, 33, 49, 55, 56, 61, 68, 70] - 4838, [1, 3, 23, 25, 26, 33, 40, 44, 45, 57, 70] - 4446]
melhor indiv??duo da gera????o:[1, 3, 23, 25, 26, 33, 40, 44, 45, 57, 70] - 4446
gera????o: 5: 
[[1, 3, 12, 13, 23, 33, 40, 41, 47, 49, 58, 62, 70] - 4527, [1, 4, 11, 20, 32, 39, 50, 53, 54, 56, 57, 70] - 4913, [1, 3, 9, 11, 20, 39, 40, 41, 47, 56, 57, 70] - 5242, [1, 4, 10, 20, 21, 23, 33, 39, 40, 41, 47, 55, 56, 61, 68, 70] - 6363, [1, 2, 3, 9, 21, 31, 33, 34, 46, 49, 55, 56, 57, 70] - 5176, [1, 2, 3, 23, 33, 39, 40, 41, 44, 50, 53, 60, 61, 68, 70] - 6106, [1, 3, 23, 25, 26, 33, 40, 44, 45, 57, 70] - 4446, [1, 4, 11, 21, 23, 31, 33, 46, 47, 49, 58, 62, 70] - 4755, [1, 4, 11, 20, 21, 22, 33, 49, 58, 62, 70] - 4607, [1, 3, 5, 6, 8, 15, 16, 24, 26, 33, 47, 56, 61, 63, 70] - 4906, [1, 3, 13, 40, 41, 44, 53, 54, 56, 63, 70] - 4525, [1, 2, 3, 13, 31, 41, 46, 49, 58, 62, 70] - 4493]
melhor indiv??duo da gera????o:[1, 3, 23, 25, 26, 33, 40, 44, 45, 57, 70] - 4446
gera????o: 6: 
[[1, 4, 11, 20, 32, 39, 50, 53, 54, 56, 57, 70] - 4913, [1, 4, 10, 20, 21, 23, 33, 39, 40, 41, 47, 55, 56, 61, 68, 70] - 6363, [1, 2, 3, 23, 33, 39, 40, 41, 44, 50, 53, 60, 61, 68, 70] - 6106, [1, 4, 11, 21, 23, 31, 33, 46, 47, 49, 58, 62, 70] - 4755, [1, 3, 5, 6, 8, 15, 16, 24, 26, 33, 47, 56, 61, 63, 70] - 4906, [1, 2, 3, 13, 31, 41, 46, 49, 58, 62, 70] - 4493, [1, 3, 12, 22, 33, 49, 58, 62, 70] - 3511, [1, 3, 13, 40, 41, 46, 49, 58, 62, 70] - 4388, [1, 3, 5, 12, 14, 26, 28, 36, 49, 55, 58, 62, 70] - 4526, [1, 3, 5, 12, 13, 23, 25, 33, 49, 58, 62, 70] - 3741]
melhor indiv??duo da gera????o:[1, 3, 12, 22, 33, 49, 58, 62, 70] - 3511
gera????o: 7: 
[[1, 4, 10, 20, 21, 23, 33, 39, 40, 41, 47, 55, 56, 61, 68, 70] - 6363, [1, 4, 11, 21, 23, 31, 33, 46, 47, 49, 58, 62, 70] - 4755, [1, 2, 3, 13, 31, 41, 46, 49, 58, 62, 70] - 4493, [1, 3, 13, 40, 41, 46, 49, 58, 62, 70] - 4388, [1, 3, 5, 12, 13, 23, 25, 33, 49, 58, 62, 70] - 3741, [1, 3, 5, 6, 26, 28, 35, 36, 48, 49, 55, 57, 70] - 4530, [1, 2, 3, 9, 21, 22, 24, 36, 49, 55, 58, 62, 70] - 5160, [1, 3, 12, 14, 26, 33, 39, 53, 60, 65, 68, 70] - 5515, [1, 3, 13, 40, 44, 53, 54, 61, 68, 70] - 4596]
melhor indiv??duo da gera????o:[1, 3, 5, 12, 13, 23, 25, 33, 49, 58, 62, 70] - 3741
gera????o: 8: 
[[1, 4, 11, 21, 23, 31, 33, 46, 47, 49, 58, 62, 70] - 4755, [1, 3, 13, 40, 41, 46, 49, 58, 62, 70] - 4388, [1, 3, 5, 6, 26, 28, 35, 36, 48, 49, 55, 57, 70] - 4530, [1, 3, 12, 14, 26, 33, 39, 53, 60, 65, 68, 70] - 5515, [1, 3, 9, 13, 14, 22, 33, 41, 46, 47, 49, 58, 62, 70] - 4979, [1, 2, 4, 11, 20, 30, 32, 40, 41, 45, 47, 56, 63, 70] - 5108, [1, 4, 11, 21, 31, 41, 45, 56, 60, 65, 68, 70] - 5428, [1, 2, 3, 13, 31, 40, 41, 47, 55, 56, 57, 70] - 4793]
melhor indiv??duo da gera????o:[1, 3, 13, 40, 41, 46, 49, 58, 62, 70] - 4388
gera????o: 9: 
[[1, 3, 13, 40, 41, 46, 49, 58, 62, 70] - 4388, [1, 3, 12, 14, 26, 33, 39, 53, 60, 65, 68, 70] - 5515, [1, 2, 4, 11, 20, 30, 32, 40, 41, 45, 47, 56, 63, 70] - 5108, [1, 2, 3, 13, 31, 40, 41, 47, 55, 56, 57, 70] - 4793, [1, 3, 13, 40, 44, 45, 57, 70] - 3838, [1, 4, 11, 21, 31, 40, 41, 46, 49, 55, 58, 62, 70] - 4818]
melhor indiv??duo da gera????o:[1, 3, 13, 40, 44, 45, 57, 70] - 3838
gera????o: 10: 
[[1, 3, 12, 14, 26, 33, 39, 53, 60, 65, 68, 70] - 5515, [1, 2, 3, 13, 31, 40, 41, 47, 55, 56, 57, 70] - 4793, [1, 4, 11, 21, 31, 40, 41, 46, 49, 55, 58, 62, 70] - 4818, [1, 3, 9, 21, 23, 31, 40, 41, 47, 55, 57, 70] - 4265, [1, 4, 10, 20, 32, 39, 40, 44, 56, 63, 70] - 4289]
melhor indiv??duo da gera????o:[1, 3, 9, 21, 23, 31, 40, 41, 47, 55, 57, 70] - 4265
gera????o: 11: 
[[1, 2, 3, 13, 31, 40, 41, 47, 55, 56, 57, 70] - 4793, [1, 3, 9, 21, 23, 31, 40, 41, 47, 55, 57, 70] - 4265, [1, 3, 9, 13, 14, 17, 26, 28, 34, 35, 46, 49, 55, 56, 60, 65, 66, 67, 69, 70] - 7992, [1, 3, 13, 14, 17, 26, 31, 33, 34, 41, 46, 47, 55, 57, 70] - 6252]
melhor indiv??duo da gera????o:[1, 3, 9, 21, 23, 31, 40, 41, 47, 55, 57, 70] - 4265
gera????o: 12: 
[[1, 3, 9, 21, 23, 31, 40, 41, 47, 55, 57, 70] - 4265, [1, 3, 13, 14, 17, 26, 31, 33, 34, 41, 46, 47, 55, 57, 70] - 6252, [1, 3, 5, 12, 13, 21, 23, 33, 40, 44, 55, 57, 70] - 4410]
melhor indiv??duo da gera????o:[1, 3, 9, 21, 23, 31, 40, 41, 47, 55, 57, 70] - 4265
gera????o: 13: 
[[1, 3, 13, 14, 17, 26, 31, 33, 34, 41, 46, 47, 55, 57, 70] - 6252, [1, 4, 11, 21, 31, 40, 44, 54, 61, 65, 66, 67, 68, 70] - 5760]
melhor indiv??duo da gera????o:[1, 4, 11, 21, 31, 40, 44, 54, 61, 65, 66, 67, 68, 70] - 5760
gera????o: 14: 
[[1, 4, 11, 21, 31, 40, 44, 54, 61, 65, 66, 67, 68, 70] - 5760]
melhor indiv??duo da gera????o:[1, 4, 11, 21, 31, 40, 44, 54, 61, 65, 66, 67, 68, 70] - 5760
______________________________________________________________________________________________________________________________
