gera????o: 1: 
[[1, 2, 4, 11, 20, 32, 37, 42, 50, 53, 61, 65, 68, 70] - 5830, [1, 2, 4, 10, 20, 30, 31, 41, 47, 56, 57, 70] - 5079, [1, 3, 23, 25, 33, 40, 44, 56, 57, 70] - 4318, [1, 2, 3, 23, 31, 33, 49, 58, 62, 70] - 3871, [1, 3, 9, 13, 23, 31, 41, 46, 47, 56, 61, 65, 68, 70] - 5841, [1, 2, 4, 10, 20, 39, 56, 63, 70] - 4181, [1, 3, 9, 13, 21, 22, 23, 33, 47, 56, 61, 63, 70] - 4506, [1, 2, 4, 11, 21, 23, 33, 39, 50, 53, 61, 65, 68, 70] - 5588, [1, 3, 9, 13, 21, 22, 33, 46, 49, 58, 62, 70] - 4346, [1, 2, 4, 10, 20, 31, 32, 37, 38, 43, 52, 53, 60, 65, 68, 70] - 6170, [1, 3, 12, 14, 25, 33, 46, 47, 56, 61, 63, 70] - 4643, [1, 2, 9, 21, 31, 32, 37, 38, 43, 52, 53, 60, 61, 63, 70] - 5419, [1, 2, 4, 11, 21, 22, 33, 49, 55, 58, 62, 70] - 4218, [1, 3, 23, 33, 40, 44, 56, 63, 70] - 3918, [1, 2, 4, 11, 21, 23, 25, 33, 40, 41, 45, 57, 70] - 4561, [1, 3, 13, 40, 44, 50, 53, 60, 64, 66, 67, 68, 70] - 5515, [1, 2, 3, 9, 13, 21, 23, 33, 46, 49, 58, 62, 70] - 4351, [1, 3, 12, 14, 26, 31, 32, 37, 39, 56, 60, 64, 67, 69, 70] - 6701, [1, 4, 11, 20, 29, 37, 38, 43, 51, 59, 60, 65, 67, 69, 70] - 6170, [1, 3, 12, 14, 26, 31, 32, 40, 41, 44, 53, 54, 61, 68, 70] - 5666]
melhor indiv??duo da gera????o:[1, 2, 3, 23, 31, 33, 49, 58, 62, 70] - 3871
gera????o: 2: 
[[1, 2, 4, 10, 20, 30, 31, 41, 47, 56, 57, 70] - 5079, [1, 2, 3, 23, 31, 33, 49, 58, 62, 70] - 3871, [1, 2, 4, 10, 20, 39, 56, 63, 70] - 4181, [1, 2, 4, 11, 21, 23, 33, 39, 50, 53, 61, 65, 68, 70] - 5588, [1, 2, 4, 10, 20, 31, 32, 37, 38, 43, 52, 53, 60, 65, 68, 70] - 6170, [1, 2, 9, 21, 31, 32, 37, 38, 43, 52, 53, 60, 61, 63, 70] - 5419, [1, 3, 23, 33, 40, 44, 56, 63, 70] - 3918, [1, 3, 13, 40, 44, 50, 53, 60, 64, 66, 67, 68, 70] - 5515, [1, 3, 12, 14, 26, 31, 32, 37, 39, 56, 60, 64, 67, 69, 70] - 6701, [1, 3, 12, 14, 26, 31, 32, 40, 41, 44, 53, 54, 61, 68, 70] - 5666, [1, 3, 23, 33, 40, 44, 56, 63, 70] - 3918, [1, 2, 4, 10, 20, 39, 56, 63, 70] - 4181, [1, 2, 9, 21, 31, 32, 37, 38, 43, 52, 53, 60, 61, 63, 70] - 5419, [1, 2, 4, 11, 21, 23, 25, 33, 40, 41, 45, 57, 70] - 4561, [1, 3, 23, 25, 33, 40, 44, 56, 57, 70] - 4318, [1, 2, 3, 23, 31, 33, 49, 58, 62, 70] - 3871, [1, 2, 3, 23, 31, 33, 49, 58, 62, 70] - 3871, [1, 2, 3, 23, 31, 33, 49, 58, 62, 70] - 3871]
melhor indiv??duo da gera????o:[1, 2, 3, 23, 31, 33, 49, 58, 62, 70] - 3871
gera????o: 3: 
[[1, 2, 3, 23, 31, 33, 49, 58, 62, 70] - 3871, [1, 2, 4, 11, 21, 23, 33, 39, 50, 53, 61, 65, 68, 70] - 5588, [1, 2, 9, 21, 31, 32, 37, 38, 43, 52, 53, 60, 61, 63, 70] - 5419, [1, 3, 13, 40, 44, 50, 53, 60, 64, 66, 67, 68, 70] - 5515, [1, 3, 12, 14, 26, 31, 32, 40, 41, 44, 53, 54, 61, 68, 70] - 5666, [1, 2, 4, 10, 20, 39, 56, 63, 70] - 4181, [1, 2, 4, 11, 21, 23, 25, 33, 40, 41, 45, 57, 70] - 4561, [1, 2, 3, 23, 31, 33, 49, 58, 62, 70] - 3871, [1, 2, 3, 23, 31, 33, 49, 58, 62, 70] - 3871, [1, 2, 4, 10, 20, 39, 56, 63, 70] - 4181, [1, 2, 4, 10, 20, 30, 31, 41, 47, 56, 57, 70] - 5079, [1, 2, 3, 23, 31, 33, 49, 58, 62, 70] - 3871, [1, 2, 4, 10, 20, 39, 56, 63, 70] - 4181, [1, 3, 23, 33, 40, 44, 56, 63, 70] - 3918, [1, 2, 3, 23, 31, 33, 49, 58, 62, 70] - 3871, [1, 2, 4, 10, 20, 39, 56, 63, 70] - 4181]
melhor indiv??duo da gera????o:[1, 2, 3, 23, 31, 33, 49, 58, 62, 70] - 3871
gera????o: 4: 
[[1, 2, 4, 11, 21, 23, 33, 39, 50, 53, 61, 65, 68, 70] - 5588, [1, 3, 13, 40, 44, 50, 53, 60, 64, 66, 67, 68, 70] - 5515, [1, 2, 4, 10, 20, 39, 56, 63, 70] - 4181, [1, 2, 3, 23, 31, 33, 49, 58, 62, 70] - 3871, [1, 2, 4, 10, 20, 39, 56, 63, 70] - 4181, [1, 2, 3, 23, 31, 33, 49, 58, 62, 70] - 3871, [1, 3, 23, 33, 40, 44, 56, 63, 70] - 3918, [1, 2, 4, 10, 20, 39, 56, 63, 70] - 4181, [1, 2, 3, 23, 31, 33, 49, 58, 62, 70] - 3871, [1, 2, 3, 23, 31, 33, 49, 58, 62, 70] - 3871, [1, 2, 3, 23, 31, 33, 49, 58, 62, 70] - 3871, [1, 2, 3, 23, 31, 33, 49, 58, 62, 70] - 3871, [1, 2, 3, 23, 31, 33, 49, 58, 62, 70] - 3871, [1, 2, 3, 23, 31, 33, 49, 58, 62, 70] - 3871]
melhor indiv??duo da gera????o:[1, 2, 3, 23, 31, 33, 49, 58, 62, 70] - 3871
gera????o: 5: 
[[1, 3, 13, 40, 44, 50, 53, 60, 64, 66, 67, 68, 70] - 5515, [1, 2, 3, 23, 31, 33, 49, 58, 62, 70] - 3871, [1, 2, 3, 23, 31, 33, 49, 58, 62, 70] - 3871, [1, 2, 4, 10, 20, 39, 56, 63, 70] - 4181, [1, 2, 3, 23, 31, 33, 49, 58, 62, 70] - 3871, [1, 2, 3, 23, 31, 33, 49, 58, 62, 70] - 3871, [1, 2, 3, 23, 31, 33, 49, 58, 62, 70] - 3871, [1, 2, 4, 10, 20, 39, 56, 63, 70] - 4181, [1, 2, 3, 23, 31, 33, 49, 58, 62, 70] - 3871, [1, 3, 23, 33, 40, 44, 56, 63, 70] - 3918, [1, 2, 4, 10, 20, 39, 56, 63, 70] - 4181, [1, 2, 3, 23, 31, 33, 49, 58, 62, 70] - 3871]
melhor indiv??duo da gera????o:[1, 2, 3, 23, 31, 33, 49, 58, 62, 70] - 3871
______________________________________________________________________________________________________________________________
