gera????o: 1: 
[[1, 2, 4, 10, 11, 20, 29, 38, 43, 51, 59, 66, 67, 68, 70] - 6071, [1, 4, 11, 21, 22, 25, 33, 39, 53, 61, 65, 66, 67, 68, 70] - 6745, [1, 3, 12, 22, 23, 25, 33, 49, 55, 58, 62, 70] - 3908, [1, 2, 4, 11, 20, 39, 56, 60, 65, 67, 68, 70] - 6697, [1, 2, 3, 13, 22, 23, 33, 47, 49, 58, 62, 70] - 4009, [1, 4, 11, 20, 37, 39, 53, 60, 65, 68, 70] - 5180, [1, 4, 11, 20, 29, 37, 39, 40, 41, 44, 54, 56, 60, 64, 66, 67, 69, 70] - 6839, [1, 3, 23, 33, 40, 41, 47, 56, 61, 65, 66, 67, 68, 70] - 6495, [1, 3, 23, 33, 40, 41, 47, 55, 58, 62, 70] - 4285, [1, 4, 10, 20, 31, 40, 41, 45, 56, 60, 65, 67, 69, 70] - 6300, [1, 4, 10, 20, 21, 31, 41, 45, 47, 56, 61, 65, 66, 67, 68, 70] - 6839, [1, 2, 9, 11, 21, 22, 33, 49, 58, 62, 70] - 3672, [1, 4, 10, 11, 21, 23, 25, 26, 34, 46, 47, 56, 57, 70] - 4768, [1, 3, 5, 12, 22, 25, 26, 33, 46, 49, 55, 56, 57, 70] - 5026, [1, 2, 4, 10, 20, 29, 38, 43, 52, 60, 64, 65, 66, 67, 69, 70] - 6481, [1, 2, 3, 9, 11, 20, 31, 40, 44, 45, 47, 56, 61, 68, 70] - 5701, [1, 4, 10, 11, 21, 22, 23, 31, 33, 46, 49, 58, 62, 70] - 4554, [1, 4, 10, 11, 21, 22, 23, 31, 33, 49, 55, 56, 61, 68, 70] - 5222, [1, 4, 11, 20, 29, 37, 38, 43, 51, 59, 60, 65, 66, 67, 68, 70] - 6632, [1, 2, 4, 10, 11, 20, 32, 37, 38, 43, 51, 59, 64, 65, 68, 70] - 6037]
melhor indiv??duo da gera????o:[1, 2, 9, 11, 21, 22, 33, 49, 58, 62, 70] - 3672
gera????o: 2: 
[[1, 2, 9, 11, 21, 22, 33, 49, 58, 62, 70] - 3672, [1, 2, 9, 11, 21, 22, 33, 49, 58, 62, 70] - 3672, [1, 3, 12, 22, 23, 25, 33, 49, 55, 58, 62, 70] - 3908, [1, 2, 3, 13, 22, 23, 33, 47, 49, 58, 62, 70] - 4009, [1, 3, 23, 33, 40, 41, 47, 55, 58, 62, 70] - 4285, [1, 3, 23, 33, 40, 41, 47, 55, 58, 62, 70] - 4285, [1, 3, 23, 33, 40, 41, 47, 55, 58, 62, 70] - 4285, [1, 4, 10, 11, 21, 22, 23, 31, 33, 46, 49, 58, 62, 70] - 4554, [1, 3, 5, 12, 22, 25, 26, 33, 46, 49, 55, 56, 57, 70] - 5026, [1, 3, 5, 12, 22, 25, 26, 33, 46, 49, 55, 56, 57, 70] - 5026, [1, 3, 5, 12, 22, 25, 26, 33, 46, 49, 55, 56, 57, 70] - 5026, [1, 4, 11, 20, 37, 39, 53, 60, 65, 68, 70] - 5180, [1, 4, 11, 20, 37, 39, 53, 60, 65, 68, 70] - 5180, [1, 4, 10, 11, 21, 22, 23, 31, 33, 49, 55, 56, 61, 68, 70] - 5222, [1, 3, 9, 11, 20, 31, 40, 44, 45, 47, 56, 57, 70] - 5255, [1, 2, 3, 5, 12, 22, 25, 26, 33, 46, 49, 55, 56, 61, 68, 70] - 5472, [1, 2, 3, 9, 11, 20, 31, 40, 44, 45, 47, 56, 61, 68, 70] - 5701, [1, 2, 3, 9, 11, 20, 31, 40, 44, 45, 47, 56, 61, 68, 70] - 5701, [1, 2, 4, 10, 11, 20, 29, 38, 43, 51, 59, 66, 67, 68, 70] - 6071, [1, 2, 4, 10, 20, 29, 38, 43, 52, 60, 64, 65, 66, 67, 69, 70] - 6481, [1, 3, 23, 33, 40, 41, 47, 56, 61, 65, 66, 67, 68, 70] - 6495, [1, 3, 23, 33, 40, 41, 47, 56, 61, 65, 66, 67, 68, 70] - 6495, [1, 4, 11, 20, 29, 37, 38, 43, 51, 59, 60, 65, 66, 67, 68, 70] - 6632, [1, 2, 9, 11, 21, 22, 33, 40, 41, 47, 56, 61, 65, 66, 67, 68, 70] - 6710, [1, 4, 11, 20, 29, 37, 39, 40, 41, 44, 54, 56, 60, 64, 66, 67, 69, 70] - 6839, [1, 4, 11, 20, 29, 37, 39, 40, 41, 44, 54, 56, 60, 64, 66, 67, 69, 70] - 6839]
melhor indiv??duo da gera????o:[1, 2, 9, 11, 21, 22, 33, 49, 58, 62, 70] - 3672
gera????o: 3: 
[[1, 2, 9, 11, 21, 22, 33, 49, 58, 62, 70] - 3672, [1, 2, 9, 11, 21, 22, 33, 49, 58, 62, 70] - 3672, [1, 2, 9, 11, 21, 22, 33, 49, 58, 62, 70] - 3672, [1, 3, 12, 22, 23, 25, 33, 49, 55, 58, 62, 70] - 3908, [1, 2, 3, 13, 22, 23, 33, 47, 49, 58, 62, 70] - 4009, [1, 2, 3, 13, 22, 23, 33, 47, 49, 58, 62, 70] - 4009, [1, 3, 23, 33, 40, 41, 47, 55, 58, 62, 70] - 4285, [1, 3, 23, 33, 40, 41, 47, 55, 58, 62, 70] - 4285, [1, 4, 10, 11, 21, 22, 23, 31, 33, 46, 49, 58, 62, 70] - 4554, [1, 3, 5, 12, 22, 25, 26, 33, 46, 49, 55, 56, 57, 70] - 5026, [1, 3, 5, 12, 22, 25, 26, 33, 46, 49, 55, 56, 57, 70] - 5026, [1, 4, 11, 20, 37, 39, 53, 60, 65, 68, 70] - 5180, [1, 3, 9, 11, 20, 31, 40, 44, 45, 47, 56, 57, 70] - 5255, [1, 2, 3, 5, 12, 22, 25, 26, 33, 46, 49, 55, 56, 61, 68, 70] - 5472, [1, 2, 3, 5, 12, 22, 25, 26, 33, 46, 49, 55, 56, 61, 68, 70] - 5472, [1, 2, 3, 9, 11, 20, 31, 40, 44, 45, 47, 56, 61, 68, 70] - 5701, [1, 2, 4, 10, 20, 29, 38, 43, 52, 60, 64, 65, 66, 67, 69, 70] - 6481, [1, 3, 23, 33, 40, 41, 47, 56, 61, 65, 66, 67, 68, 70] - 6495, [1, 4, 11, 20, 29, 37, 38, 43, 51, 59, 60, 65, 66, 67, 68, 70] - 6632, [1, 4, 11, 20, 29, 37, 39, 40, 41, 44, 54, 56, 60, 64, 66, 67, 69, 70] - 6839, [1, 4, 11, 20, 29, 37, 39, 40, 41, 44, 54, 56, 60, 64, 66, 67, 69, 70] - 6839]
melhor indiv??duo da gera????o:[1, 2, 9, 11, 21, 22, 33, 49, 58, 62, 70] - 3672
gera????o: 4: 
[[1, 2, 9, 11, 21, 22, 33, 49, 58, 62, 70] - 3672, [1, 2, 9, 11, 21, 22, 33, 49, 58, 62, 70] - 3672, [1, 2, 9, 11, 21, 22, 33, 49, 58, 62, 70] - 3672, [1, 3, 12, 22, 23, 25, 33, 49, 55, 58, 62, 70] - 3908, [1, 2, 3, 13, 22, 23, 33, 47, 49, 58, 62, 70] - 4009, [1, 2, 3, 13, 22, 23, 33, 47, 49, 58, 62, 70] - 4009, [1, 3, 23, 33, 40, 41, 47, 55, 58, 62, 70] - 4285, [1, 3, 23, 33, 40, 41, 47, 55, 58, 62, 70] - 4285, [1, 2, 3, 13, 22, 23, 33, 40, 41, 47, 55, 58, 62, 70] - 4577, [1, 3, 5, 12, 22, 25, 26, 33, 46, 49, 55, 56, 57, 70] - 5026, [1, 4, 11, 20, 37, 39, 53, 60, 65, 68, 70] - 5180, [1, 3, 9, 11, 20, 31, 40, 44, 45, 47, 56, 57, 70] - 5255, [1, 2, 3, 5, 12, 22, 25, 26, 33, 46, 49, 55, 56, 61, 68, 70] - 5472, [1, 2, 4, 10, 20, 29, 38, 43, 52, 60, 64, 65, 66, 67, 69, 70] - 6481, [1, 4, 11, 20, 29, 37, 38, 43, 51, 59, 60, 65, 66, 67, 68, 70] - 6632, [1, 4, 11, 20, 29, 37, 39, 40, 41, 44, 54, 56, 60, 64, 66, 67, 69, 70] - 6839]
melhor indiv??duo da gera????o:[1, 2, 9, 11, 21, 22, 33, 49, 58, 62, 70] - 3672
gera????o: 5: 
[[1, 2, 9, 11, 21, 22, 33, 49, 58, 62, 70] - 3672, [1, 2, 9, 11, 21, 22, 33, 49, 58, 62, 70] - 3672, [1, 2, 9, 11, 21, 22, 33, 49, 58, 62, 70] - 3672, [1, 2, 9, 11, 21, 22, 33, 49, 58, 62, 70] - 3672, [1, 2, 9, 11, 21, 22, 33, 49, 58, 62, 70] - 3672, [1, 2, 9, 11, 21, 22, 33, 49, 58, 62, 70] - 3672, [1, 2, 9, 11, 21, 22, 33, 49, 58, 62, 70] - 3672, [1, 2, 9, 11, 21, 22, 33, 49, 58, 62, 70] - 3672, [1, 3, 12, 22, 23, 25, 33, 49, 55, 58, 62, 70] - 3908, [1, 2, 3, 5, 12, 22, 23, 33, 47, 49, 58, 62, 70] - 3939, [1, 2, 3, 13, 22, 23, 33, 47, 49, 58, 62, 70] - 4009, [1, 2, 3, 13, 22, 23, 33, 47, 49, 58, 62, 70] - 4009, [1, 2, 3, 13, 22, 23, 33, 47, 49, 58, 62, 70] - 4009, [1, 3, 23, 33, 40, 41, 47, 55, 58, 62, 70] - 4285, [1, 2, 3, 13, 22, 23, 33, 40, 41, 47, 55, 58, 62, 70] - 4577, [1, 4, 11, 20, 37, 39, 53, 60, 65, 68, 70] - 5180, [1, 3, 9, 11, 20, 31, 40, 44, 45, 47, 56, 57, 70] - 5255, [1, 3, 9, 11, 20, 31, 40, 44, 45, 47, 56, 57, 70] - 5255, [1, 2, 3, 5, 12, 22, 25, 26, 33, 46, 49, 55, 56, 61, 68, 70] - 5472, [1, 2, 3, 5, 12, 22, 25, 26, 33, 46, 49, 55, 56, 61, 68, 70] - 5472, [1, 2, 4, 10, 20, 29, 38, 43, 52, 60, 64, 65, 66, 67, 69, 70] - 6481, [1, 4, 11, 20, 29, 37, 38, 43, 51, 59, 60, 65, 66, 67, 68, 70] - 6632, [1, 2, 3, 5, 12, 22, 25, 26, 33, 46, 49, 55, 56, 60, 64, 66, 67, 69, 70] - 6770, [1, 4, 11, 20, 29, 37, 39, 40, 41, 44, 54, 56, 60, 64, 66, 67, 69, 70] - 6839]
melhor indiv??duo da gera????o:[1, 2, 9, 11, 21, 22, 33, 49, 58, 62, 70] - 3672
gera????o: 6: 
[[1, 2, 9, 11, 21, 22, 33, 49, 58, 62, 70] - 3672, [1, 2, 9, 11, 21, 22, 33, 49, 58, 62, 70] - 3672, [1, 2, 9, 11, 21, 22, 33, 49, 58, 62, 70] - 3672, [1, 2, 9, 11, 21, 22, 33, 49, 58, 62, 70] - 3672, [1, 2, 9, 11, 21, 22, 33, 49, 58, 62, 70] - 3672, [1, 2, 9, 11, 21, 22, 33, 49, 58, 62, 70] - 3672, [1, 2, 9, 11, 21, 22, 33, 49, 58, 62, 70] - 3672, [1, 3, 12, 22, 23, 25, 33, 49, 55, 58, 62, 70] - 3908, [1, 2, 3, 13, 22, 23, 33, 47, 49, 58, 62, 70] - 4009, [1, 2, 3, 13, 22, 23, 33, 47, 49, 58, 62, 70] - 4009, [1, 2, 3, 13, 22, 23, 33, 40, 41, 47, 55, 58, 62, 70] - 4577, [1, 3, 9, 11, 20, 31, 40, 44, 45, 47, 56, 57, 70] - 5255, [1, 3, 9, 11, 20, 31, 40, 44, 45, 47, 56, 57, 70] - 5255, [1, 2, 3, 5, 12, 22, 25, 26, 33, 46, 49, 55, 56, 61, 68, 70] - 5472, [1, 4, 11, 20, 29, 37, 38, 43, 51, 59, 60, 65, 66, 67, 68, 70] - 6632, [1, 4, 11, 20, 29, 37, 39, 40, 41, 44, 54, 56, 60, 64, 66, 67, 69, 70] - 6839]
melhor indiv??duo da gera????o:[1, 2, 9, 11, 21, 22, 33, 49, 58, 62, 70] - 3672
gera????o: 7: 
[[1, 2, 9, 11, 21, 22, 33, 49, 58, 62, 70] - 3672, [1, 2, 9, 11, 21, 22, 33, 49, 58, 62, 70] - 3672, [1, 2, 9, 11, 21, 22, 33, 49, 58, 62, 70] - 3672, [1, 2, 9, 11, 21, 22, 33, 49, 58, 62, 70] - 3672, [1, 2, 9, 11, 21, 22, 33, 49, 58, 62, 70] - 3672, [1, 2, 9, 11, 21, 22, 33, 49, 58, 62, 70] - 3672, [1, 2, 9, 11, 21, 22, 33, 49, 58, 62, 70] - 3672, [1, 4, 11, 21, 22, 33, 49, 58, 62, 70] - 3915, [1, 2, 3, 13, 22, 23, 33, 47, 49, 58, 62, 70] - 4009, [1, 2, 9, 11, 21, 22, 33, 40, 41, 47, 55, 58, 62, 70] - 4500, [1, 2, 3, 13, 22, 23, 33, 40, 41, 47, 55, 58, 62, 70] - 4577, [1, 2, 3, 13, 22, 23, 33, 40, 41, 47, 55, 58, 62, 70] - 4577, [1, 3, 9, 11, 20, 31, 40, 44, 45, 47, 56, 57, 70] - 5255, [1, 3, 9, 11, 20, 31, 40, 44, 45, 47, 56, 57, 70] - 5255, [1, 3, 9, 11, 20, 31, 40, 44, 45, 47, 56, 57, 70] - 5255, [1, 2, 9, 11, 20, 29, 37, 38, 43, 51, 59, 60, 65, 66, 67, 68, 70] - 6389, [1, 4, 11, 20, 29, 37, 38, 43, 51, 59, 60, 65, 66, 67, 68, 70] - 6632, [1, 4, 11, 20, 29, 37, 38, 43, 51, 59, 60, 65, 66, 67, 68, 70] - 6632]
melhor indiv??duo da gera????o:[1, 2, 9, 11, 21, 22, 33, 49, 58, 62, 70] - 3672
gera????o: 8: 
[[1, 2, 9, 11, 21, 22, 33, 49, 58, 62, 70] - 3672, [1, 2, 9, 11, 21, 22, 33, 49, 58, 62, 70] - 3672, [1, 2, 9, 11, 21, 22, 33, 49, 58, 62, 70] - 3672, [1, 2, 9, 11, 21, 22, 33, 49, 58, 62, 70] - 3672, [1, 2, 9, 11, 21, 22, 33, 49, 58, 62, 70] - 3672, [1, 2, 9, 11, 21, 22, 33, 49, 58, 62, 70] - 3672, [1, 2, 3, 13, 22, 23, 33, 49, 58, 62, 70] - 3749, [1, 4, 11, 21, 22, 33, 49, 58, 62, 70] - 3915, [1, 2, 9, 11, 21, 22, 23, 33, 47, 49, 58, 62, 70] - 3941, [1, 2, 3, 13, 22, 23, 33, 47, 49, 58, 62, 70] - 4009, [1, 2, 9, 11, 21, 22, 33, 40, 41, 47, 55, 58, 62, 70] - 4500, [1, 2, 9, 11, 21, 22, 33, 40, 41, 47, 55, 58, 62, 70] - 4500, [1, 2, 3, 13, 22, 23, 33, 40, 41, 47, 55, 58, 62, 70] - 4577, [1, 2, 3, 13, 22, 23, 33, 40, 41, 47, 55, 58, 62, 70] - 4577, [1, 3, 9, 11, 20, 31, 40, 44, 45, 47, 56, 57, 70] - 5255, [1, 3, 9, 11, 20, 31, 40, 44, 45, 47, 56, 57, 70] - 5255, [1, 3, 9, 11, 20, 31, 40, 44, 45, 47, 56, 57, 70] - 5255, [1, 3, 9, 11, 20, 31, 40, 44, 45, 47, 56, 57, 70] - 5255, [1, 4, 11, 20, 31, 40, 44, 45, 47, 56, 57, 70] - 5343, [1, 4, 11, 20, 29, 37, 38, 43, 51, 59, 60, 65, 66, 67, 68, 70] - 6632]
melhor indiv??duo da gera????o:[1, 2, 9, 11, 21, 22, 33, 49, 58, 62, 70] - 3672
gera????o: 9: 
[[1, 2, 9, 11, 21, 22, 33, 49, 58, 62, 70] - 3672, [1, 2, 9, 11, 21, 22, 33, 49, 58, 62, 70] - 3672, [1, 2, 9, 11, 21, 22, 33, 49, 58, 62, 70] - 3672, [1, 2, 9, 11, 21, 22, 33, 49, 58, 62, 70] - 3672, [1, 2, 9, 11, 21, 22, 33, 49, 58, 62, 70] - 3672, [1, 2, 9, 11, 21, 22, 33, 49, 58, 62, 70] - 3672, [1, 2, 9, 11, 21, 22, 33, 49, 58, 62, 70] - 3672, [1, 2, 9, 11, 21, 22, 33, 49, 58, 62, 70] - 3672, [1, 2, 3, 13, 22, 23, 33, 49, 58, 62, 70] - 3749, [1, 2, 9, 11, 21, 22, 33, 47, 55, 58, 62, 70] - 3786, [1, 4, 11, 21, 22, 33, 49, 58, 62, 70] - 3915, [1, 4, 11, 21, 22, 33, 49, 58, 62, 70] - 3915, [1, 2, 9, 11, 21, 22, 23, 33, 47, 49, 58, 62, 70] - 3941, [1, 2, 9, 11, 21, 22, 23, 33, 47, 49, 58, 62, 70] - 3941, [1, 2, 9, 11, 21, 22, 23, 33, 47, 49, 58, 62, 70] - 3941, [1, 2, 3, 13, 22, 23, 33, 47, 49, 58, 62, 70] - 4009, [1, 2, 9, 11, 21, 22, 33, 40, 41, 47, 55, 58, 62, 70] - 4500, [1, 2, 9, 11, 21, 22, 33, 40, 41, 47, 55, 58, 62, 70] - 4500, [1, 2, 9, 11, 21, 22, 33, 40, 41, 47, 55, 58, 62, 70] - 4500, [1, 2, 3, 13, 22, 23, 33, 40, 41, 47, 55, 58, 62, 70] - 4577, [1, 3, 9, 11, 20, 31, 40, 44, 45, 47, 56, 57, 70] - 5255, [1, 3, 9, 11, 20, 31, 40, 44, 45, 47, 56, 57, 70] - 5255, [1, 4, 11, 20, 31, 40, 44, 45, 47, 56, 57, 70] - 5343, [1, 4, 11, 20, 29, 37, 38, 43, 51, 59, 60, 65, 66, 67, 68, 70] - 6632]
melhor indiv??duo da gera????o:[1, 2, 9, 11, 21, 22, 33, 49, 58, 62, 70] - 3672
gera????o: 10: 
[[1, 2, 9, 11, 21, 22, 33, 49, 58, 62, 70] - 3672, [1, 2, 9, 11, 21, 22, 33, 49, 58, 62, 70] - 3672, [1, 2, 9, 11, 21, 22, 33, 49, 58, 62, 70] - 3672, [1, 2, 9, 11, 21, 22, 33, 49, 58, 62, 70] - 3672, [1, 2, 9, 11, 21, 22, 33, 49, 58, 62, 70] - 3672, [1, 2, 9, 11, 21, 22, 33, 49, 58, 62, 70] - 3672, [1, 2, 9, 11, 21, 22, 33, 49, 58, 62, 70] - 3672, [1, 2, 9, 11, 21, 22, 33, 49, 58, 62, 70] - 3672, [1, 2, 9, 11, 21, 22, 33, 47, 55, 58, 62, 70] - 3786, [1, 2, 9, 11, 21, 22, 33, 47, 55, 58, 62, 70] - 3786, [1, 4, 11, 21, 22, 33, 49, 58, 62, 70] - 3915, [1, 2, 9, 11, 21, 22, 23, 33, 47, 49, 58, 62, 70] - 3941, [1, 2, 9, 11, 21, 22, 23, 33, 47, 49, 58, 62, 70] - 3941, [1, 2, 3, 13, 22, 23, 33, 47, 49, 58, 62, 70] - 4009, [1, 2, 9, 11, 21, 22, 33, 40, 41, 47, 55, 58, 62, 70] - 4500, [1, 2, 3, 13, 22, 23, 33, 40, 41, 47, 55, 58, 62, 70] - 4577, [1, 3, 9, 11, 20, 31, 40, 44, 45, 47, 56, 57, 70] - 5255, [1, 4, 11, 20, 29, 37, 38, 43, 51, 59, 60, 65, 66, 67, 68, 70] - 6632]
melhor indiv??duo da gera????o:[1, 2, 9, 11, 21, 22, 33, 49, 58, 62, 70] - 3672
gera????o: 11: 
[[1, 2, 9, 11, 21, 22, 33, 49, 58, 62, 70] - 3672, [1, 2, 9, 11, 21, 22, 33, 49, 58, 62, 70] - 3672, [1, 2, 9, 11, 21, 22, 33, 49, 58, 62, 70] - 3672, [1, 2, 9, 11, 21, 22, 33, 49, 58, 62, 70] - 3672, [1, 2, 9, 11, 21, 22, 33, 49, 58, 62, 70] - 3672, [1, 2, 9, 11, 21, 22, 33, 49, 58, 62, 70] - 3672, [1, 2, 9, 11, 21, 22, 33, 49, 58, 62, 70] - 3672, [1, 2, 9, 11, 21, 22, 33, 49, 58, 62, 70] - 3672, [1, 2, 9, 11, 21, 22, 33, 49, 58, 62, 70] - 3672, [1, 2, 9, 11, 21, 22, 33, 49, 58, 62, 70] - 3672, [1, 2, 9, 11, 21, 22, 33, 49, 58, 62, 70] - 3672, [1, 2, 9, 11, 21, 22, 33, 47, 55, 58, 62, 70] - 3786, [1, 2, 9, 11, 21, 22, 33, 47, 55, 58, 62, 70] - 3786, [1, 2, 9, 11, 21, 22, 23, 33, 47, 49, 58, 62, 70] - 3941, [1, 2, 3, 13, 22, 23, 33, 47, 49, 58, 62, 70] - 4009, [1, 2, 3, 13, 22, 23, 33, 40, 41, 47, 55, 58, 62, 70] - 4577, [1, 4, 11, 20, 29, 37, 38, 43, 51, 59, 60, 65, 66, 67, 68, 70] - 6632]
melhor indiv??duo da gera????o:[1, 2, 9, 11, 21, 22, 33, 49, 58, 62, 70] - 3672
gera????o: 12: 
[[1, 2, 9, 11, 21, 22, 33, 49, 58, 62, 70] - 3672, [1, 2, 9, 11, 21, 22, 33, 49, 58, 62, 70] - 3672, [1, 2, 9, 11, 21, 22, 33, 49, 58, 62, 70] - 3672, [1, 2, 9, 11, 21, 22, 33, 49, 58, 62, 70] - 3672, [1, 2, 9, 11, 21, 22, 33, 49, 58, 62, 70] - 3672, [1, 2, 9, 11, 21, 22, 33, 49, 58, 62, 70] - 3672, [1, 2, 9, 11, 21, 22, 33, 49, 58, 62, 70] - 3672, [1, 2, 9, 11, 21, 22, 33, 49, 58, 62, 70] - 3672, [1, 2, 9, 11, 21, 22, 33, 49, 58, 62, 70] - 3672, [1, 2, 9, 11, 21, 22, 33, 49, 58, 62, 70] - 3672, [1, 2, 9, 11, 21, 22, 33, 49, 58, 62, 70] - 3672, [1, 2, 9, 11, 21, 22, 33, 49, 58, 62, 70] - 3672, [1, 2, 9, 11, 21, 22, 33, 47, 55, 58, 62, 70] - 3786, [1, 2, 9, 11, 21, 22, 33, 47, 55, 58, 62, 70] - 3786, [1, 2, 9, 11, 21, 22, 23, 33, 47, 49, 58, 62, 70] - 3941, [1, 2, 3, 13, 22, 23, 33, 40, 41, 47, 55, 58, 62, 70] - 4577]
melhor indiv??duo da gera????o:[1, 2, 9, 11, 21, 22, 33, 49, 58, 62, 70] - 3672
gera????o: 13: 
[[1, 2, 9, 11, 21, 22, 33, 49, 58, 62, 70] - 3672, [1, 2, 9, 11, 21, 22, 33, 49, 58, 62, 70] - 3672, [1, 2, 9, 11, 21, 22, 33, 49, 58, 62, 70] - 3672, [1, 2, 9, 11, 21, 22, 33, 49, 58, 62, 70] - 3672, [1, 2, 9, 11, 21, 22, 33, 49, 58, 62, 70] - 3672, [1, 2, 9, 11, 21, 22, 33, 49, 58, 62, 70] - 3672, [1, 2, 9, 11, 21, 22, 33, 49, 58, 62, 70] - 3672, [1, 2, 9, 11, 21, 22, 33, 49, 58, 62, 70] - 3672, [1, 2, 9, 11, 21, 22, 33, 49, 58, 62, 70] - 3672, [1, 2, 9, 11, 21, 22, 33, 49, 58, 62, 70] - 3672, [1, 2, 9, 11, 21, 22, 33, 49, 58, 62, 70] - 3672, [1, 2, 9, 11, 21, 22, 33, 49, 58, 62, 70] - 3672, [1, 2, 9, 11, 21, 22, 33, 47, 55, 58, 62, 70] - 3786, [1, 2, 9, 11, 21, 22, 23, 33, 40, 41, 47, 55, 58, 62, 70] - 4509, [1, 2, 3, 13, 22, 23, 33, 40, 41, 47, 55, 58, 62, 70] - 4577]
melhor indiv??duo da gera????o:[1, 2, 9, 11, 21, 22, 33, 49, 58, 62, 70] - 3672
gera????o: 14: 
[[1, 2, 9, 11, 21, 22, 33, 49, 58, 62, 70] - 3672, [1, 2, 9, 11, 21, 22, 33, 49, 58, 62, 70] - 3672, [1, 2, 9, 11, 21, 22, 33, 49, 58, 62, 70] - 3672, [1, 2, 9, 11, 21, 22, 33, 49, 58, 62, 70] - 3672, [1, 2, 9, 11, 21, 22, 33, 49, 58, 62, 70] - 3672, [1, 2, 9, 11, 21, 22, 33, 49, 58, 62, 70] - 3672, [1, 2, 9, 11, 21, 22, 33, 49, 58, 62, 70] - 3672, [1, 2, 9, 11, 21, 22, 33, 49, 58, 62, 70] - 3672, [1, 2, 9, 11, 21, 22, 33, 49, 58, 62, 70] - 3672, [1, 2, 9, 11, 21, 22, 33, 49, 58, 62, 70] - 3672, [1, 2, 9, 11, 21, 22, 33, 49, 58, 62, 70] - 3672, [1, 2, 9, 11, 21, 22, 33, 49, 58, 62, 70] - 3672, [1, 2, 3, 13, 22, 23, 33, 49, 58, 62, 70] - 3749, [1, 2, 9, 11, 21, 22, 33, 47, 55, 58, 62, 70] - 3786, [1, 2, 9, 11, 21, 22, 23, 33, 40, 41, 47, 55, 58, 62, 70] - 4509, [1, 2, 3, 13, 22, 23, 33, 40, 41, 47, 55, 58, 62, 70] - 4577, [1, 2, 3, 13, 22, 23, 33, 40, 41, 47, 55, 58, 62, 70] - 4577]
melhor indiv??duo da gera????o:[1, 2, 9, 11, 21, 22, 33, 49, 58, 62, 70] - 3672
gera????o: 15: 
[[1, 2, 9, 11, 21, 22, 33, 49, 58, 62, 70] - 3672, [1, 2, 9, 11, 21, 22, 33, 49, 58, 62, 70] - 3672, [1, 2, 9, 11, 21, 22, 33, 49, 58, 62, 70] - 3672, [1, 2, 9, 11, 21, 22, 33, 49, 58, 62, 70] - 3672, [1, 2, 9, 11, 21, 22, 33, 49, 58, 62, 70] - 3672, [1, 2, 9, 11, 21, 22, 33, 49, 58, 62, 70] - 3672, [1, 2, 9, 11, 21, 22, 33, 49, 58, 62, 70] - 3672, [1, 2, 9, 11, 21, 22, 33, 49, 58, 62, 70] - 3672, [1, 2, 9, 11, 21, 22, 33, 49, 58, 62, 70] - 3672, [1, 2, 9, 11, 21, 22, 33, 49, 58, 62, 70] - 3672, [1, 2, 9, 11, 21, 22, 33, 49, 58, 62, 70] - 3672, [1, 2, 9, 11, 21, 22, 33, 49, 58, 62, 70] - 3672, [1, 2, 9, 11, 21, 22, 33, 49, 58, 62, 70] - 3672, [1, 2, 9, 11, 21, 22, 33, 47, 55, 58, 62, 70] - 3786, [1, 2, 3, 13, 22, 23, 33, 40, 41, 47, 55, 58, 62, 70] - 4577]
melhor indiv??duo da gera????o:[1, 2, 9, 11, 21, 22, 33, 49, 58, 62, 70] - 3672
gera????o: 16: 
[[1, 2, 9, 11, 21, 22, 33, 49, 58, 62, 70] - 3672, [1, 2, 9, 11, 21, 22, 33, 49, 58, 62, 70] - 3672, [1, 2, 9, 11, 21, 22, 33, 49, 58, 62, 70] - 3672, [1, 2, 9, 11, 21, 22, 33, 49, 58, 62, 70] - 3672, [1, 2, 9, 11, 21, 22, 33, 49, 58, 62, 70] - 3672, [1, 2, 9, 11, 21, 22, 33, 49, 58, 62, 70] - 3672, [1, 2, 9, 11, 21, 22, 33, 49, 58, 62, 70] - 3672, [1, 2, 9, 11, 21, 22, 33, 49, 58, 62, 70] - 3672, [1, 2, 9, 11, 21, 22, 33, 49, 58, 62, 70] - 3672, [1, 2, 9, 11, 21, 22, 33, 49, 58, 62, 70] - 3672, [1, 2, 9, 11, 21, 22, 33, 49, 58, 62, 70] - 3672, [1, 2, 9, 11, 21, 22, 33, 49, 58, 62, 70] - 3672, [1, 2, 9, 11, 21, 22, 33, 47, 55, 58, 62, 70] - 3786, [1, 2, 3, 13, 22, 23, 33, 40, 41, 47, 55, 58, 62, 70] - 4577]
melhor indiv??duo da gera????o:[1, 2, 9, 11, 21, 22, 33, 49, 58, 62, 70] - 3672
gera????o: 17: 
[[1, 2, 9, 11, 21, 22, 33, 49, 58, 62, 70] - 3672, [1, 2, 9, 11, 21, 22, 33, 49, 58, 62, 70] - 3672, [1, 2, 9, 11, 21, 22, 33, 49, 58, 62, 70] - 3672, [1, 2, 9, 11, 21, 22, 33, 49, 58, 62, 70] - 3672, [1, 2, 9, 11, 21, 22, 33, 49, 58, 62, 70] - 3672, [1, 2, 9, 11, 21, 22, 33, 49, 58, 62, 70] - 3672, [1, 2, 9, 11, 21, 22, 33, 49, 58, 62, 70] - 3672, [1, 2, 9, 11, 21, 22, 33, 49, 58, 62, 70] - 3672, [1, 2, 9, 11, 21, 22, 33, 49, 58, 62, 70] - 3672, [1, 2, 9, 11, 21, 22, 33, 49, 58, 62, 70] - 3672, [1, 2, 9, 11, 21, 22, 33, 49, 58, 62, 70] - 3672, [1, 2, 9, 11, 21, 22, 33, 47, 55, 58, 62, 70] - 3786, [1, 2, 9, 11, 21, 22, 33, 47, 55, 58, 62, 70] - 3786, [1, 2, 9, 11, 21, 22, 33, 47, 55, 58, 62, 70] - 3786]
melhor indiv??duo da gera????o:[1, 2, 9, 11, 21, 22, 33, 49, 58, 62, 70] - 3672
gera????o: 18: 
[[1, 2, 9, 11, 21, 22, 33, 49, 58, 62, 70] - 3672, [1, 2, 9, 11, 21, 22, 33, 49, 58, 62, 70] - 3672, [1, 2, 9, 11, 21, 22, 33, 49, 58, 62, 70] - 3672, [1, 2, 9, 11, 21, 22, 33, 49, 58, 62, 70] - 3672, [1, 2, 9, 11, 21, 22, 33, 49, 58, 62, 70] - 3672, [1, 2, 9, 11, 21, 22, 33, 49, 58, 62, 70] - 3672, [1, 2, 9, 11, 21, 22, 33, 49, 58, 62, 70] - 3672, [1, 2, 9, 11, 21, 22, 33, 49, 58, 62, 70] - 3672, [1, 2, 9, 11, 21, 22, 33, 49, 58, 62, 70] - 3672, [1, 2, 9, 11, 21, 22, 33, 49, 58, 62, 70] - 3672, [1, 2, 9, 11, 21, 22, 33, 49, 58, 62, 70] - 3672, [1, 2, 9, 11, 21, 22, 33, 49, 58, 62, 70] - 3672, [1, 2, 9, 11, 21, 22, 33, 47, 55, 58, 62, 70] - 3786, [1, 2, 9, 11, 21, 22, 33, 47, 55, 58, 62, 70] - 3786, [1, 2, 9, 11, 21, 22, 33, 47, 55, 58, 62, 70] - 3786, [1, 2, 9, 11, 21, 22, 33, 47, 55, 58, 62, 70] - 3786]
melhor indiv??duo da gera????o:[1, 2, 9, 11, 21, 22, 33, 49, 58, 62, 70] - 3672
gera????o: 19: 
[[1, 2, 9, 11, 21, 22, 33, 49, 58, 62, 70] - 3672, [1, 2, 9, 11, 21, 22, 33, 49, 58, 62, 70] - 3672, [1, 2, 9, 11, 21, 22, 33, 49, 58, 62, 70] - 3672, [1, 2, 9, 11, 21, 22, 33, 49, 58, 62, 70] - 3672, [1, 2, 9, 11, 21, 22, 33, 49, 58, 62, 70] - 3672, [1, 2, 9, 11, 21, 22, 33, 49, 58, 62, 70] - 3672, [1, 2, 9, 11, 21, 22, 33, 49, 58, 62, 70] - 3672, [1, 2, 9, 11, 21, 22, 33, 49, 58, 62, 70] - 3672, [1, 2, 9, 11, 21, 22, 33, 49, 58, 62, 70] - 3672, [1, 2, 9, 11, 21, 22, 33, 49, 58, 62, 70] - 3672, [1, 2, 9, 11, 21, 22, 33, 47, 55, 58, 62, 70] - 3786, [1, 2, 9, 11, 21, 22, 33, 47, 55, 58, 62, 70] - 3786, [1, 2, 9, 11, 21, 22, 33, 47, 55, 58, 62, 70] - 3786, [1, 2, 9, 11, 21, 22, 33, 47, 55, 58, 62, 70] - 3786]
melhor indiv??duo da gera????o:[1, 2, 9, 11, 21, 22, 33, 49, 58, 62, 70] - 3672
gera????o: 20: 
[[1, 2, 9, 11, 21, 22, 33, 49, 58, 62, 70] - 3672, [1, 2, 9, 11, 21, 22, 33, 49, 58, 62, 70] - 3672, [1, 2, 9, 11, 21, 22, 33, 49, 58, 62, 70] - 3672, [1, 2, 9, 11, 21, 22, 33, 49, 58, 62, 70] - 3672, [1, 2, 9, 11, 21, 22, 33, 49, 58, 62, 70] - 3672, [1, 2, 9, 11, 21, 22, 33, 49, 58, 62, 70] - 3672, [1, 2, 9, 11, 21, 22, 33, 49, 58, 62, 70] - 3672, [1, 2, 9, 11, 21, 22, 33, 49, 58, 62, 70] - 3672, [1, 2, 9, 11, 21, 22, 33, 49, 58, 62, 70] - 3672, [1, 2, 9, 11, 21, 22, 33, 47, 55, 58, 62, 70] - 3786, [1, 2, 9, 11, 21, 22, 33, 47, 55, 58, 62, 70] - 3786, [1, 2, 9, 11, 21, 22, 33, 47, 55, 58, 62, 70] - 3786]
melhor indiv??duo da gera????o:[1, 2, 9, 11, 21, 22, 33, 49, 58, 62, 70] - 3672
gera????o: 21: 
[[1, 2, 9, 11, 21, 22, 33, 49, 58, 62, 70] - 3672, [1, 2, 9, 11, 21, 22, 33, 49, 58, 62, 70] - 3672, [1, 2, 9, 11, 21, 22, 33, 49, 58, 62, 70] - 3672, [1, 2, 9, 11, 21, 22, 33, 49, 58, 62, 70] - 3672, [1, 2, 9, 11, 21, 22, 33, 49, 58, 62, 70] - 3672, [1, 2, 9, 11, 21, 22, 33, 49, 58, 62, 70] - 3672, [1, 2, 9, 11, 21, 22, 33, 49, 58, 62, 70] - 3672, [1, 2, 9, 11, 21, 22, 33, 49, 58, 62, 70] - 3672, [1, 2, 9, 11, 21, 22, 33, 49, 58, 62, 70] - 3672, [1, 2, 9, 11, 21, 22, 33, 47, 55, 58, 62, 70] - 3786, [1, 2, 9, 11, 21, 22, 33, 47, 55, 58, 62, 70] - 3786, [1, 2, 9, 11, 21, 22, 33, 47, 55, 58, 62, 70] - 3786]
melhor indiv??duo da gera????o:[1, 2, 9, 11, 21, 22, 33, 49, 58, 62, 70] - 3672
gera????o: 22: 
[[1, 2, 9, 11, 21, 22, 33, 49, 58, 62, 70] - 3672, [1, 2, 9, 11, 21, 22, 33, 49, 58, 62, 70] - 3672, [1, 2, 9, 11, 21, 22, 33, 49, 58, 62, 70] - 3672, [1, 2, 9, 11, 21, 22, 33, 49, 58, 62, 70] - 3672, [1, 2, 9, 11, 21, 22, 33, 49, 58, 62, 70] - 3672, [1, 2, 9, 11, 21, 22, 33, 49, 58, 62, 70] - 3672, [1, 2, 9, 11, 21, 22, 33, 49, 58, 62, 70] - 3672, [1, 2, 9, 11, 21, 22, 33, 49, 58, 62, 70] - 3672, [1, 2, 9, 11, 21, 22, 33, 49, 58, 62, 70] - 3672, [1, 2, 9, 11, 21, 22, 33, 47, 55, 58, 62, 70] - 3786, [1, 2, 9, 11, 21, 22, 33, 47, 55, 58, 62, 70] - 3786, [1, 2, 9, 11, 21, 22, 33, 47, 55, 58, 62, 70] - 3786]
melhor indiv??duo da gera????o:[1, 2, 9, 11, 21, 22, 33, 49, 58, 62, 70] - 3672
gera????o: 23: 
[[1, 2, 9, 11, 21, 22, 33, 49, 58, 62, 70] - 3672, [1, 2, 9, 11, 21, 22, 33, 49, 58, 62, 70] - 3672, [1, 2, 9, 11, 21, 22, 33, 49, 58, 62, 70] - 3672, [1, 2, 9, 11, 21, 22, 33, 49, 58, 62, 70] - 3672, [1, 2, 9, 11, 21, 22, 33, 49, 58, 62, 70] - 3672, [1, 2, 9, 11, 21, 22, 33, 49, 58, 62, 70] - 3672, [1, 2, 9, 11, 21, 22, 33, 49, 58, 62, 70] - 3672, [1, 2, 9, 11, 21, 22, 33, 49, 58, 62, 70] - 3672, [1, 2, 9, 11, 21, 22, 33, 49, 58, 62, 70] - 3672, [1, 2, 9, 11, 21, 22, 33, 47, 55, 58, 62, 70] - 3786, [1, 2, 9, 11, 21, 22, 33, 47, 55, 58, 62, 70] - 3786, [1, 2, 9, 11, 21, 22, 33, 47, 55, 58, 62, 70] - 3786, [1, 2, 9, 11, 21, 22, 33, 47, 55, 58, 62, 70] - 3786]
melhor indiv??duo da gera????o:[1, 2, 9, 11, 21, 22, 33, 49, 58, 62, 70] - 3672
gera????o: 24: 
[[1, 2, 9, 11, 21, 22, 33, 49, 58, 62, 70] - 3672, [1, 2, 9, 11, 21, 22, 33, 49, 58, 62, 70] - 3672, [1, 2, 9, 11, 21, 22, 33, 49, 58, 62, 70] - 3672, [1, 2, 9, 11, 21, 22, 33, 49, 58, 62, 70] - 3672, [1, 2, 9, 11, 21, 22, 33, 49, 58, 62, 70] - 3672, [1, 2, 9, 11, 21, 22, 33, 49, 58, 62, 70] - 3672, [1, 2, 9, 11, 21, 22, 33, 49, 58, 62, 70] - 3672, [1, 2, 9, 11, 21, 22, 33, 49, 58, 62, 70] - 3672, [1, 2, 9, 11, 21, 22, 33, 47, 55, 58, 62, 70] - 3786, [1, 2, 9, 11, 21, 22, 33, 47, 55, 58, 62, 70] - 3786, [1, 2, 9, 11, 21, 22, 33, 47, 55, 58, 62, 70] - 3786, [1, 2, 9, 11, 21, 22, 33, 47, 55, 58, 62, 70] - 3786]
melhor indiv??duo da gera????o:[1, 2, 9, 11, 21, 22, 33, 49, 58, 62, 70] - 3672
gera????o: 25: 
[[1, 2, 9, 11, 21, 22, 33, 49, 58, 62, 70] - 3672, [1, 2, 9, 11, 21, 22, 33, 49, 58, 62, 70] - 3672, [1, 2, 9, 11, 21, 22, 33, 49, 58, 62, 70] - 3672, [1, 2, 9, 11, 21, 22, 33, 49, 58, 62, 70] - 3672, [1, 2, 9, 11, 21, 22, 33, 49, 58, 62, 70] - 3672, [1, 2, 9, 11, 21, 22, 33, 49, 58, 62, 70] - 3672, [1, 2, 9, 11, 21, 22, 33, 49, 58, 62, 70] - 3672, [1, 2, 9, 11, 21, 22, 33, 49, 58, 62, 70] - 3672, [1, 2, 9, 11, 21, 22, 33, 47, 55, 58, 62, 70] - 3786, [1, 2, 9, 11, 21, 22, 33, 47, 55, 58, 62, 70] - 3786]
melhor indiv??duo da gera????o:[1, 2, 9, 11, 21, 22, 33, 49, 58, 62, 70] - 3672
gera????o: 26: 
[[1, 2, 9, 11, 21, 22, 33, 49, 58, 62, 70] - 3672, [1, 2, 9, 11, 21, 22, 33, 49, 58, 62, 70] - 3672, [1, 2, 9, 11, 21, 22, 33, 49, 58, 62, 70] - 3672, [1, 2, 9, 11, 21, 22, 33, 49, 58, 62, 70] - 3672, [1, 2, 9, 11, 21, 22, 33, 49, 58, 62, 70] - 3672, [1, 2, 9, 11, 21, 22, 33, 49, 58, 62, 70] - 3672, [1, 2, 9, 11, 21, 22, 33, 49, 58, 62, 70] - 3672, [1, 2, 9, 11, 21, 22, 33, 47, 55, 58, 62, 70] - 3786, [1, 2, 9, 11, 21, 22, 33, 47, 55, 58, 62, 70] - 3786, [1, 2, 9, 11, 21, 22, 33, 47, 55, 58, 62, 70] - 3786]
melhor indiv??duo da gera????o:[1, 2, 9, 11, 21, 22, 33, 49, 58, 62, 70] - 3672
gera????o: 27: 
[[1, 2, 9, 11, 21, 22, 33, 49, 58, 62, 70] - 3672, [1, 2, 9, 11, 21, 22, 33, 49, 58, 62, 70] - 3672, [1, 2, 9, 11, 21, 22, 33, 49, 58, 62, 70] - 3672, [1, 2, 9, 11, 21, 22, 33, 49, 58, 62, 70] - 3672, [1, 2, 9, 11, 21, 22, 33, 49, 58, 62, 70] - 3672, [1, 2, 9, 11, 21, 22, 33, 49, 58, 62, 70] - 3672, [1, 2, 9, 11, 21, 22, 33, 47, 55, 58, 62, 70] - 3786, [1, 2, 9, 11, 21, 22, 33, 47, 55, 58, 62, 70] - 3786, [1, 2, 9, 11, 21, 22, 33, 47, 55, 58, 62, 70] - 3786, [1, 2, 9, 11, 21, 22, 33, 47, 55, 58, 62, 70] - 3786, [1, 2, 9, 11, 21, 22, 33, 47, 55, 58, 62, 70] - 3786]
melhor indiv??duo da gera????o:[1, 2, 9, 11, 21, 22, 33, 49, 58, 62, 70] - 3672
gera????o: 28: 
[[1, 2, 9, 11, 21, 22, 33, 49, 58, 62, 70] - 3672, [1, 2, 9, 11, 21, 22, 33, 49, 58, 62, 70] - 3672, [1, 2, 9, 11, 21, 22, 33, 49, 58, 62, 70] - 3672, [1, 2, 9, 11, 21, 22, 33, 49, 58, 62, 70] - 3672, [1, 2, 9, 11, 21, 22, 33, 49, 58, 62, 70] - 3672, [1, 2, 9, 11, 21, 22, 33, 49, 58, 62, 70] - 3672, [1, 2, 9, 11, 21, 22, 33, 47, 55, 58, 62, 70] - 3786, [1, 2, 9, 11, 21, 22, 33, 47, 55, 58, 62, 70] - 3786, [1, 2, 9, 11, 21, 22, 33, 47, 55, 58, 62, 70] - 3786, [1, 2, 9, 11, 21, 22, 33, 47, 55, 58, 62, 70] - 3786]
melhor indiv??duo da gera????o:[1, 2, 9, 11, 21, 22, 33, 49, 58, 62, 70] - 3672
gera????o: 29: 
[[1, 2, 9, 11, 21, 22, 33, 49, 58, 62, 70] - 3672, [1, 2, 9, 11, 21, 22, 33, 49, 58, 62, 70] - 3672, [1, 2, 9, 11, 21, 22, 33, 49, 58, 62, 70] - 3672, [1, 2, 9, 11, 21, 22, 33, 49, 58, 62, 70] - 3672, [1, 2, 9, 11, 21, 22, 33, 49, 58, 62, 70] - 3672, [1, 2, 9, 11, 21, 22, 33, 49, 58, 62, 70] - 3672, [1, 2, 9, 11, 21, 22, 33, 49, 58, 62, 70] - 3672, [1, 2, 9, 11, 21, 22, 33, 49, 58, 62, 70] - 3672, [1, 2, 9, 11, 21, 22, 33, 47, 55, 58, 62, 70] - 3786, [1, 2, 9, 11, 21, 22, 33, 47, 55, 58, 62, 70] - 3786, [1, 2, 9, 11, 21, 22, 33, 47, 55, 58, 62, 70] - 3786, [1, 2, 9, 11, 21, 22, 33, 47, 55, 58, 62, 70] - 3786]
melhor indiv??duo da gera????o:[1, 2, 9, 11, 21, 22, 33, 49, 58, 62, 70] - 3672
gera????o: 30: 
[[1, 2, 9, 11, 21, 22, 33, 49, 58, 62, 70] - 3672, [1, 2, 9, 11, 21, 22, 33, 49, 58, 62, 70] - 3672, [1, 2, 9, 11, 21, 22, 33, 49, 58, 62, 70] - 3672, [1, 2, 9, 11, 21, 22, 33, 49, 58, 62, 70] - 3672, [1, 2, 9, 11, 21, 22, 33, 49, 58, 62, 70] - 3672, [1, 2, 9, 11, 21, 22, 33, 49, 58, 62, 70] - 3672, [1, 2, 9, 11, 21, 22, 33, 49, 58, 62, 70] - 3672, [1, 2, 9, 11, 21, 22, 33, 49, 58, 62, 70] - 3672, [1, 2, 9, 11, 21, 22, 33, 47, 55, 58, 62, 70] - 3786, [1, 2, 9, 11, 21, 22, 33, 47, 55, 58, 62, 70] - 3786, [1, 2, 9, 11, 21, 22, 33, 47, 55, 58, 62, 70] - 3786, [1, 2, 9, 11, 21, 22, 33, 47, 55, 58, 62, 70] - 3786, [1, 2, 9, 11, 21, 22, 33, 47, 55, 58, 62, 70] - 3786]
melhor indiv??duo da gera????o:[1, 2, 9, 11, 21, 22, 33, 49, 58, 62, 70] - 3672
gera????o: 31: 
[[1, 2, 9, 11, 21, 22, 33, 49, 58, 62, 70] - 3672, [1, 2, 9, 11, 21, 22, 33, 49, 58, 62, 70] - 3672, [1, 2, 9, 11, 21, 22, 33, 49, 58, 62, 70] - 3672, [1, 2, 9, 11, 21, 22, 33, 49, 58, 62, 70] - 3672, [1, 2, 9, 11, 21, 22, 33, 49, 58, 62, 70] - 3672, [1, 2, 9, 11, 21, 22, 33, 49, 58, 62, 70] - 3672, [1, 2, 9, 11, 21, 22, 33, 49, 58, 62, 70] - 3672, [1, 2, 9, 11, 21, 22, 33, 49, 58, 62, 70] - 3672, [1, 2, 9, 11, 21, 22, 33, 47, 55, 58, 62, 70] - 3786, [1, 2, 9, 11, 21, 22, 33, 47, 55, 58, 62, 70] - 3786, [1, 2, 9, 11, 21, 22, 33, 47, 55, 58, 62, 70] - 3786, [1, 2, 9, 11, 21, 22, 33, 47, 55, 58, 62, 70] - 3786]
melhor indiv??duo da gera????o:[1, 2, 9, 11, 21, 22, 33, 49, 58, 62, 70] - 3672
gera????o: 32: 
[[1, 2, 9, 11, 21, 22, 33, 49, 58, 62, 70] - 3672, [1, 2, 9, 11, 21, 22, 33, 49, 58, 62, 70] - 3672, [1, 2, 9, 11, 21, 22, 33, 49, 58, 62, 70] - 3672, [1, 2, 9, 11, 21, 22, 33, 49, 58, 62, 70] - 3672, [1, 2, 9, 11, 21, 22, 33, 49, 58, 62, 70] - 3672, [1, 2, 9, 11, 21, 22, 33, 49, 58, 62, 70] - 3672, [1, 2, 9, 11, 21, 22, 33, 49, 58, 62, 70] - 3672, [1, 2, 9, 11, 21, 22, 33, 49, 58, 62, 70] - 3672, [1, 2, 9, 11, 21, 22, 33, 47, 55, 58, 62, 70] - 3786, [1, 2, 9, 11, 21, 22, 33, 47, 55, 58, 62, 70] - 3786, [1, 2, 9, 11, 21, 22, 33, 47, 55, 58, 62, 70] - 3786, [1, 2, 9, 11, 21, 22, 33, 47, 55, 58, 62, 70] - 3786]
melhor indiv??duo da gera????o:[1, 2, 9, 11, 21, 22, 33, 49, 58, 62, 70] - 3672
gera????o: 33: 
[[1, 2, 9, 11, 21, 22, 33, 49, 58, 62, 70] - 3672, [1, 2, 9, 11, 21, 22, 33, 49, 58, 62, 70] - 3672, [1, 2, 9, 11, 21, 22, 33, 49, 58, 62, 70] - 3672, [1, 2, 9, 11, 21, 22, 33, 49, 58, 62, 70] - 3672, [1, 2, 9, 11, 21, 22, 33, 49, 58, 62, 70] - 3672, [1, 2, 9, 11, 21, 22, 33, 49, 58, 62, 70] - 3672, [1, 2, 9, 11, 21, 22, 33, 49, 58, 62, 70] - 3672, [1, 2, 9, 11, 21, 22, 33, 49, 58, 62, 70] - 3672, [1, 2, 9, 11, 21, 22, 33, 47, 55, 58, 62, 70] - 3786, [1, 2, 9, 11, 21, 22, 33, 47, 55, 58, 62, 70] - 3786, [1, 2, 9, 11, 21, 22, 33, 47, 55, 58, 62, 70] - 3786, [1, 2, 9, 11, 21, 22, 33, 47, 55, 58, 62, 70] - 3786, [1, 2, 9, 11, 21, 22, 33, 47, 55, 58, 62, 70] - 3786, [1, 2, 9, 11, 21, 22, 33, 47, 55, 58, 62, 70] - 3786]
melhor indiv??duo da gera????o:[1, 2, 9, 11, 21, 22, 33, 49, 58, 62, 70] - 3672
gera????o: 34: 
[[1, 2, 9, 11, 21, 22, 33, 49, 58, 62, 70] - 3672, [1, 2, 9, 11, 21, 22, 33, 49, 58, 62, 70] - 3672, [1, 2, 9, 11, 21, 22, 33, 49, 58, 62, 70] - 3672, [1, 2, 9, 11, 21, 22, 33, 49, 58, 62, 70] - 3672, [1, 2, 9, 11, 21, 22, 33, 49, 58, 62, 70] - 3672, [1, 2, 9, 11, 21, 22, 33, 47, 55, 58, 62, 70] - 3786, [1, 2, 9, 11, 21, 22, 33, 47, 55, 58, 62, 70] - 3786, [1, 2, 9, 11, 21, 22, 33, 47, 55, 58, 62, 70] - 3786, [1, 2, 9, 11, 21, 22, 33, 47, 55, 58, 62, 70] - 3786, [1, 2, 9, 11, 21, 22, 33, 47, 55, 58, 62, 70] - 3786, [1, 2, 9, 11, 21, 22, 33, 47, 55, 58, 62, 70] - 3786, [1, 2, 9, 11, 21, 22, 33, 47, 55, 58, 62, 70] - 3786]
melhor indiv??duo da gera????o:[1, 2, 9, 11, 21, 22, 33, 49, 58, 62, 70] - 3672
gera????o: 35: 
[[1, 2, 9, 11, 21, 22, 33, 49, 58, 62, 70] - 3672, [1, 2, 9, 11, 21, 22, 33, 49, 58, 62, 70] - 3672, [1, 2, 9, 11, 21, 22, 33, 49, 58, 62, 70] - 3672, [1, 2, 9, 11, 21, 22, 33, 49, 58, 62, 70] - 3672, [1, 2, 9, 11, 21, 22, 33, 49, 58, 62, 70] - 3672, [1, 2, 9, 11, 21, 22, 33, 49, 58, 62, 70] - 3672, [1, 2, 9, 11, 21, 22, 33, 49, 58, 62, 70] - 3672, [1, 2, 9, 11, 21, 22, 33, 47, 55, 58, 62, 70] - 3786, [1, 2, 9, 11, 21, 22, 33, 47, 55, 58, 62, 70] - 3786, [1, 2, 9, 11, 21, 22, 33, 47, 55, 58, 62, 70] - 3786, [1, 2, 9, 11, 21, 22, 33, 47, 55, 58, 62, 70] - 3786, [1, 2, 9, 11, 21, 22, 33, 47, 55, 58, 62, 70] - 3786, [1, 2, 9, 11, 21, 22, 33, 47, 55, 58, 62, 70] - 3786]
melhor indiv??duo da gera????o:[1, 2, 9, 11, 21, 22, 33, 49, 58, 62, 70] - 3672
gera????o: 36: 
[[1, 2, 9, 11, 21, 22, 33, 49, 58, 62, 70] - 3672, [1, 2, 9, 11, 21, 22, 33, 49, 58, 62, 70] - 3672, [1, 2, 9, 11, 21, 22, 33, 49, 58, 62, 70] - 3672, [1, 2, 9, 11, 21, 22, 33, 49, 58, 62, 70] - 3672, [1, 2, 9, 11, 21, 22, 33, 49, 58, 62, 70] - 3672, [1, 2, 9, 11, 21, 22, 33, 49, 58, 62, 70] - 3672, [1, 2, 9, 11, 21, 22, 33, 47, 55, 58, 62, 70] - 3786, [1, 2, 9, 11, 21, 22, 33, 47, 55, 58, 62, 70] - 3786, [1, 2, 9, 11, 21, 22, 33, 47, 55, 58, 62, 70] - 3786, [1, 2, 9, 11, 21, 22, 33, 47, 55, 58, 62, 70] - 3786, [1, 2, 9, 11, 21, 22, 33, 47, 55, 58, 62, 70] - 3786, [1, 2, 9, 11, 21, 22, 33, 47, 55, 58, 62, 70] - 3786, [1, 2, 9, 11, 21, 22, 33, 47, 55, 58, 62, 70] - 3786]
melhor indiv??duo da gera????o:[1, 2, 9, 11, 21, 22, 33, 49, 58, 62, 70] - 3672
gera????o: 37: 
[[1, 2, 9, 11, 21, 22, 33, 49, 58, 62, 70] - 3672, [1, 2, 9, 11, 21, 22, 33, 49, 58, 62, 70] - 3672, [1, 2, 9, 11, 21, 22, 33, 49, 58, 62, 70] - 3672, [1, 2, 9, 11, 21, 22, 33, 49, 58, 62, 70] - 3672, [1, 2, 9, 11, 21, 22, 33, 49, 58, 62, 70] - 3672, [1, 2, 9, 11, 21, 22, 33, 49, 58, 62, 70] - 3672, [1, 2, 9, 11, 21, 22, 33, 49, 58, 62, 70] - 3672, [1, 2, 9, 11, 21, 22, 33, 47, 55, 58, 62, 70] - 3786, [1, 2, 9, 11, 21, 22, 33, 47, 55, 58, 62, 70] - 3786, [1, 2, 9, 11, 21, 22, 33, 47, 55, 58, 62, 70] - 3786, [1, 2, 9, 11, 21, 22, 33, 47, 55, 58, 62, 70] - 3786, [1, 2, 9, 11, 21, 22, 33, 47, 55, 58, 62, 70] - 3786]
melhor indiv??duo da gera????o:[1, 2, 9, 11, 21, 22, 33, 49, 58, 62, 70] - 3672
gera????o: 38: 
[[1, 2, 9, 11, 21, 22, 33, 49, 58, 62, 70] - 3672, [1, 2, 9, 11, 21, 22, 33, 49, 58, 62, 70] - 3672, [1, 2, 9, 11, 21, 22, 33, 49, 58, 62, 70] - 3672, [1, 2, 9, 11, 21, 22, 33, 49, 58, 62, 70] - 3672, [1, 2, 9, 11, 21, 22, 33, 49, 58, 62, 70] - 3672, [1, 2, 9, 11, 21, 22, 33, 49, 58, 62, 70] - 3672, [1, 2, 9, 11, 21, 22, 33, 47, 55, 58, 62, 70] - 3786, [1, 2, 9, 11, 21, 22, 33, 47, 55, 58, 62, 70] - 3786, [1, 2, 9, 11, 21, 22, 33, 47, 55, 58, 62, 70] - 3786, [1, 2, 9, 11, 21, 22, 33, 47, 55, 58, 62, 70] - 3786, [1, 2, 9, 11, 21, 22, 33, 47, 55, 58, 62, 70] - 3786, [1, 2, 9, 11, 21, 22, 33, 47, 55, 58, 62, 70] - 3786]
melhor indiv??duo da gera????o:[1, 2, 9, 11, 21, 22, 33, 49, 58, 62, 70] - 3672
gera????o: 39: 
[[1, 2, 9, 11, 21, 22, 33, 49, 58, 62, 70] - 3672, [1, 2, 9, 11, 21, 22, 33, 49, 58, 62, 70] - 3672, [1, 2, 9, 11, 21, 22, 33, 49, 58, 62, 70] - 3672, [1, 2, 9, 11, 21, 22, 33, 49, 58, 62, 70] - 3672, [1, 2, 9, 11, 21, 22, 33, 49, 58, 62, 70] - 3672, [1, 2, 9, 11, 21, 22, 33, 49, 58, 62, 70] - 3672, [1, 2, 9, 11, 21, 22, 33, 49, 58, 62, 70] - 3672, [1, 2, 9, 11, 21, 22, 33, 47, 55, 58, 62, 70] - 3786, [1, 2, 9, 11, 21, 22, 33, 47, 55, 58, 62, 70] - 3786, [1, 2, 9, 11, 21, 22, 33, 47, 55, 58, 62, 70] - 3786, [1, 2, 9, 11, 21, 22, 33, 47, 55, 58, 62, 70] - 3786, [1, 2, 9, 11, 21, 22, 33, 47, 55, 58, 62, 70] - 3786, [1, 2, 9, 11, 21, 22, 33, 47, 55, 58, 62, 70] - 3786, [1, 2, 9, 11, 21, 22, 33, 47, 55, 58, 62, 70] - 3786]
melhor indiv??duo da gera????o:[1, 2, 9, 11, 21, 22, 33, 49, 58, 62, 70] - 3672
gera????o: 40: 
[[1, 2, 9, 11, 21, 22, 33, 49, 58, 62, 70] - 3672, [1, 2, 9, 11, 21, 22, 33, 49, 58, 62, 70] - 3672, [1, 2, 9, 11, 21, 22, 33, 49, 58, 62, 70] - 3672, [1, 2, 9, 11, 21, 22, 33, 49, 58, 62, 70] - 3672, [1, 2, 9, 11, 21, 22, 33, 49, 58, 62, 70] - 3672, [1, 2, 9, 11, 21, 22, 33, 49, 58, 62, 70] - 3672, [1, 2, 9, 11, 21, 22, 33, 47, 55, 58, 62, 70] - 3786, [1, 2, 9, 11, 21, 22, 33, 47, 55, 58, 62, 70] - 3786, [1, 2, 9, 11, 21, 22, 33, 47, 55, 58, 62, 70] - 3786, [1, 2, 9, 11, 21, 22, 33, 47, 55, 58, 62, 70] - 3786, [1, 2, 9, 11, 21, 22, 33, 47, 55, 58, 62, 70] - 3786, [1, 2, 9, 11, 21, 22, 33, 47, 55, 58, 62, 70] - 3786]
melhor indiv??duo da gera????o:[1, 2, 9, 11, 21, 22, 33, 49, 58, 62, 70] - 3672
gera????o: 41: 
[[1, 2, 9, 11, 21, 22, 33, 49, 58, 62, 70] - 3672, [1, 2, 9, 11, 21, 22, 33, 49, 58, 62, 70] - 3672, [1, 2, 9, 11, 21, 22, 33, 49, 58, 62, 70] - 3672, [1, 2, 9, 11, 21, 22, 33, 49, 58, 62, 70] - 3672, [1, 2, 9, 11, 21, 22, 33, 49, 58, 62, 70] - 3672, [1, 2, 9, 11, 21, 22, 33, 49, 58, 62, 70] - 3672, [1, 2, 9, 11, 21, 22, 33, 49, 58, 62, 70] - 3672, [1, 2, 9, 11, 21, 22, 33, 47, 55, 58, 62, 70] - 3786, [1, 2, 9, 11, 21, 22, 33, 47, 55, 58, 62, 70] - 3786, [1, 2, 9, 11, 21, 22, 33, 47, 55, 58, 62, 70] - 3786, [1, 2, 9, 11, 21, 22, 33, 47, 55, 58, 62, 70] - 3786, [1, 2, 9, 11, 21, 22, 33, 47, 55, 58, 62, 70] - 3786]
melhor indiv??duo da gera????o:[1, 2, 9, 11, 21, 22, 33, 49, 58, 62, 70] - 3672
gera????o: 42: 
[[1, 2, 9, 11, 21, 22, 33, 49, 58, 62, 70] - 3672, [1, 2, 9, 11, 21, 22, 33, 49, 58, 62, 70] - 3672, [1, 2, 9, 11, 21, 22, 33, 49, 58, 62, 70] - 3672, [1, 2, 9, 11, 21, 22, 33, 49, 58, 62, 70] - 3672, [1, 2, 9, 11, 21, 22, 33, 49, 58, 62, 70] - 3672, [1, 2, 9, 11, 21, 22, 33, 49, 58, 62, 70] - 3672, [1, 2, 9, 11, 21, 22, 33, 49, 58, 62, 70] - 3672, [1, 2, 9, 11, 21, 22, 33, 47, 55, 58, 62, 70] - 3786, [1, 2, 9, 11, 21, 22, 33, 47, 55, 58, 62, 70] - 3786, [1, 2, 9, 11, 21, 22, 33, 47, 55, 58, 62, 70] - 3786, [1, 2, 9, 11, 21, 22, 33, 47, 55, 58, 62, 70] - 3786, [1, 2, 9, 11, 21, 22, 33, 47, 55, 58, 62, 70] - 3786, [1, 2, 9, 11, 21, 22, 33, 47, 55, 58, 62, 70] - 3786]
melhor indiv??duo da gera????o:[1, 2, 9, 11, 21, 22, 33, 49, 58, 62, 70] - 3672
gera????o: 43: 
[[1, 2, 9, 11, 21, 22, 33, 49, 58, 62, 70] - 3672, [1, 2, 9, 11, 21, 22, 33, 49, 58, 62, 70] - 3672, [1, 2, 9, 11, 21, 22, 33, 49, 58, 62, 70] - 3672, [1, 2, 9, 11, 21, 22, 33, 49, 58, 62, 70] - 3672, [1, 2, 9, 11, 21, 22, 33, 49, 58, 62, 70] - 3672, [1, 2, 9, 11, 21, 22, 33, 49, 58, 62, 70] - 3672, [1, 2, 9, 11, 21, 22, 33, 49, 58, 62, 70] - 3672, [1, 2, 9, 11, 21, 22, 33, 47, 55, 58, 62, 70] - 3786, [1, 2, 9, 11, 21, 22, 33, 47, 55, 58, 62, 70] - 3786, [1, 2, 9, 11, 21, 22, 33, 47, 55, 58, 62, 70] - 3786, [1, 2, 9, 11, 21, 22, 33, 47, 55, 58, 62, 70] - 3786, [1, 2, 9, 11, 21, 22, 33, 47, 55, 58, 62, 70] - 3786, [1, 2, 9, 11, 21, 22, 33, 47, 55, 58, 62, 70] - 3786]
melhor indiv??duo da gera????o:[1, 2, 9, 11, 21, 22, 33, 49, 58, 62, 70] - 3672
gera????o: 44: 
[[1, 2, 9, 11, 21, 22, 33, 49, 58, 62, 70] - 3672, [1, 2, 9, 11, 21, 22, 33, 49, 58, 62, 70] - 3672, [1, 2, 9, 11, 21, 22, 33, 49, 58, 62, 70] - 3672, [1, 2, 9, 11, 21, 22, 33, 49, 58, 62, 70] - 3672, [1, 2, 9, 11, 21, 22, 33, 49, 58, 62, 70] - 3672, [1, 2, 9, 11, 21, 22, 33, 49, 58, 62, 70] - 3672, [1, 2, 9, 11, 21, 22, 33, 49, 58, 62, 70] - 3672, [1, 2, 9, 11, 21, 22, 33, 47, 55, 58, 62, 70] - 3786, [1, 2, 9, 11, 21, 22, 33, 47, 55, 58, 62, 70] - 3786, [1, 2, 9, 11, 21, 22, 33, 47, 55, 58, 62, 70] - 3786, [1, 2, 9, 11, 21, 22, 33, 47, 55, 58, 62, 70] - 3786, [1, 2, 9, 11, 21, 22, 33, 47, 55, 58, 62, 70] - 3786]
melhor indiv??duo da gera????o:[1, 2, 9, 11, 21, 22, 33, 49, 58, 62, 70] - 3672
gera????o: 45: 
[[1, 2, 9, 11, 21, 22, 33, 49, 58, 62, 70] - 3672, [1, 2, 9, 11, 21, 22, 33, 49, 58, 62, 70] - 3672, [1, 2, 9, 11, 21, 22, 33, 49, 58, 62, 70] - 3672, [1, 2, 9, 11, 21, 22, 33, 49, 58, 62, 70] - 3672, [1, 2, 9, 11, 21, 22, 33, 49, 58, 62, 70] - 3672, [1, 2, 9, 11, 21, 22, 33, 49, 58, 62, 70] - 3672, [1, 2, 9, 11, 21, 22, 33, 49, 58, 62, 70] - 3672, [1, 2, 9, 11, 21, 22, 33, 49, 58, 62, 70] - 3672, [1, 2, 9, 11, 21, 22, 33, 47, 55, 58, 62, 70] - 3786, [1, 2, 9, 11, 21, 22, 33, 47, 55, 58, 62, 70] - 3786, [1, 2, 9, 11, 21, 22, 33, 47, 55, 58, 62, 70] - 3786, [1, 2, 9, 11, 21, 22, 33, 47, 55, 58, 62, 70] - 3786, [1, 2, 9, 11, 21, 22, 33, 47, 55, 58, 62, 70] - 3786]
melhor indiv??duo da gera????o:[1, 2, 9, 11, 21, 22, 33, 49, 58, 62, 70] - 3672
gera????o: 46: 
[[1, 2, 9, 11, 21, 22, 33, 49, 58, 62, 70] - 3672, [1, 2, 9, 11, 21, 22, 33, 49, 58, 62, 70] - 3672, [1, 2, 9, 11, 21, 22, 33, 49, 58, 62, 70] - 3672, [1, 2, 9, 11, 21, 22, 33, 49, 58, 62, 70] - 3672, [1, 2, 9, 11, 21, 22, 33, 49, 58, 62, 70] - 3672, [1, 2, 9, 11, 21, 22, 33, 49, 58, 62, 70] - 3672, [1, 2, 9, 11, 21, 22, 33, 49, 58, 62, 70] - 3672, [1, 2, 9, 11, 21, 22, 33, 49, 58, 62, 70] - 3672, [1, 2, 9, 11, 21, 22, 33, 47, 55, 58, 62, 70] - 3786, [1, 2, 9, 11, 21, 22, 33, 47, 55, 58, 62, 70] - 3786, [1, 2, 9, 11, 21, 22, 33, 47, 55, 58, 62, 70] - 3786, [1, 2, 9, 11, 21, 22, 33, 47, 55, 58, 62, 70] - 3786, [1, 2, 9, 11, 21, 22, 33, 47, 55, 58, 62, 70] - 3786]
melhor indiv??duo da gera????o:[1, 2, 9, 11, 21, 22, 33, 49, 58, 62, 70] - 3672
gera????o: 47: 
[[1, 2, 9, 11, 21, 22, 33, 49, 58, 62, 70] - 3672, [1, 2, 9, 11, 21, 22, 33, 49, 58, 62, 70] - 3672, [1, 2, 9, 11, 21, 22, 33, 49, 58, 62, 70] - 3672, [1, 2, 9, 11, 21, 22, 33, 49, 58, 62, 70] - 3672, [1, 2, 9, 11, 21, 22, 33, 49, 58, 62, 70] - 3672, [1, 2, 9, 11, 21, 22, 33, 49, 58, 62, 70] - 3672, [1, 2, 9, 11, 21, 22, 33, 49, 58, 62, 70] - 3672, [1, 2, 9, 11, 21, 22, 33, 49, 58, 62, 70] - 3672, [1, 2, 9, 11, 21, 22, 33, 47, 55, 58, 62, 70] - 3786, [1, 2, 9, 11, 21, 22, 33, 47, 55, 58, 62, 70] - 3786, [1, 2, 9, 11, 21, 22, 33, 47, 55, 58, 62, 70] - 3786, [1, 2, 9, 11, 21, 22, 33, 47, 55, 58, 62, 70] - 3786, [1, 2, 9, 11, 21, 22, 33, 47, 55, 58, 62, 70] - 3786, [1, 2, 9, 11, 21, 22, 33, 47, 55, 58, 62, 70] - 3786]
melhor indiv??duo da gera????o:[1, 2, 9, 11, 21, 22, 33, 49, 58, 62, 70] - 3672
gera????o: 48: 
[[1, 2, 9, 11, 21, 22, 33, 49, 58, 62, 70] - 3672, [1, 2, 9, 11, 21, 22, 33, 49, 58, 62, 70] - 3672, [1, 2, 9, 11, 21, 22, 33, 49, 58, 62, 70] - 3672, [1, 2, 9, 11, 21, 22, 33, 49, 58, 62, 70] - 3672, [1, 2, 9, 11, 21, 22, 33, 49, 58, 62, 70] - 3672, [1, 2, 9, 11, 21, 22, 33, 49, 58, 62, 70] - 3672, [1, 2, 9, 11, 21, 22, 33, 49, 58, 62, 70] - 3672, [1, 2, 9, 11, 21, 22, 33, 49, 58, 62, 70] - 3672, [1, 2, 9, 11, 21, 22, 33, 47, 55, 58, 62, 70] - 3786, [1, 2, 9, 11, 21, 22, 33, 47, 55, 58, 62, 70] - 3786, [1, 2, 9, 11, 21, 22, 33, 47, 55, 58, 62, 70] - 3786, [1, 2, 9, 11, 21, 22, 33, 47, 55, 58, 62, 70] - 3786, [1, 2, 9, 11, 21, 22, 33, 47, 55, 58, 62, 70] - 3786, [1, 2, 9, 11, 21, 22, 33, 47, 55, 58, 62, 70] - 3786]
melhor indiv??duo da gera????o:[1, 2, 9, 11, 21, 22, 33, 49, 58, 62, 70] - 3672
gera????o: 49: 
[[1, 2, 9, 11, 21, 22, 33, 49, 58, 62, 70] - 3672, [1, 2, 9, 11, 21, 22, 33, 49, 58, 62, 70] - 3672, [1, 2, 9, 11, 21, 22, 33, 49, 58, 62, 70] - 3672, [1, 2, 9, 11, 21, 22, 33, 49, 58, 62, 70] - 3672, [1, 2, 9, 11, 21, 22, 33, 49, 58, 62, 70] - 3672, [1, 2, 9, 11, 21, 22, 33, 49, 58, 62, 70] - 3672, [1, 2, 9, 11, 21, 22, 33, 49, 58, 62, 70] - 3672, [1, 2, 9, 11, 21, 22, 33, 49, 58, 62, 70] - 3672, [1, 2, 9, 11, 21, 22, 33, 47, 55, 58, 62, 70] - 3786, [1, 2, 9, 11, 21, 22, 33, 47, 55, 58, 62, 70] - 3786, [1, 2, 9, 11, 21, 22, 33, 47, 55, 58, 62, 70] - 3786, [1, 2, 9, 11, 21, 22, 33, 47, 55, 58, 62, 70] - 3786, [1, 2, 9, 11, 21, 22, 33, 47, 55, 58, 62, 70] - 3786, [1, 2, 9, 11, 21, 22, 33, 47, 55, 58, 62, 70] - 3786]
melhor indiv??duo da gera????o:[1, 2, 9, 11, 21, 22, 33, 49, 58, 62, 70] - 3672
gera????o: 50: 
[[1, 2, 9, 11, 21, 22, 33, 49, 58, 62, 70] - 3672, [1, 2, 9, 11, 21, 22, 33, 49, 58, 62, 70] - 3672, [1, 2, 9, 11, 21, 22, 33, 49, 58, 62, 70] - 3672, [1, 2, 9, 11, 21, 22, 33, 49, 58, 62, 70] - 3672, [1, 2, 9, 11, 21, 22, 33, 49, 58, 62, 70] - 3672, [1, 2, 9, 11, 21, 22, 33, 49, 58, 62, 70] - 3672, [1, 2, 9, 11, 21, 22, 33, 49, 58, 62, 70] - 3672, [1, 2, 9, 11, 21, 22, 33, 49, 58, 62, 70] - 3672, [1, 2, 9, 11, 21, 22, 33, 47, 55, 58, 62, 70] - 3786, [1, 2, 9, 11, 21, 22, 33, 47, 55, 58, 62, 70] - 3786, [1, 2, 9, 11, 21, 22, 33, 47, 55, 58, 62, 70] - 3786, [1, 2, 9, 11, 21, 22, 33, 47, 55, 58, 62, 70] - 3786, [1, 2, 9, 11, 21, 22, 33, 47, 55, 58, 62, 70] - 3786]
melhor indiv??duo da gera????o:[1, 2, 9, 11, 21, 22, 33, 49, 58, 62, 70] - 3672
gera????o: 51: 
[[1, 2, 9, 11, 21, 22, 33, 49, 58, 62, 70] - 3672, [1, 2, 9, 11, 21, 22, 33, 49, 58, 62, 70] - 3672, [1, 2, 9, 11, 21, 22, 33, 49, 58, 62, 70] - 3672, [1, 2, 9, 11, 21, 22, 33, 49, 58, 62, 70] - 3672, [1, 2, 9, 11, 21, 22, 33, 49, 58, 62, 70] - 3672, [1, 2, 9, 11, 21, 22, 33, 49, 58, 62, 70] - 3672, [1, 2, 9, 11, 21, 22, 33, 49, 58, 62, 70] - 3672, [1, 2, 9, 11, 21, 22, 33, 47, 55, 58, 62, 70] - 3786, [1, 2, 9, 11, 21, 22, 33, 47, 55, 58, 62, 70] - 3786, [1, 2, 9, 11, 21, 22, 33, 47, 55, 58, 62, 70] - 3786, [1, 2, 9, 11, 21, 22, 33, 47, 55, 58, 62, 70] - 3786, [1, 2, 9, 11, 21, 22, 33, 47, 55, 58, 62, 70] - 3786]
melhor indiv??duo da gera????o:[1, 2, 9, 11, 21, 22, 33, 49, 58, 62, 70] - 3672
gera????o: 52: 
[[1, 2, 9, 11, 21, 22, 33, 49, 58, 62, 70] - 3672, [1, 2, 9, 11, 21, 22, 33, 49, 58, 62, 70] - 3672, [1, 2, 9, 11, 21, 22, 33, 49, 58, 62, 70] - 3672, [1, 2, 9, 11, 21, 22, 33, 49, 58, 62, 70] - 3672, [1, 2, 9, 11, 21, 22, 33, 49, 58, 62, 70] - 3672, [1, 2, 9, 11, 21, 22, 33, 49, 58, 62, 70] - 3672, [1, 2, 9, 11, 21, 22, 33, 49, 58, 62, 70] - 3672, [1, 2, 9, 11, 21, 22, 33, 49, 58, 62, 70] - 3672, [1, 2, 9, 11, 21, 22, 33, 47, 55, 58, 62, 70] - 3786, [1, 2, 9, 11, 21, 22, 33, 47, 55, 58, 62, 70] - 3786, [1, 2, 9, 11, 21, 22, 33, 47, 55, 58, 62, 70] - 3786, [1, 2, 9, 11, 21, 22, 33, 47, 55, 58, 62, 70] - 3786, [1, 2, 9, 11, 21, 22, 33, 47, 55, 58, 62, 70] - 3786]
melhor indiv??duo da gera????o:[1, 2, 9, 11, 21, 22, 33, 49, 58, 62, 70] - 3672
gera????o: 53: 
[[1, 2, 9, 11, 21, 22, 33, 49, 58, 62, 70] - 3672, [1, 2, 9, 11, 21, 22, 33, 49, 58, 62, 70] - 3672, [1, 2, 9, 11, 21, 22, 33, 49, 58, 62, 70] - 3672, [1, 2, 9, 11, 21, 22, 33, 49, 58, 62, 70] - 3672, [1, 2, 9, 11, 21, 22, 33, 49, 58, 62, 70] - 3672, [1, 2, 9, 11, 21, 22, 33, 49, 58, 62, 70] - 3672, [1, 2, 9, 11, 21, 22, 33, 49, 58, 62, 70] - 3672, [1, 2, 9, 11, 21, 22, 33, 49, 58, 62, 70] - 3672, [1, 2, 9, 11, 21, 22, 33, 49, 58, 62, 70] - 3672, [1, 2, 9, 11, 21, 22, 33, 47, 55, 58, 62, 70] - 3786, [1, 2, 9, 11, 21, 22, 33, 47, 55, 58, 62, 70] - 3786, [1, 2, 9, 11, 21, 22, 33, 47, 55, 58, 62, 70] - 3786, [1, 2, 9, 11, 21, 22, 33, 47, 55, 58, 62, 70] - 3786]
melhor indiv??duo da gera????o:[1, 2, 9, 11, 21, 22, 33, 49, 58, 62, 70] - 3672
gera????o: 54: 
[[1, 2, 9, 11, 21, 22, 33, 49, 58, 62, 70] - 3672, [1, 2, 9, 11, 21, 22, 33, 49, 58, 62, 70] - 3672, [1, 2, 9, 11, 21, 22, 33, 49, 58, 62, 70] - 3672, [1, 2, 9, 11, 21, 22, 33, 49, 58, 62, 70] - 3672, [1, 2, 9, 11, 21, 22, 33, 49, 58, 62, 70] - 3672, [1, 2, 9, 11, 21, 22, 33, 49, 58, 62, 70] - 3672, [1, 2, 9, 11, 21, 22, 33, 49, 58, 62, 70] - 3672, [1, 2, 9, 11, 21, 22, 33, 49, 58, 62, 70] - 3672, [1, 2, 9, 11, 21, 22, 33, 49, 58, 62, 70] - 3672, [1, 2, 9, 11, 21, 22, 33, 47, 55, 58, 62, 70] - 3786, [1, 2, 9, 11, 21, 22, 33, 47, 55, 58, 62, 70] - 3786]
melhor indiv??duo da gera????o:[1, 2, 9, 11, 21, 22, 33, 49, 58, 62, 70] - 3672
gera????o: 55: 
[[1, 2, 9, 11, 21, 22, 33, 49, 58, 62, 70] - 3672, [1, 2, 9, 11, 21, 22, 33, 49, 58, 62, 70] - 3672, [1, 2, 9, 11, 21, 22, 33, 49, 58, 62, 70] - 3672, [1, 2, 9, 11, 21, 22, 33, 49, 58, 62, 70] - 3672, [1, 2, 9, 11, 21, 22, 33, 49, 58, 62, 70] - 3672, [1, 2, 9, 11, 21, 22, 33, 49, 58, 62, 70] - 3672, [1, 2, 9, 11, 21, 22, 33, 49, 58, 62, 70] - 3672, [1, 2, 9, 11, 21, 22, 33, 49, 58, 62, 70] - 3672, [1, 2, 9, 11, 21, 22, 33, 47, 55, 58, 62, 70] - 3786, [1, 2, 9, 11, 21, 22, 33, 47, 55, 58, 62, 70] - 3786, [1, 2, 9, 11, 21, 22, 33, 47, 55, 58, 62, 70] - 3786, [1, 2, 9, 11, 21, 22, 33, 47, 55, 58, 62, 70] - 3786]
melhor indiv??duo da gera????o:[1, 2, 9, 11, 21, 22, 33, 49, 58, 62, 70] - 3672
gera????o: 56: 
[[1, 2, 9, 11, 21, 22, 33, 49, 58, 62, 70] - 3672, [1, 2, 9, 11, 21, 22, 33, 49, 58, 62, 70] - 3672, [1, 2, 9, 11, 21, 22, 33, 49, 58, 62, 70] - 3672, [1, 2, 9, 11, 21, 22, 33, 49, 58, 62, 70] - 3672, [1, 2, 9, 11, 21, 22, 33, 49, 58, 62, 70] - 3672, [1, 2, 9, 11, 21, 22, 33, 49, 58, 62, 70] - 3672, [1, 2, 9, 11, 21, 22, 33, 49, 58, 62, 70] - 3672, [1, 2, 9, 11, 21, 22, 33, 49, 58, 62, 70] - 3672, [1, 2, 9, 11, 21, 22, 33, 47, 55, 58, 62, 70] - 3786, [1, 2, 9, 11, 21, 22, 33, 47, 55, 58, 62, 70] - 3786]
melhor indiv??duo da gera????o:[1, 2, 9, 11, 21, 22, 33, 49, 58, 62, 70] - 3672
gera????o: 57: 
[[1, 2, 9, 11, 21, 22, 33, 49, 58, 62, 70] - 3672, [1, 2, 9, 11, 21, 22, 33, 49, 58, 62, 70] - 3672, [1, 2, 9, 11, 21, 22, 33, 49, 58, 62, 70] - 3672, [1, 2, 9, 11, 21, 22, 33, 49, 58, 62, 70] - 3672, [1, 2, 9, 11, 21, 22, 33, 49, 58, 62, 70] - 3672, [1, 2, 9, 11, 21, 22, 33, 49, 58, 62, 70] - 3672, [1, 2, 9, 11, 21, 22, 33, 49, 58, 62, 70] - 3672, [1, 2, 9, 11, 21, 22, 33, 49, 58, 62, 70] - 3672, [1, 2, 9, 11, 21, 22, 33, 47, 55, 58, 62, 70] - 3786, [1, 2, 9, 11, 21, 22, 33, 47, 55, 58, 62, 70] - 3786]
melhor indiv??duo da gera????o:[1, 2, 9, 11, 21, 22, 33, 49, 58, 62, 70] - 3672
gera????o: 58: 
[[1, 2, 9, 11, 21, 22, 33, 49, 58, 62, 70] - 3672, [1, 2, 9, 11, 21, 22, 33, 49, 58, 62, 70] - 3672, [1, 2, 9, 11, 21, 22, 33, 49, 58, 62, 70] - 3672, [1, 2, 9, 11, 21, 22, 33, 49, 58, 62, 70] - 3672, [1, 2, 9, 11, 21, 22, 33, 49, 58, 62, 70] - 3672, [1, 2, 9, 11, 21, 22, 33, 49, 58, 62, 70] - 3672, [1, 2, 9, 11, 21, 22, 33, 49, 58, 62, 70] - 3672, [1, 2, 9, 11, 21, 22, 33, 49, 58, 62, 70] - 3672, [1, 2, 9, 11, 21, 22, 33, 47, 55, 58, 62, 70] - 3786]
melhor indiv??duo da gera????o:[1, 2, 9, 11, 21, 22, 33, 49, 58, 62, 70] - 3672
gera????o: 59: 
[[1, 2, 9, 11, 21, 22, 33, 49, 58, 62, 70] - 3672, [1, 2, 9, 11, 21, 22, 33, 49, 58, 62, 70] - 3672, [1, 2, 9, 11, 21, 22, 33, 49, 58, 62, 70] - 3672, [1, 2, 9, 11, 21, 22, 33, 49, 58, 62, 70] - 3672, [1, 2, 9, 11, 21, 22, 33, 49, 58, 62, 70] - 3672, [1, 2, 9, 11, 21, 22, 33, 49, 58, 62, 70] - 3672, [1, 2, 9, 11, 21, 22, 33, 49, 58, 62, 70] - 3672, [1, 2, 9, 11, 21, 22, 33, 47, 55, 58, 62, 70] - 3786]
melhor indiv??duo da gera????o:[1, 2, 9, 11, 21, 22, 33, 49, 58, 62, 70] - 3672
gera????o: 60: 
[[1, 2, 9, 11, 21, 22, 33, 49, 58, 62, 70] - 3672, [1, 2, 9, 11, 21, 22, 33, 49, 58, 62, 70] - 3672, [1, 2, 9, 11, 21, 22, 33, 49, 58, 62, 70] - 3672, [1, 2, 9, 11, 21, 22, 33, 49, 58, 62, 70] - 3672, [1, 2, 9, 11, 21, 22, 33, 49, 58, 62, 70] - 3672, [1, 2, 9, 11, 21, 22, 33, 49, 58, 62, 70] - 3672]
melhor indiv??duo da gera????o:[1, 2, 9, 11, 21, 22, 33, 49, 58, 62, 70] - 3672
gera????o: 61: 
[[1, 2, 9, 11, 21, 22, 33, 49, 58, 62, 70] - 3672, [1, 2, 9, 11, 21, 22, 33, 49, 58, 62, 70] - 3672, [1, 2, 9, 11, 21, 22, 33, 49, 58, 62, 70] - 3672, [1, 2, 9, 11, 21, 22, 33, 49, 58, 62, 70] - 3672, [1, 2, 9, 11, 21, 22, 33, 49, 58, 62, 70] - 3672]
melhor indiv??duo da gera????o:[1, 2, 9, 11, 21, 22, 33, 49, 58, 62, 70] - 3672
gera????o: 62: 
[[1, 2, 9, 11, 21, 22, 33, 49, 58, 62, 70] - 3672, [1, 2, 9, 11, 21, 22, 33, 49, 58, 62, 70] - 3672, [1, 2, 9, 11, 21, 22, 33, 49, 58, 62, 70] - 3672, [1, 2, 9, 11, 21, 22, 33, 49, 58, 62, 70] - 3672]
melhor indiv??duo da gera????o:[1, 2, 9, 11, 21, 22, 33, 49, 58, 62, 70] - 3672
gera????o: 63: 
[[1, 2, 9, 11, 21, 22, 33, 49, 58, 62, 70] - 3672, [1, 2, 9, 11, 21, 22, 33, 49, 58, 62, 70] - 3672, [1, 2, 9, 11, 21, 22, 33, 49, 58, 62, 70] - 3672]
melhor indiv??duo da gera????o:[1, 2, 9, 11, 21, 22, 33, 49, 58, 62, 70] - 3672
gera????o: 64: 
[[1, 2, 9, 11, 21, 22, 33, 49, 58, 62, 70] - 3672, [1, 2, 9, 11, 21, 22, 33, 49, 58, 62, 70] - 3672]
melhor indiv??duo da gera????o:[1, 2, 9, 11, 21, 22, 33, 49, 58, 62, 70] - 3672
______________________________________________________________________________________________________________________________
