geração: 1: 
[[1, 2, 3, 5, 10, 12, 16, 17, 18, 13, 15, 20] - 68, [1, 3, 8, 9, 10, 13, 19, 20] - 38, [1, 3, 5, 8, 9, 12, 19, 20] - 38, [1, 3, 6, 7, 8, 10, 12, 16, 17, 18, 13, 9] - 88, [1, 2, 3, 6, 8, 10, 13, 9, 16, 17, 19, 20] - 85, [1, 6, 8, 10, 14, 13, 9, 16, 12, 5, 2, 4, 11] - 89, [1, 6, 7, 8, 3, 5, 10, 13, 19, 20] - 48, [1, 6, 7, 9, 16, 17, 19, 20] - 49, [1, 6, 7, 8, 9, 16, 10, 13, 14, 15, 20] - 62, [1, 3, 8, 9, 16, 17, 19, 20] - 41, [1, 3, 8, 9, 10, 13, 15, 20] - 38, [1, 2, 5, 12, 13, 19, 20] - 30, [1, 3, 6, 8, 10, 12, 5, 2, 4, 11, 14, 13, 15, 20] - 83, [1, 2, 5, 12, 19, 20] - 32, [1, 3, 5, 10, 14, 13, 19, 20] - 35, [1, 6, 8, 9, 13, 14, 15, 20] - 46, [1, 6, 8, 9, 16, 17, 18, 13, 15, 20] - 53, [1, 6, 8, 10, 12, 19, 20] - 46, [1, 2, 3, 6, 7, 9, 12, 13, 14, 15, 20] - 56, [1, 6, 7, 9, 12, 13, 15, 20] - 38]
melhor indivíduo da geração:[1, 2, 5, 12, 13, 19, 20] - 30
geração: 2: 
[[1, 2, 5, 12, 13, 19, 20] - 30, [1, 3, 8, 9, 12, 13, 19, 20] - 30, [1, 2, 5, 12, 19, 20] - 32, [1, 2, 4, 11, 13, 19, 20] - 34, [1, 3, 5, 10, 14, 13, 19, 20] - 35, [1, 3, 8, 9, 10, 13, 19, 20] - 38, [1, 3, 5, 8, 9, 12, 19, 20] - 38, [1, 3, 8, 9, 10, 13, 15, 20] - 38, [1, 6, 7, 9, 12, 13, 15, 20] - 38, [1, 3, 5, 10, 12, 19, 20] - 40, [1, 3, 8, 9, 10, 14, 13, 19, 20] - 40, [1, 3, 8, 9, 16, 17, 19, 20] - 41, [1, 6, 7, 9, 13, 19, 20] - 41, [1, 2, 5, 10, 13, 14, 15, 20] - 43, [1, 6, 8, 9, 13, 14, 15, 20] - 46, [1, 6, 8, 10, 12, 19, 20] - 46, [1, 3, 6, 8, 9, 12, 13, 14, 15, 20] - 46, [1, 6, 7, 8, 3, 5, 10, 13, 19, 20] - 48, [1, 6, 7, 9, 16, 17, 19, 20] - 49, [1, 6, 8, 10, 13, 14, 15, 20] - 49, [1, 6, 8, 9, 16, 17, 18, 13, 15, 20] - 53, [1, 2, 3, 6, 7, 9, 12, 13, 14, 15, 20] - 56, [1, 6, 7, 8, 9, 16, 10, 13, 14, 15, 20] - 62, [1, 2, 3, 5, 10, 12, 16, 17, 18, 13, 15, 20] - 68, [1, 6, 7, 9, 16, 17, 18, 13, 14, 15, 20] - 68, [1, 3, 6, 8, 10, 14, 13, 9, 12, 19, 20] - 73, [1, 3, 6, 8, 10, 12, 5, 2, 4, 11, 14, 13, 15, 20] - 83, [1, 2, 3, 6, 8, 10, 13, 9, 16, 17, 19, 20] - 85, [1, 3, 6, 7, 8, 10, 12, 16, 17, 18, 13, 9] - 88, [1, 6, 8, 10, 14, 13, 9, 16, 12, 5, 2, 4, 11] - 89]
melhor indivíduo da geração:[1, 2, 5, 12, 13, 19, 20] - 30
geração: 3: 
[[1, 2, 5, 12, 13, 19, 20] - 30, [1, 3, 8, 9, 12, 13, 19, 20] - 30, [1, 2, 5, 12, 19, 20] - 32, [1, 2, 4, 11, 13, 19, 20] - 34, [1, 3, 5, 10, 14, 13, 19, 20] - 35, [1, 3, 8, 9, 10, 13, 19, 20] - 38, [1, 3, 5, 8, 9, 12, 19, 20] - 38, [1, 3, 8, 9, 10, 13, 15, 20] - 38, [1, 6, 7, 9, 12, 13, 15, 20] - 38, [1, 3, 5, 10, 12, 19, 20] - 40, [1, 3, 8, 9, 10, 14, 13, 19, 20] - 40, [1, 3, 8, 9, 16, 17, 19, 20] - 41, [1, 6, 7, 9, 13, 19, 20] - 41, [1, 2, 5, 10, 13, 14, 15, 20] - 43, [1, 3, 5, 10, 13, 14, 15, 20] - 43, [1, 6, 8, 9, 13, 14, 15, 20] - 46, [1, 6, 8, 10, 12, 19, 20] - 46, [1, 3, 6, 8, 9, 12, 13, 14, 15, 20] - 46, [1, 6, 7, 8, 3, 5, 10, 13, 19, 20] - 48, [1, 6, 7, 9, 16, 17, 19, 20] - 49, [1, 6, 8, 10, 13, 14, 15, 20] - 49, [1, 2, 4, 5, 10, 12, 13, 19, 20] - 49, [1, 6, 8, 9, 16, 17, 18, 13, 15, 20] - 53, [1, 2, 3, 6, 7, 9, 12, 13, 14, 15, 20] - 56, [1, 6, 7, 8, 9, 16, 10, 13, 14, 15, 20] - 62, [1, 6, 7, 9, 16, 17, 18, 12, 19, 20] - 64, [1, 2, 3, 5, 10, 12, 16, 17, 18, 13, 15, 20] - 68, [1, 6, 7, 9, 16, 17, 18, 13, 14, 15, 20] - 68, [1, 3, 6, 8, 10, 14, 13, 9, 12, 19, 20] - 73, [1, 3, 6, 8, 10, 12, 5, 2, 4, 11, 14, 13, 15, 20] - 83, [1, 2, 3, 6, 8, 10, 13, 9, 16, 17, 19, 20] - 85, [1, 3, 6, 7, 8, 10, 12, 16, 17, 18, 13, 9] - 88, [1, 6, 8, 10, 14, 13, 9, 16, 12, 5, 2, 4, 11] - 89]
melhor indivíduo da geração:[1, 2, 5, 12, 13, 19, 20] - 30
geração: 4: 
[[1, 2, 5, 10, 14, 15, 20] - 29, [1, 2, 5, 12, 13, 19, 20] - 30, [1, 3, 8, 9, 12, 13, 19, 20] - 30, [1, 2, 5, 12, 19, 20] - 32, [1, 2, 4, 11, 13, 19, 20] - 34, [1, 3, 5, 10, 14, 13, 19, 20] - 35, [1, 3, 8, 9, 10, 13, 19, 20] - 38, [1, 3, 5, 8, 9, 12, 19, 20] - 38, [1, 3, 8, 9, 10, 13, 15, 20] - 38, [1, 6, 7, 9, 12, 13, 15, 20] - 38, [1, 3, 5, 10, 12, 19, 20] - 40, [1, 3, 8, 9, 10, 14, 13, 19, 20] - 40, [1, 3, 8, 9, 16, 17, 19, 20] - 41, [1, 6, 7, 9, 13, 19, 20] - 41, [1, 2, 5, 10, 13, 14, 15, 20] - 43, [1, 3, 5, 10, 13, 14, 15, 20] - 43, [1, 6, 8, 9, 13, 14, 15, 20] - 46, [1, 6, 8, 10, 12, 19, 20] - 46, [1, 3, 6, 8, 9, 12, 13, 14, 15, 20] - 46, [1, 6, 7, 8, 3, 5, 10, 13, 19, 20] - 48, [1, 2, 5, 12, 16, 10, 13, 15, 20] - 48, [1, 6, 7, 9, 16, 17, 19, 20] - 49, [1, 6, 8, 10, 13, 14, 15, 20] - 49, [1, 2, 4, 5, 10, 12, 13, 19, 20] - 49, [1, 3, 6, 8, 10, 12, 19, 20] - 49, [1, 6, 8, 9, 16, 17, 18, 13, 15, 20] - 53, [1, 2, 3, 6, 7, 9, 12, 13, 14, 15, 20] - 56, [1, 6, 7, 8, 9, 16, 10, 13, 14, 15, 20] - 62, [1, 2, 5, 8, 10, 12, 16, 17, 19, 20] - 63, [1, 6, 7, 9, 16, 17, 18, 12, 19, 20] - 64, [1, 2, 3, 5, 10, 12, 16, 17, 18, 13, 15, 20] - 68, [1, 6, 7, 9, 16, 17, 18, 13, 14, 15, 20] - 68, [1, 3, 6, 8, 10, 14, 13, 9, 12, 19, 20] - 73, [1, 3, 6, 8, 10, 12, 5, 2, 4, 11, 14, 13, 15, 20] - 83, [1, 2, 3, 6, 8, 10, 13, 9, 16, 17, 19, 20] - 85, [1, 3, 6, 7, 8, 10, 12, 16, 17, 18, 13, 9] - 88, [1, 6, 8, 10, 14, 13, 9, 16, 12, 5, 2, 4, 11] - 89]
melhor indivíduo da geração:[1, 2, 5, 10, 14, 15, 20] - 29
geração: 5: 
[[1, 2, 5, 10, 14, 15, 20] - 29, [1, 2, 5, 12, 13, 19, 20] - 30, [1, 3, 8, 9, 12, 13, 19, 20] - 30, [1, 2, 5, 12, 19, 20] - 32, [1, 2, 4, 11, 13, 19, 20] - 34, [1, 3, 5, 10, 14, 13, 19, 20] - 35, [1, 3, 8, 9, 10, 13, 19, 20] - 38, [1, 3, 5, 8, 9, 12, 19, 20] - 38, [1, 3, 8, 9, 10, 13, 15, 20] - 38, [1, 6, 7, 9, 12, 13, 15, 20] - 38, [1, 3, 5, 10, 12, 19, 20] - 40, [1, 3, 8, 9, 10, 14, 13, 19, 20] - 40, [1, 3, 8, 9, 16, 17, 19, 20] - 41, [1, 6, 7, 9, 13, 19, 20] - 41, [1, 2, 5, 8, 10, 13, 15, 20] - 42, [1, 2, 5, 10, 13, 14, 15, 20] - 43, [1, 3, 5, 10, 13, 14, 15, 20] - 43, [1, 3, 5, 12, 16, 10, 14, 15, 20] - 44, [1, 6, 8, 9, 13, 14, 15, 20] - 46, [1, 6, 8, 10, 12, 19, 20] - 46, [1, 3, 6, 8, 9, 12, 13, 14, 15, 20] - 46, [1, 6, 7, 8, 3, 5, 10, 13, 19, 20] - 48, [1, 2, 5, 12, 16, 10, 13, 15, 20] - 48, [1, 6, 7, 9, 16, 17, 19, 20] - 49, [1, 6, 8, 10, 13, 14, 15, 20] - 49, [1, 2, 4, 5, 10, 12, 13, 19, 20] - 49, [1, 3, 6, 8, 10, 12, 19, 20] - 49, [1, 2, 3, 6, 8, 9, 10, 13, 19, 20] - 49, [1, 6, 8, 9, 16, 17, 18, 13, 15, 20] - 53, [1, 2, 3, 6, 7, 9, 12, 13, 14, 15, 20] - 56, [1, 6, 7, 8, 9, 16, 10, 13, 14, 15, 20] - 62, [1, 2, 5, 8, 10, 12, 16, 17, 19, 20] - 63, [1, 6, 8, 3, 5, 10, 12, 16, 17, 19, 20] - 63, [1, 6, 7, 9, 16, 17, 18, 12, 19, 20] - 64, [1, 2, 3, 5, 10, 12, 16, 17, 18, 13, 15, 20] - 68, [1, 6, 7, 9, 16, 17, 18, 13, 14, 15, 20] - 68, [1, 3, 6, 8, 10, 14, 13, 9, 12, 19, 20] - 73, [1, 3, 6, 8, 10, 12, 5, 2, 4, 11, 14, 13, 15, 20] - 83, [1, 2, 3, 6, 8, 10, 13, 9, 16, 17, 19, 20] - 85, [1, 3, 6, 7, 8, 10, 12, 16, 17, 18, 13, 9] - 88, [1, 6, 8, 10, 14, 13, 9, 16, 12, 5, 2, 4, 11] - 89]
melhor indivíduo da geração:[1, 2, 5, 10, 14, 15, 20] - 29
geração: 6: 
[[1, 2, 5, 10, 14, 15, 20] - 29, [1, 2, 5, 12, 13, 19, 20] - 30, [1, 3, 8, 9, 12, 13, 19, 20] - 30, [1, 2, 5, 12, 19, 20] - 32, [1, 3, 8, 10, 14, 15, 20] - 32, [1, 2, 4, 11, 13, 19, 20] - 34, [1, 3, 5, 10, 14, 13, 19, 20] - 35, [1, 3, 5, 10, 14, 13, 15, 20] - 35, [1, 3, 8, 9, 10, 13, 19, 20] - 38, [1, 3, 5, 8, 9, 12, 19, 20] - 38, [1, 3, 8, 9, 10, 13, 15, 20] - 38, [1, 6, 7, 9, 12, 13, 15, 20] - 38, [1, 6, 8, 10, 13, 19, 20] - 39, [1, 3, 5, 10, 12, 19, 20] - 40, [1, 3, 8, 9, 10, 14, 13, 19, 20] - 40, [1, 3, 8, 9, 16, 17, 19, 20] - 41, [1, 6, 7, 9, 13, 19, 20] - 41, [1, 2, 5, 8, 10, 13, 15, 20] - 42, [1, 2, 5, 10, 13, 14, 15, 20] - 43, [1, 3, 5, 10, 13, 14, 15, 20] - 43, [1, 2, 3, 5, 8, 10, 14, 15, 20] - 43, [1, 3, 5, 12, 16, 10, 14, 15, 20] - 44, [1, 6, 8, 9, 13, 14, 15, 20] - 46, [1, 6, 8, 10, 12, 19, 20] - 46, [1, 3, 6, 8, 9, 12, 13, 14, 15, 20] - 46, [1, 6, 7, 8, 3, 5, 10, 13, 19, 20] - 48, [1, 2, 5, 12, 16, 10, 13, 15, 20] - 48, [1, 6, 7, 9, 16, 17, 19, 20] - 49, [1, 6, 8, 10, 13, 14, 15, 20] - 49, [1, 2, 4, 5, 10, 12, 13, 19, 20] - 49, [1, 3, 6, 8, 10, 12, 19, 20] - 49, [1, 2, 3, 6, 8, 9, 10, 13, 19, 20] - 49, [1, 6, 8, 9, 16, 17, 18, 13, 15, 20] - 53, [1, 2, 3, 6, 7, 9, 12, 13, 14, 15, 20] - 56, [1, 6, 7, 8, 9, 16, 10, 13, 14, 15, 20] - 62, [1, 2, 5, 8, 10, 12, 16, 17, 19, 20] - 63, [1, 6, 8, 3, 5, 10, 12, 16, 17, 19, 20] - 63, [1, 6, 7, 9, 16, 17, 18, 12, 19, 20] - 64, [1, 2, 3, 5, 10, 12, 16, 17, 18, 13, 15, 20] - 68, [1, 6, 7, 9, 16, 17, 18, 13, 14, 15, 20] - 68, [1, 3, 6, 8, 10, 14, 13, 9, 12, 19, 20] - 73, [1, 3, 6, 7, 8, 9, 16, 12, 5, 10, 13, 14, 15, 20] - 80, [1, 3, 6, 8, 10, 12, 5, 2, 4, 11, 14, 13, 15, 20] - 83, [1, 2, 3, 6, 8, 10, 13, 9, 16, 17, 19, 20] - 85, [1, 3, 6, 7, 8, 10, 12, 16, 17, 18, 13, 9] - 88, [1, 6, 8, 10, 14, 13, 9, 16, 12, 5, 2, 4, 11] - 89]
melhor indivíduo da geração:[1, 2, 5, 10, 14, 15, 20] - 29
geração: 7: 
[[1, 2, 5, 10, 14, 15, 20] - 29, [1, 2, 5, 12, 13, 19, 20] - 30, [1, 3, 8, 9, 12, 13, 19, 20] - 30, [1, 2, 5, 12, 19, 20] - 32, [1, 3, 8, 10, 14, 15, 20] - 32, [1, 2, 4, 11, 13, 19, 20] - 34, [1, 3, 5, 10, 14, 13, 19, 20] - 35, [1, 3, 5, 10, 14, 13, 15, 20] - 35, [1, 3, 8, 9, 10, 13, 19, 20] - 38, [1, 3, 5, 8, 9, 12, 19, 20] - 38, [1, 3, 8, 9, 10, 13, 15, 20] - 38, [1, 6, 7, 9, 12, 13, 15, 20] - 38, [1, 6, 8, 10, 13, 19, 20] - 39, [1, 3, 5, 10, 12, 19, 20] - 40, [1, 3, 8, 9, 10, 14, 13, 19, 20] - 40, [1, 3, 8, 9, 16, 17, 19, 20] - 41, [1, 6, 7, 9, 13, 19, 20] - 41, [1, 6, 7, 9, 13, 15, 20] - 41, [1, 2, 5, 8, 10, 13, 15, 20] - 42, [1, 2, 5, 10, 13, 14, 15, 20] - 43, [1, 3, 5, 10, 13, 14, 15, 20] - 43, [1, 2, 3, 5, 8, 10, 14, 15, 20] - 43, [1, 3, 5, 12, 16, 10, 14, 15, 20] - 44, [1, 6, 8, 9, 13, 14, 15, 20] - 46, [1, 6, 8, 10, 12, 19, 20] - 46, [1, 3, 6, 8, 9, 12, 13, 14, 15, 20] - 46, [1, 2, 3, 8, 10, 12, 5] - 46, [1, 6, 7, 8, 3, 5, 10, 13, 19, 20] - 48, [1, 2, 5, 12, 16, 10, 13, 15, 20] - 48, [1, 6, 7, 9, 16, 17, 19, 20] - 49, [1, 6, 8, 10, 13, 14, 15, 20] - 49, [1, 2, 4, 5, 10, 12, 13, 19, 20] - 49, [1, 3, 6, 8, 10, 12, 19, 20] - 49, [1, 2, 3, 6, 8, 9, 10, 13, 19, 20] - 49, [1, 6, 8, 9, 16, 10, 12, 13, 15, 20] - 51, [1, 6, 8, 9, 16, 17, 18, 13, 15, 20] - 53, [1, 2, 4, 5, 8, 9, 10, 13, 19, 20] - 55, [1, 2, 3, 6, 7, 9, 12, 13, 14, 15, 20] - 56, [1, 6, 7, 8, 9, 16, 10, 13, 14, 15, 20] - 62, [1, 2, 5, 8, 10, 12, 16, 17, 19, 20] - 63, [1, 6, 8, 3, 5, 10, 12, 16, 17, 19, 20] - 63, [1, 6, 7, 9, 16, 17, 18, 12, 19, 20] - 64, [1, 2, 3, 5, 10, 12, 16, 17, 18, 13, 15, 20] - 68, [1, 6, 7, 9, 16, 17, 18, 13, 14, 15, 20] - 68, [1, 3, 6, 8, 10, 14, 13, 9, 12, 19, 20] - 73, [1, 3, 6, 7, 8, 9, 16, 12, 5, 10, 13, 14, 15, 20] - 80, [1, 6, 7, 9, 16, 12, 5, 2, 4, 11, 13, 14, 10] - 80, [1, 3, 6, 8, 10, 12, 5, 2, 4, 11, 14, 13, 15, 20] - 83, [1, 2, 3, 6, 8, 10, 13, 9, 16, 17, 19, 20] - 85, [1, 3, 6, 7, 8, 10, 12, 16, 17, 18, 13, 9] - 88, [1, 6, 8, 10, 14, 13, 9, 16, 12, 5, 2, 4, 11] - 89]
melhor indivíduo da geração:[1, 2, 5, 10, 14, 15, 20] - 29
geração: 8: 
[[1, 2, 5, 10, 14, 15, 20] - 29, [1, 2, 5, 12, 13, 19, 20] - 30, [1, 3, 8, 9, 12, 13, 19, 20] - 30, [1, 2, 5, 12, 19, 20] - 32, [1, 3, 8, 10, 14, 15, 20] - 32, [1, 2, 4, 11, 13, 19, 20] - 34, [1, 3, 5, 10, 14, 13, 19, 20] - 35, [1, 3, 5, 10, 14, 13, 15, 20] - 35, [1, 6, 8, 10, 14, 15, 20] - 35, [1, 6, 8, 9, 13, 19, 20] - 36, [1, 3, 8, 9, 10, 13, 19, 20] - 38, [1, 3, 5, 8, 9, 12, 19, 20] - 38, [1, 3, 8, 9, 10, 13, 15, 20] - 38, [1, 6, 7, 9, 12, 13, 15, 20] - 38, [1, 6, 8, 10, 13, 19, 20] - 39, [1, 3, 5, 10, 12, 19, 20] - 40, [1, 3, 8, 9, 10, 14, 13, 19, 20] - 40, [1, 3, 8, 9, 16, 17, 19, 20] - 41, [1, 6, 7, 9, 13, 19, 20] - 41, [1, 6, 7, 9, 13, 15, 20] - 41, [1, 2, 5, 8, 10, 13, 15, 20] - 42, [1, 3, 5, 8, 10, 13, 19, 20] - 42, [1, 2, 5, 10, 13, 14, 15, 20] - 43, [1, 3, 5, 10, 13, 14, 15, 20] - 43, [1, 2, 3, 5, 8, 10, 14, 15, 20] - 43, [1, 3, 5, 12, 16, 10, 14, 15, 20] - 44, [1, 6, 8, 9, 13, 14, 15, 20] - 46, [1, 6, 8, 10, 12, 19, 20] - 46, [1, 3, 6, 8, 9, 12, 13, 14, 15, 20] - 46, [1, 2, 3, 8, 10, 12, 5] - 46, [1, 6, 7, 8, 3, 5, 10, 13, 19, 20] - 48, [1, 2, 5, 12, 16, 10, 13, 15, 20] - 48, [1, 6, 7, 9, 16, 17, 19, 20] - 49, [1, 6, 8, 10, 13, 14, 15, 20] - 49, [1, 2, 4, 5, 10, 12, 13, 19, 20] - 49, [1, 3, 6, 8, 10, 12, 19, 20] - 49, [1, 2, 3, 6, 8, 9, 10, 13, 19, 20] - 49, [1, 6, 8, 9, 16, 10, 12, 13, 15, 20] - 51, [1, 3, 8, 9, 12, 16, 17, 18, 19, 20] - 52, [1, 6, 8, 9, 16, 17, 18, 13, 15, 20] - 53, [1, 2, 4, 5, 8, 9, 10, 13, 19, 20] - 55, [1, 2, 3, 6, 7, 9, 12, 13, 14, 15, 20] - 56, [1, 6, 7, 8, 9, 16, 10, 13, 14, 15, 20] - 62, [1, 2, 5, 8, 10, 12, 16, 17, 19, 20] - 63, [1, 6, 8, 3, 5, 10, 12, 16, 17, 19, 20] - 63, [1, 6, 7, 9, 16, 17, 18, 12, 19, 20] - 64, [1, 2, 3, 5, 10, 12, 16, 17, 18, 13, 15, 20] - 68, [1, 6, 7, 9, 16, 17, 18, 13, 14, 15, 20] - 68, [1, 3, 6, 8, 10, 14, 13, 9, 12, 19, 20] - 73, [1, 6, 7, 8, 10, 14, 13, 9, 12, 19, 20] - 76, [1, 3, 6, 7, 8, 9, 16, 12, 5, 10, 13, 14, 15, 20] - 80, [1, 6, 7, 9, 16, 12, 5, 2, 4, 11, 13, 14, 10] - 80, [1, 3, 6, 8, 10, 12, 5, 2, 4, 11, 14, 13, 15, 20] - 83, [1, 2, 3, 6, 8, 10, 13, 9, 16, 17, 19, 20] - 85, [1, 3, 6, 7, 8, 10, 12, 16, 17, 18, 13, 9] - 88, [1, 6, 8, 10, 14, 13, 9, 16, 12, 5, 2, 4, 11] - 89, [1, 6, 7, 9, 13, 14, 10, 12, 16, 17, 18, 19, 20] - 90]
melhor indivíduo da geração:[1, 2, 5, 10, 14, 15, 20] - 29
geração: 9: 
[[1, 2, 5, 10, 14, 15, 20] - 29, [1, 2, 5, 12, 13, 19, 20] - 30, [1, 3, 8, 9, 12, 13, 19, 20] - 30, [1, 2, 5, 12, 19, 20] - 32, [1, 3, 8, 10, 14, 15, 20] - 32, [1, 2, 4, 11, 13, 19, 20] - 34, [1, 3, 5, 10, 14, 13, 19, 20] - 35, [1, 3, 5, 10, 14, 13, 15, 20] - 35, [1, 6, 8, 10, 14, 15, 20] - 35, [1, 6, 8, 9, 13, 19, 20] - 36, [1, 3, 8, 9, 10, 13, 19, 20] - 38, [1, 3, 5, 8, 9, 12, 19, 20] - 38, [1, 3, 8, 9, 10, 13, 15, 20] - 38, [1, 6, 7, 9, 12, 13, 15, 20] - 38, [1, 6, 8, 10, 13, 19, 20] - 39, [1, 3, 5, 10, 12, 19, 20] - 40, [1, 3, 8, 9, 10, 14, 13, 19, 20] - 40, [1, 3, 8, 9, 16, 17, 19, 20] - 41, [1, 6, 7, 9, 13, 19, 20] - 41, [1, 6, 7, 9, 13, 15, 20] - 41, [1, 2, 5, 8, 10, 13, 15, 20] - 42, [1, 3, 5, 8, 10, 13, 19, 20] - 42, [1, 2, 5, 10, 13, 14, 15, 20] - 43, [1, 3, 5, 10, 13, 14, 15, 20] - 43, [1, 2, 3, 5, 8, 10, 14, 15, 20] - 43, [1, 3, 5, 12, 16, 10, 14, 15, 20] - 44, [1, 6, 8, 9, 13, 14, 15, 20] - 46, [1, 6, 8, 10, 12, 19, 20] - 46, [1, 3, 6, 8, 9, 12, 13, 14, 15, 20] - 46, [1, 2, 3, 8, 10, 12, 5] - 46, [1, 6, 7, 8, 3, 5, 10, 13, 19, 20] - 48, [1, 2, 5, 12, 16, 10, 13, 15, 20] - 48, [1, 6, 7, 9, 16, 17, 19, 20] - 49, [1, 6, 8, 10, 13, 14, 15, 20] - 49, [1, 2, 4, 5, 10, 12, 13, 19, 20] - 49, [1, 3, 6, 8, 10, 12, 19, 20] - 49, [1, 2, 3, 6, 8, 9, 10, 13, 19, 20] - 49, [1, 6, 8, 3, 5, 2, 4, 11, 14, 15, 20] - 49, [1, 6, 8, 9, 16, 10, 12, 13, 15, 20] - 51, [1, 3, 8, 9, 12, 16, 17, 18, 19, 20] - 52, [1, 6, 8, 9, 16, 17, 18, 13, 15, 20] - 53, [1, 6, 8, 10, 12, 5, 2, 3] - 53, [1, 2, 4, 5, 8, 9, 10, 13, 19, 20] - 55, [1, 2, 3, 6, 7, 9, 12, 13, 14, 15, 20] - 56, [1, 2, 4, 10, 12, 16, 17, 19, 20] - 56, [1, 2, 5, 8, 10, 12, 13, 14, 15, 20] - 57, [1, 6, 7, 8, 9, 16, 10, 13, 14, 15, 20] - 62, [1, 2, 5, 8, 10, 12, 16, 17, 19, 20] - 63, [1, 6, 8, 3, 5, 10, 12, 16, 17, 19, 20] - 63, [1, 6, 7, 9, 16, 17, 18, 12, 19, 20] - 64, [1, 2, 3, 5, 10, 12, 16, 17, 18, 13, 15, 20] - 68, [1, 6, 7, 9, 16, 17, 18, 13, 14, 15, 20] - 68, [1, 3, 6, 8, 10, 14, 13, 9, 12, 19, 20] - 73, [1, 6, 7, 8, 10, 14, 13, 9, 12, 19, 20] - 76, [1, 2, 4, 5, 10, 13, 9, 16, 12, 19, 20] - 78, [1, 3, 6, 7, 8, 9, 16, 12, 5, 10, 13, 14, 15, 20] - 80, [1, 6, 7, 9, 16, 12, 5, 2, 4, 11, 13, 14, 10] - 80, [1, 3, 6, 8, 10, 12, 5, 2, 4, 11, 14, 13, 15, 20] - 83, [1, 2, 3, 6, 8, 10, 13, 9, 16, 17, 19, 20] - 85, [1, 3, 6, 7, 8, 10, 12, 16, 17, 18, 13, 9] - 88, [1, 6, 8, 10, 14, 13, 9, 16, 12, 5, 2, 4, 11] - 89, [1, 6, 7, 9, 13, 14, 10, 12, 16, 17, 18, 19, 20] - 90, [1, 6, 8, 3, 5, 2, 4, 10, 13, 9, 12, 16, 17, 18, 19, 20] - 99]
melhor indivíduo da geração:[1, 2, 5, 10, 14, 15, 20] - 29
geração: 10: 
[[1, 2, 5, 10, 14, 15, 20] - 29, [1, 2, 5, 12, 13, 19, 20] - 30, [1, 3, 8, 9, 12, 13, 19, 20] - 30, [1, 2, 5, 12, 19, 20] - 32, [1, 3, 8, 10, 14, 15, 20] - 32, [1, 2, 4, 11, 13, 19, 20] - 34, [1, 3, 5, 10, 14, 13, 19, 20] - 35, [1, 3, 5, 10, 14, 13, 15, 20] - 35, [1, 6, 8, 10, 14, 15, 20] - 35, [1, 6, 8, 9, 13, 19, 20] - 36, [1, 3, 8, 9, 10, 13, 19, 20] - 38, [1, 3, 5, 8, 9, 12, 19, 20] - 38, [1, 3, 8, 9, 10, 13, 15, 20] - 38, [1, 6, 7, 9, 12, 13, 15, 20] - 38, [1, 6, 8, 10, 13, 19, 20] - 39, [1, 3, 5, 10, 12, 19, 20] - 40, [1, 3, 8, 9, 10, 14, 13, 19, 20] - 40, [1, 3, 8, 9, 16, 17, 19, 20] - 41, [1, 6, 7, 9, 13, 19, 20] - 41, [1, 6, 7, 9, 13, 15, 20] - 41, [1, 3, 6, 8, 9, 16, 12, 13, 19, 20] - 41, [1, 2, 5, 8, 10, 13, 15, 20] - 42, [1, 3, 5, 8, 10, 13, 19, 20] - 42, [1, 2, 5, 10, 13, 14, 15, 20] - 43, [1, 3, 5, 10, 13, 14, 15, 20] - 43, [1, 2, 3, 5, 8, 10, 14, 15, 20] - 43, [1, 3, 5, 12, 16, 10, 14, 15, 20] - 44, [1, 6, 8, 3, 5, 10, 14, 13, 19, 20] - 44, [1, 6, 8, 9, 13, 14, 15, 20] - 46, [1, 6, 8, 10, 12, 19, 20] - 46, [1, 3, 6, 8, 9, 12, 13, 14, 15, 20] - 46, [1, 2, 3, 8, 10, 12, 5] - 46, [1, 2, 5, 12, 16, 17, 19, 20] - 46, [1, 6, 7, 8, 3, 5, 10, 13, 19, 20] - 48, [1, 2, 5, 12, 16, 10, 13, 15, 20] - 48, [1, 6, 7, 9, 16, 17, 19, 20] - 49, [1, 6, 8, 10, 13, 14, 15, 20] - 49, [1, 2, 4, 5, 10, 12, 13, 19, 20] - 49, [1, 3, 6, 8, 10, 12, 19, 20] - 49, [1, 2, 3, 6, 8, 9, 10, 13, 19, 20] - 49, [1, 6, 8, 3, 5, 2, 4, 11, 14, 15, 20] - 49, [1, 6, 8, 9, 16, 10, 12, 13, 15, 20] - 51, [1, 3, 8, 9, 12, 16, 17, 18, 19, 20] - 52, [1, 6, 8, 9, 16, 17, 18, 13, 15, 20] - 53, [1, 6, 8, 10, 12, 5, 2, 3] - 53, [1, 6, 8, 3, 5, 2, 4, 11, 10, 14, 15, 20] - 53, [1, 6, 8, 3, 5, 12, 16, 10, 14, 15, 20] - 53, [1, 2, 4, 5, 8, 9, 10, 13, 19, 20] - 55, [1, 2, 3, 6, 7, 9, 12, 13, 14, 15, 20] - 56, [1, 2, 4, 10, 12, 16, 17, 19, 20] - 56, [1, 2, 5, 8, 10, 12, 13, 14, 15, 20] - 57, [1, 6, 7, 8, 9, 16, 10, 13, 14, 15, 20] - 62, [1, 3, 5, 10, 13, 9, 12, 19, 20] - 62, [1, 2, 5, 8, 10, 12, 16, 17, 19, 20] - 63, [1, 6, 8, 3, 5, 10, 12, 16, 17, 19, 20] - 63, [1, 6, 7, 9, 16, 17, 18, 12, 19, 20] - 64, [1, 2, 3, 5, 10, 12, 16, 17, 18, 13, 15, 20] - 68, [1, 6, 7, 9, 16, 17, 18, 13, 14, 15, 20] - 68, [1, 3, 6, 8, 10, 14, 13, 9, 12, 19, 20] - 73, [1, 6, 7, 8, 10, 14, 13, 9, 12, 19, 20] - 76, [1, 2, 4, 5, 10, 13, 9, 16, 12, 19, 20] - 78, [1, 3, 6, 7, 8, 9, 16, 12, 5, 10, 13, 14, 15, 20] - 80, [1, 6, 7, 9, 16, 12, 5, 2, 4, 11, 13, 14, 10] - 80, [1, 3, 6, 8, 10, 12, 5, 2, 4, 11, 14, 13, 15, 20] - 83, [1, 2, 3, 6, 8, 10, 13, 9, 16, 17, 19, 20] - 85, [1, 3, 6, 7, 8, 10, 12, 16, 17, 18, 13, 9] - 88, [1, 6, 8, 10, 14, 13, 9, 16, 12, 5, 2, 4, 11] - 89, [1, 6, 7, 9, 13, 14, 10, 12, 16, 17, 18, 19, 20] - 90, [1, 3, 5, 2, 4, 10, 13, 9, 12, 16, 17, 18, 19, 20] - 90, [1, 6, 8, 3, 5, 2, 4, 10, 13, 9, 12, 16, 17, 18, 19, 20] - 99, [1, 3, 6, 8, 10, 13, 9, 16, 12, 5, 2, 4, 11, 14, 15, 20] - 104]
melhor indivíduo da geração:[1, 2, 5, 10, 14, 15, 20] - 29
melhor valor é da geração 7!!!!
______________________________________________________________________________________________________________________________
