geração: 1: 
[[1, 2, 4, 11, 10, 12, 13, 15, 20] - 47, [1, 2, 3, 5, 8, 10, 12, 19, 20] - 54, [1, 6, 8, 3, 5, 10, 12, 16, 17, 18, 19, 20] - 69, [1, 2, 3, 6, 8, 9, 10, 12, 16, 17, 19, 20] - 70, [1, 3, 6, 8, 9, 13, 19, 20] - 39, [1, 6, 7, 8, 10, 12, 5, 2, 4, 11, 14, 15, 20] - 80, [1, 6, 8, 10, 14, 15, 20] - 35, [1, 2, 5, 10, 14, 13, 9, 12, 16, 17, 18, 19, 20] - 84, [1, 6, 7, 9, 10, 12, 5, 2, 3, 8] - 63, [1, 6, 7, 8, 3, 5, 2, 4, 10, 12, 13, 9, 16, 17, 18, 19, 20] - 105, [1, 6, 8, 9, 16, 12, 5, 10, 14, 15, 20] - 57, [1, 2, 3, 6, 7, 8, 10, 13, 19, 20] - 53, [1, 2, 5, 8, 10, 12, 19, 20] - 49, [1, 3, 6, 7, 9, 16, 12, 5, 10, 14, 13, 15, 20] - 71, [1, 6, 7, 8, 9, 16, 10, 13, 15, 20] - 52, [1, 3, 5, 12, 16, 10, 13, 19, 20] - 48, [1, 3, 6, 7, 8, 9, 12, 5, 2, 4, 10, 13, 15, 20] - 73, [1, 6, 8, 10, 12, 13, 14, 15, 20] - 54, [1, 3, 8, 9, 10, 14, 13, 19, 20] - 40, [1, 3, 5, 12, 19, 20] - 32]
melhor indivíduo da geração:[1, 3, 5, 12, 19, 20] - 32
geração: 2: 
[[1, 2, 4, 11, 10, 12, 13, 15, 20] - 47, [1, 2, 3, 5, 8, 10, 12, 19, 20] - 54, [1, 3, 6, 8, 9, 13, 19, 20] - 39, [1, 6, 8, 10, 14, 15, 20] - 35, [1, 2, 3, 6, 7, 8, 10, 13, 19, 20] - 53, [1, 2, 5, 8, 10, 12, 19, 20] - 49, [1, 6, 7, 8, 9, 16, 10, 13, 15, 20] - 52, [1, 3, 5, 12, 16, 10, 13, 19, 20] - 48, [1, 6, 8, 10, 12, 13, 14, 15, 20] - 54, [1, 3, 8, 9, 10, 14, 13, 19, 20] - 40, [1, 3, 5, 12, 19, 20] - 32, [1, 2, 4, 11, 14, 15, 20] - 34, [1, 3, 8, 10, 14, 13, 15, 20] - 38, [1, 3, 8, 10, 12, 13, 15, 20] - 41, [1, 3, 8, 9, 16, 17, 18, 19, 20] - 47, [1, 2, 5, 10, 14, 15, 20] - 29, [1, 6, 7, 9, 16, 17, 19, 20] - 49, [1, 3, 8, 9, 16, 12, 19, 20] - 37]
melhor indivíduo da geração:[1, 2, 5, 10, 14, 15, 20] - 29
geração: 3: 
[[1, 3, 6, 8, 9, 13, 19, 20] - 39, [1, 6, 8, 10, 14, 15, 20] - 35, [1, 3, 8, 9, 10, 14, 13, 19, 20] - 40, [1, 3, 5, 12, 19, 20] - 32, [1, 2, 4, 11, 14, 15, 20] - 34, [1, 3, 8, 10, 14, 13, 15, 20] - 38, [1, 3, 8, 10, 12, 13, 15, 20] - 41, [1, 2, 5, 10, 14, 15, 20] - 29, [1, 3, 8, 9, 16, 12, 19, 20] - 37, [1, 2, 4, 10, 14, 15, 20] - 31, [1, 3, 8, 10, 14, 15, 20] - 32]
melhor indivíduo da geração:[1, 2, 5, 10, 14, 15, 20] - 29
______________________________________________________________________________________________________________________________
