gera????o: 1: 
[[1, 2, 9, 13, 40, 44, 54, 61, 68, 70] - 4078, [1, 4, 11, 21, 31, 40, 41, 45, 56, 63, 70] - 4084, [1, 3, 13, 31, 33, 41, 44, 55, 57, 70] - 4256, [1, 2, 4, 11, 21, 31, 41, 44, 56, 63, 70] - 4264, [1, 2, 9, 21, 22, 23, 25, 26, 34, 46, 49, 55, 58, 62, 70] - 4345, [1, 4, 11, 21, 22, 25, 33, 46, 49, 58, 62, 70] - 4363, [1, 3, 5, 12, 13, 22, 33, 34, 35, 49, 55, 57, 70] - 4407, [1, 3, 12, 22, 33, 40, 41, 44, 55, 57, 70] - 4470, [1, 3, 5, 12, 22, 24, 28, 35, 49, 55, 58, 62, 70] - 4498, [1, 2, 3, 13, 14, 25, 33, 41, 46, 49, 58, 62, 70] - 4736, [1, 3, 5, 6, 8, 17, 26, 34, 41, 47, 56, 63, 70] - 4873, [1, 2, 3, 9, 21, 22, 25, 33, 40, 41, 44, 54, 61, 68, 70] - 5131, [1, 3, 12, 14, 17, 26, 33, 41, 47, 55, 56, 61, 63, 70] - 5182, [1, 2, 3, 9, 11, 20, 32, 40, 44, 53, 54, 61, 68, 70] - 5260, [1, 4, 11, 20, 30, 31, 40, 41, 46, 47, 49, 58, 62, 70] - 5417, [1, 4, 11, 20, 31, 33, 34, 35, 36, 48, 58, 62, 70] - 5419, [1, 4, 10, 11, 20, 39, 56, 61, 65, 67, 69, 70] - 5843, [1, 3, 23, 25, 33, 39, 50, 53, 54, 61, 65, 67, 69, 70] - 5954, [1, 3, 13, 21, 23, 33, 41, 46, 47, 55, 56, 60, 65, 68, 70] - 6272, [1, 3, 23, 25, 26, 33, 46, 47, 56, 60, 65, 66, 67, 69, 70] - 6964]
melhor indiv??duo da gera????o:[1, 2, 9, 13, 40, 44, 54, 61, 68, 70] - 4078
gera????o: 2: 
[[1, 2, 9, 13, 40, 44, 54, 61, 68, 70] - 4078, [1, 3, 12, 14, 25, 33, 47, 56, 57, 70] - 4243, [1, 2, 4, 11, 21, 31, 41, 44, 56, 63, 70] - 4264, [1, 4, 11, 21, 22, 25, 33, 46, 49, 58, 62, 70] - 4363, [1, 3, 5, 12, 13, 22, 33, 34, 35, 49, 55, 57, 70] - 4407, [1, 3, 5, 12, 22, 24, 28, 35, 49, 55, 58, 62, 70] - 4498, [1, 2, 3, 9, 11, 21, 31, 33, 41, 47, 49, 58, 62, 70] - 4514, [1, 2, 3, 13, 14, 25, 33, 41, 46, 49, 58, 62, 70] - 4736, [1, 3, 5, 12, 22, 24, 34, 41, 47, 55, 58, 62, 70] - 4902, [1, 3, 5, 6, 8, 15, 17, 24, 27, 28, 36, 48, 49, 58, 62, 70] - 5031, [1, 3, 12, 14, 17, 26, 33, 41, 47, 55, 56, 61, 63, 70] - 5182, [1, 4, 11, 20, 30, 31, 40, 41, 46, 47, 49, 58, 62, 70] - 5417, [1, 4, 10, 20, 30, 31, 32, 40, 41, 44, 53, 54, 56, 61, 68, 70] - 5633, [1, 4, 10, 11, 20, 39, 56, 61, 65, 67, 69, 70] - 5843, [1, 3, 13, 21, 23, 33, 41, 46, 47, 55, 56, 60, 65, 68, 70] - 6272, [1, 4, 10, 20, 39, 56, 60, 65, 66, 67, 69, 70] - 6396, [1, 3, 9, 21, 31, 32, 37, 42, 50, 53, 54, 56, 60, 65, 67, 68, 70] - 6848, [1, 4, 11, 20, 21, 31, 32, 37, 38, 43, 52, 60, 65, 67, 68, 70] - 7042]
melhor indiv??duo da gera????o:[1, 2, 9, 13, 40, 44, 54, 61, 68, 70] - 4078
gera????o: 3: 
[[1, 2, 9, 13, 40, 44, 54, 61, 68, 70] - 4078, [1, 3, 13, 31, 40, 41, 47, 49, 58, 62, 70] - 4250, [1, 4, 11, 21, 22, 25, 33, 46, 49, 58, 62, 70] - 4363, [1, 3, 5, 12, 22, 24, 28, 35, 49, 55, 58, 62, 70] - 4498, [1, 3, 12, 14, 17, 24, 36, 48, 49, 58, 62, 70] - 4587, [1, 3, 5, 6, 17, 18, 24, 36, 49, 55, 57, 70] - 4814, [1, 3, 5, 12, 22, 24, 34, 41, 47, 55, 58, 62, 70] - 4902, [1, 2, 9, 11, 20, 39, 53, 61, 65, 68, 70] - 4972, [1, 3, 12, 14, 17, 26, 33, 41, 47, 55, 56, 61, 63, 70] - 5182, [1, 4, 10, 20, 37, 42, 43, 51, 59, 66, 67, 69, 70] - 5414, [1, 4, 10, 20, 30, 31, 32, 40, 41, 44, 53, 54, 56, 61, 68, 70] - 5633, [1, 4, 10, 11, 20, 39, 56, 61, 65, 67, 69, 70] - 5843, [1, 4, 10, 20, 30, 32, 37, 39, 42, 43, 51, 59, 66, 67, 69, 70] - 6242, [1, 4, 10, 20, 39, 56, 60, 65, 66, 67, 69, 70] - 6396, [1, 3, 13, 14, 26, 31, 32, 39, 42, 50, 53, 61, 65, 67, 68, 70] - 7019, [1, 3, 5, 12, 22, 24, 36, 49, 55, 56, 60, 65, 66, 67, 69, 70] - 7363]
melhor indiv??duo da gera????o:[1, 2, 9, 13, 40, 44, 54, 61, 68, 70] - 4078
gera????o: 4: 
[[1, 2, 9, 13, 22, 23, 33, 41, 44, 45, 57, 70] - 4034, [1, 4, 10, 20, 31, 41, 45, 57, 70] - 4179, [1, 2, 3, 23, 31, 40, 41, 44, 45, 57, 70] - 4340, [1, 4, 10, 20, 39, 53, 54, 56, 61, 63, 70] - 4414, [1, 3, 12, 14, 17, 24, 36, 48, 49, 58, 62, 70] - 4587, [1, 4, 11, 21, 23, 33, 40, 44, 50, 53, 61, 63, 70] - 4723, [1, 3, 5, 12, 22, 24, 34, 41, 47, 55, 58, 62, 70] - 4902, [1, 4, 10, 20, 31, 33, 40, 41, 47, 49, 58, 62, 70] - 5037, [1, 3, 12, 14, 17, 26, 33, 41, 47, 55, 56, 61, 63, 70] - 5182, [1, 4, 11, 20, 30, 32, 39, 42, 52, 53, 61, 68, 70] - 5574, [1, 4, 10, 11, 20, 39, 56, 61, 65, 67, 69, 70] - 5843, [1, 4, 11, 20, 39, 56, 61, 65, 66, 67, 69, 70] - 6201, [1, 4, 10, 20, 39, 56, 60, 65, 66, 67, 69, 70] - 6396, [1, 3, 5, 12, 22, 24, 36, 49, 55, 56, 60, 65, 66, 67, 69, 70] - 7363]
melhor indiv??duo da gera????o:[1, 2, 9, 13, 22, 23, 33, 41, 44, 45, 57, 70] - 4034
gera????o: 5: 
[[1, 2, 9, 13, 22, 23, 33, 41, 44, 45, 57, 70] - 4034, [1, 2, 3, 23, 31, 40, 41, 44, 45, 57, 70] - 4340, [1, 4, 10, 20, 39, 53, 54, 56, 61, 63, 70] - 4414, [1, 2, 9, 21, 23, 31, 40, 41, 46, 49, 58, 62, 70] - 4542, [1, 4, 11, 21, 23, 33, 40, 44, 50, 53, 61, 63, 70] - 4723, [1, 3, 9, 11, 21, 22, 24, 28, 36, 49, 58, 62, 70] - 4786, [1, 3, 5, 12, 22, 24, 34, 41, 47, 55, 58, 62, 70] - 4902, [1, 2, 3, 9, 13, 14, 22, 33, 47, 49, 55, 56, 57, 70] - 5140, [1, 3, 12, 14, 17, 26, 33, 41, 47, 55, 56, 61, 63, 70] - 5182, [1, 4, 11, 20, 30, 32, 39, 42, 52, 53, 61, 68, 70] - 5574, [1, 4, 10, 11, 20, 39, 56, 61, 65, 67, 69, 70] - 5843, [1, 4, 10, 20, 39, 56, 60, 65, 66, 67, 69, 70] - 6396]
melhor indiv??duo da gera????o:[1, 2, 9, 13, 22, 23, 33, 41, 44, 45, 57, 70] - 4034
______________________________________________________________________________________________________________________________
