gera????o: 1: 
[[1, 2, 9, 21, 22, 25, 26, 33, 46, 49, 55, 56, 61, 65, 66, 67, 68, 70] - 6864, [1, 4, 10, 20, 21, 22, 25, 26, 28, 34, 41, 47, 56, 63, 70] - 5659, [1, 2, 9, 13, 23, 25, 26, 31, 41, 44, 50, 53, 54, 61, 68, 70] - 5552, [1, 3, 9, 11, 21, 22, 33, 34, 35, 36, 49, 58, 62, 70] - 4825, [1, 4, 11, 21, 23, 33, 47, 49, 58, 62, 70] - 4047, [1, 2, 4, 11, 21, 23, 25, 33, 47, 56, 57, 70] - 4631, [1, 4, 10, 11, 20, 37, 42, 52, 59, 64, 65, 67, 69, 70] - 6200, [1, 2, 3, 13, 40, 41, 44, 53, 54, 56, 63, 70] - 4658, [1, 2, 9, 11, 21, 22, 24, 28, 34, 41, 46, 49, 58, 62, 70] - 5284, [1, 3, 23, 25, 33, 41, 46, 49, 55, 58, 62, 70] - 4599, [1, 2, 4, 10, 20, 39, 44, 54, 61, 63, 70] - 4306, [1, 2, 4, 10, 20, 21, 23, 25, 33, 40, 44, 56, 57, 70] - 5095, [1, 4, 10, 20, 30, 32, 39, 44, 45, 56, 61, 65, 68, 70] - 5402, [1, 3, 9, 11, 20, 31, 32, 40, 44, 55, 58, 62, 70] - 4837, [1, 2, 4, 11, 20, 32, 37, 42, 43, 52, 60, 65, 66, 67, 69, 70] - 6828, [1, 4, 11, 21, 31, 33, 46, 47, 55, 58, 62, 70] - 4400, [1, 4, 11, 21, 22, 23, 31, 32, 40, 44, 56, 57, 70] - 4629, [1, 4, 11, 21, 22, 33, 39, 53, 60, 61, 68, 70] - 5763, [1, 3, 5, 12, 13, 21, 22, 24, 28, 34, 46, 49, 58, 62, 70] - 4636, [1, 4, 10, 11, 20, 30, 32, 40, 44, 55, 56, 57, 70] - 5252]
melhor indiv??duo da gera????o:[1, 4, 11, 21, 23, 33, 47, 49, 58, 62, 70] - 4047
gera????o: 2: 
[[1, 4, 10, 20, 21, 22, 25, 26, 28, 34, 41, 47, 56, 63, 70] - 5659, [1, 3, 9, 11, 21, 22, 33, 34, 35, 36, 49, 58, 62, 70] - 4825, [1, 4, 11, 21, 23, 33, 47, 49, 58, 62, 70] - 4047, [1, 2, 4, 11, 21, 23, 25, 33, 47, 56, 57, 70] - 4631, [1, 2, 3, 13, 40, 41, 44, 53, 54, 56, 63, 70] - 4658, [1, 3, 23, 25, 33, 41, 46, 49, 55, 58, 62, 70] - 4599, [1, 2, 4, 10, 20, 39, 44, 54, 61, 63, 70] - 4306, [1, 4, 10, 20, 30, 32, 39, 44, 45, 56, 61, 65, 68, 70] - 5402, [1, 2, 4, 11, 20, 32, 37, 42, 43, 52, 60, 65, 66, 67, 69, 70] - 6828, [1, 4, 11, 21, 31, 33, 46, 47, 55, 58, 62, 70] - 4400, [1, 4, 11, 21, 22, 23, 31, 32, 40, 44, 56, 57, 70] - 4629, [1, 3, 5, 12, 13, 21, 22, 24, 28, 34, 46, 49, 58, 62, 70] - 4636, [1, 3, 9, 13, 31, 32, 39, 53, 54, 61, 63, 70] - 4261, [1, 3, 9, 21, 31, 40, 44, 45, 47, 55, 58, 62, 70] - 4222, [1, 2, 9, 21, 23, 33, 34, 41, 47, 55, 58, 62, 70] - 4585, [1, 2, 4, 10, 11, 20, 39, 56, 61, 65, 68, 70] - 5286, [1, 3, 13, 22, 24, 28, 36, 48, 49, 55, 56, 57, 70] - 5479, [1, 3, 13, 14, 26, 34, 35, 49, 55, 57, 70] - 4305, [1, 3, 23, 25, 33, 34, 46, 47, 49, 58, 62, 70] - 4385, [1, 2, 4, 10, 20, 29, 38, 43, 51, 59, 66, 67, 68, 70] - 5827, [1, 3, 12, 22, 24, 34, 41, 44, 50, 53, 60, 65, 67, 69, 70] - 6560, [1, 2, 3, 9, 13, 40, 41, 46, 47, 49, 58, 62, 70] - 4864]
melhor indiv??duo da gera????o:[1, 4, 11, 21, 23, 33, 47, 49, 58, 62, 70] - 4047
gera????o: 3: 
[[1, 3, 9, 11, 21, 22, 33, 34, 35, 36, 49, 58, 62, 70] - 4825, [1, 4, 11, 21, 23, 33, 47, 49, 58, 62, 70] - 4047, [1, 2, 4, 11, 21, 23, 25, 33, 47, 56, 57, 70] - 4631, [1, 3, 23, 25, 33, 41, 46, 49, 55, 58, 62, 70] - 4599, [1, 2, 4, 10, 20, 39, 44, 54, 61, 63, 70] - 4306, [1, 2, 4, 11, 20, 32, 37, 42, 43, 52, 60, 65, 66, 67, 69, 70] - 6828, [1, 4, 11, 21, 31, 33, 46, 47, 55, 58, 62, 70] - 4400, [1, 4, 11, 21, 22, 23, 31, 32, 40, 44, 56, 57, 70] - 4629, [1, 3, 9, 13, 31, 32, 39, 53, 54, 61, 63, 70] - 4261, [1, 3, 9, 21, 31, 40, 44, 45, 47, 55, 58, 62, 70] - 4222, [1, 2, 9, 21, 23, 33, 34, 41, 47, 55, 58, 62, 70] - 4585, [1, 3, 13, 22, 24, 28, 36, 48, 49, 55, 56, 57, 70] - 5479, [1, 3, 13, 14, 26, 34, 35, 49, 55, 57, 70] - 4305, [1, 3, 23, 25, 33, 34, 46, 47, 49, 58, 62, 70] - 4385, [1, 3, 12, 22, 24, 34, 41, 44, 50, 53, 60, 65, 67, 69, 70] - 6560, [1, 3, 5, 12, 14, 26, 34, 46, 47, 49, 58, 62, 70] - 4115, [1, 4, 10, 20, 32, 39, 53, 54, 56, 61, 63, 70] - 4553, [1, 3, 5, 6, 17, 26, 33, 47, 55, 56, 60, 64, 65, 67, 69, 70] - 6549, [1, 2, 9, 21, 23, 33, 46, 47, 55, 56, 63, 70] - 4387]
melhor indiv??duo da gera????o:[1, 4, 11, 21, 23, 33, 47, 49, 58, 62, 70] - 4047
gera????o: 4: 
[[1, 4, 11, 21, 23, 33, 47, 49, 58, 62, 70] - 4047, [1, 3, 23, 25, 33, 41, 46, 49, 55, 58, 62, 70] - 4599, [1, 2, 4, 10, 20, 39, 44, 54, 61, 63, 70] - 4306, [1, 4, 11, 21, 31, 33, 46, 47, 55, 58, 62, 70] - 4400, [1, 3, 9, 13, 31, 32, 39, 53, 54, 61, 63, 70] - 4261, [1, 3, 9, 21, 31, 40, 44, 45, 47, 55, 58, 62, 70] - 4222, [1, 3, 13, 22, 24, 28, 36, 48, 49, 55, 56, 57, 70] - 5479, [1, 3, 13, 14, 26, 34, 35, 49, 55, 57, 70] - 4305, [1, 3, 23, 25, 33, 34, 46, 47, 49, 58, 62, 70] - 4385, [1, 3, 5, 12, 14, 26, 34, 46, 47, 49, 58, 62, 70] - 4115, [1, 3, 5, 6, 17, 26, 33, 47, 55, 56, 60, 64, 65, 67, 69, 70] - 6549, [1, 2, 9, 21, 23, 33, 46, 47, 55, 56, 63, 70] - 4387, [1, 4, 11, 21, 22, 25, 33, 46, 49, 55, 57, 70] - 4447, [1, 2, 4, 11, 21, 22, 25, 33, 47, 56, 63, 70] - 4380, [1, 2, 4, 10, 11, 21, 23, 33, 47, 56, 57, 70] - 4391, [1, 3, 5, 12, 14, 26, 34, 46, 49, 58, 62, 70] - 3855, [1, 4, 11, 21, 22, 24, 34, 41, 47, 56, 63, 70] - 5533, [1, 3, 13, 23, 31, 33, 40, 44, 55, 57, 70] - 4504, [1, 2, 3, 23, 25, 26, 33, 47, 49, 55, 57, 70] - 4355, [1, 2, 4, 10, 20, 21, 23, 25, 26, 31, 33, 47, 56, 60, 64, 66, 67, 68, 70] - 7586, [1, 4, 10, 11, 21, 23, 25, 33, 47, 56, 57, 70] - 4476]
melhor indiv??duo da gera????o:[1, 3, 5, 12, 14, 26, 34, 46, 49, 58, 62, 70] - 3855
gera????o: 5: 
[[1, 4, 11, 21, 23, 33, 47, 49, 58, 62, 70] - 4047, [1, 2, 4, 10, 20, 39, 44, 54, 61, 63, 70] - 4306, [1, 4, 11, 21, 31, 33, 46, 47, 55, 58, 62, 70] - 4400, [1, 3, 9, 13, 31, 32, 39, 53, 54, 61, 63, 70] - 4261, [1, 3, 9, 21, 31, 40, 44, 45, 47, 55, 58, 62, 70] - 4222, [1, 3, 13, 14, 26, 34, 35, 49, 55, 57, 70] - 4305, [1, 3, 23, 25, 33, 34, 46, 47, 49, 58, 62, 70] - 4385, [1, 3, 5, 12, 14, 26, 34, 46, 47, 49, 58, 62, 70] - 4115, [1, 2, 9, 21, 23, 33, 46, 47, 55, 56, 63, 70] - 4387, [1, 2, 4, 11, 21, 22, 25, 33, 47, 56, 63, 70] - 4380, [1, 2, 4, 10, 11, 21, 23, 33, 47, 56, 57, 70] - 4391, [1, 3, 5, 12, 14, 26, 34, 46, 49, 58, 62, 70] - 3855, [1, 3, 13, 23, 31, 33, 40, 44, 55, 57, 70] - 4504, [1, 2, 3, 23, 25, 26, 33, 47, 49, 55, 57, 70] - 4355, [1, 4, 10, 11, 21, 23, 25, 33, 47, 56, 57, 70] - 4476, [1, 3, 5, 6, 22, 25, 33, 40, 44, 50, 53, 60, 61, 68, 70] - 5311, [1, 3, 9, 13, 23, 33, 34, 35, 46, 49, 58, 62, 70] - 4522, [1, 3, 23, 31, 41, 44, 53, 61, 63, 70] - 4614]
melhor indiv??duo da gera????o:[1, 3, 5, 12, 14, 26, 34, 46, 49, 58, 62, 70] - 3855
gera????o: 6: 
[[1, 4, 11, 21, 23, 33, 47, 49, 58, 62, 70] - 4047, [1, 2, 4, 10, 20, 39, 44, 54, 61, 63, 70] - 4306, [1, 3, 9, 13, 31, 32, 39, 53, 54, 61, 63, 70] - 4261, [1, 3, 9, 21, 31, 40, 44, 45, 47, 55, 58, 62, 70] - 4222, [1, 3, 13, 14, 26, 34, 35, 49, 55, 57, 70] - 4305, [1, 3, 23, 25, 33, 34, 46, 47, 49, 58, 62, 70] - 4385, [1, 3, 5, 12, 14, 26, 34, 46, 47, 49, 58, 62, 70] - 4115, [1, 2, 9, 21, 23, 33, 46, 47, 55, 56, 63, 70] - 4387, [1, 2, 4, 11, 21, 22, 25, 33, 47, 56, 63, 70] - 4380, [1, 3, 5, 12, 14, 26, 34, 46, 49, 58, 62, 70] - 3855, [1, 2, 3, 23, 25, 26, 33, 47, 49, 55, 57, 70] - 4355, [1, 3, 5, 6, 22, 25, 33, 40, 44, 50, 53, 60, 61, 68, 70] - 5311, [1, 3, 23, 31, 41, 44, 53, 61, 63, 70] - 4614, [1, 2, 4, 11, 20, 29, 38, 43, 52, 53, 60, 61, 63, 70] - 5780, [1, 2, 3, 23, 31, 32, 39, 42, 50, 53, 54, 56, 57, 70] - 5082, [1, 2, 3, 13, 40, 44, 55, 58, 62, 70] - 4218, [1, 3, 13, 23, 33, 47, 49, 58, 62, 70] - 3810, [1, 4, 10, 11, 20, 32, 37, 39, 40, 44, 56, 57, 70] - 5023, [1, 3, 5, 12, 14, 26, 33, 47, 49, 58, 62, 70] - 4082, [1, 2, 4, 10, 20, 32, 39, 56, 60, 61, 63, 70] - 5487, [1, 4, 11, 21, 31, 33, 46, 49, 58, 62, 70] - 4286]
melhor indiv??duo da gera????o:[1, 3, 13, 23, 33, 47, 49, 58, 62, 70] - 3810
gera????o: 7: 
[[1, 4, 11, 21, 23, 33, 47, 49, 58, 62, 70] - 4047, [1, 2, 4, 10, 20, 39, 44, 54, 61, 63, 70] - 4306, [1, 3, 9, 13, 31, 32, 39, 53, 54, 61, 63, 70] - 4261, [1, 3, 9, 21, 31, 40, 44, 45, 47, 55, 58, 62, 70] - 4222, [1, 3, 13, 14, 26, 34, 35, 49, 55, 57, 70] - 4305, [1, 3, 5, 12, 14, 26, 34, 46, 47, 49, 58, 62, 70] - 4115, [1, 2, 4, 11, 21, 22, 25, 33, 47, 56, 63, 70] - 4380, [1, 3, 5, 12, 14, 26, 34, 46, 49, 58, 62, 70] - 3855, [1, 2, 3, 23, 25, 26, 33, 47, 49, 55, 57, 70] - 4355, [1, 3, 23, 31, 41, 44, 53, 61, 63, 70] - 4614, [1, 2, 3, 23, 31, 32, 39, 42, 50, 53, 54, 56, 57, 70] - 5082, [1, 2, 3, 13, 40, 44, 55, 58, 62, 70] - 4218, [1, 3, 13, 23, 33, 47, 49, 58, 62, 70] - 3810, [1, 3, 5, 12, 14, 26, 33, 47, 49, 58, 62, 70] - 4082, [1, 4, 11, 21, 31, 33, 46, 49, 58, 62, 70] - 4286, [1, 4, 10, 20, 21, 22, 33, 46, 49, 55, 56, 57, 70] - 5494, [1, 4, 10, 11, 20, 37, 38, 43, 52, 60, 64, 67, 69, 70] - 5670, [1, 2, 4, 10, 11, 21, 23, 33, 49, 55, 56, 61, 63, 70] - 4541]
melhor indiv??duo da gera????o:[1, 3, 13, 23, 33, 47, 49, 58, 62, 70] - 3810
gera????o: 8: 
[[1, 4, 11, 21, 23, 33, 47, 49, 58, 62, 70] - 4047, [1, 2, 4, 10, 20, 39, 44, 54, 61, 63, 70] - 4306, [1, 3, 9, 13, 31, 32, 39, 53, 54, 61, 63, 70] - 4261, [1, 3, 9, 21, 31, 40, 44, 45, 47, 55, 58, 62, 70] - 4222, [1, 3, 13, 14, 26, 34, 35, 49, 55, 57, 70] - 4305, [1, 3, 5, 12, 14, 26, 34, 46, 47, 49, 58, 62, 70] - 4115, [1, 3, 5, 12, 14, 26, 34, 46, 49, 58, 62, 70] - 3855, [1, 3, 23, 31, 41, 44, 53, 61, 63, 70] - 4614, [1, 2, 3, 13, 40, 44, 55, 58, 62, 70] - 4218, [1, 3, 13, 23, 33, 47, 49, 58, 62, 70] - 3810, [1, 3, 5, 12, 14, 26, 33, 47, 49, 58, 62, 70] - 4082, [1, 4, 11, 21, 31, 33, 46, 49, 58, 62, 70] - 4286, [1, 4, 10, 11, 20, 37, 38, 43, 52, 60, 64, 67, 69, 70] - 5670, [1, 3, 5, 12, 13, 23, 25, 33, 46, 49, 58, 62, 70] - 4168, [1, 4, 11, 21, 22, 25, 33, 39, 53, 54, 61, 68, 70] - 5316, [1, 2, 9, 11, 20, 32, 37, 39, 42, 51, 59, 66, 67, 68, 70] - 6429, [1, 4, 10, 20, 31, 41, 45, 57, 70] - 4179, [1, 3, 23, 25, 26, 28, 35, 46, 47, 56, 63, 70] - 4701, [1, 4, 11, 21, 23, 25, 26, 31, 41, 44, 55, 58, 62, 70] - 5423, [1, 2, 4, 10, 11, 21, 31, 33, 49, 58, 62, 70] - 3858, [1, 3, 5, 12, 22, 25, 26, 28, 34, 41, 44, 50, 53, 54, 61, 68, 70] - 5369]
melhor indiv??duo da gera????o:[1, 3, 13, 23, 33, 47, 49, 58, 62, 70] - 3810
gera????o: 9: 
[[1, 4, 11, 21, 23, 33, 47, 49, 58, 62, 70] - 4047, [1, 2, 4, 10, 20, 39, 44, 54, 61, 63, 70] - 4306, [1, 3, 9, 13, 31, 32, 39, 53, 54, 61, 63, 70] - 4261, [1, 3, 9, 21, 31, 40, 44, 45, 47, 55, 58, 62, 70] - 4222, [1, 3, 13, 14, 26, 34, 35, 49, 55, 57, 70] - 4305, [1, 3, 5, 12, 14, 26, 34, 46, 47, 49, 58, 62, 70] - 4115, [1, 3, 5, 12, 14, 26, 34, 46, 49, 58, 62, 70] - 3855, [1, 2, 3, 13, 40, 44, 55, 58, 62, 70] - 4218, [1, 3, 13, 23, 33, 47, 49, 58, 62, 70] - 3810, [1, 3, 5, 12, 14, 26, 33, 47, 49, 58, 62, 70] - 4082, [1, 4, 11, 21, 31, 33, 46, 49, 58, 62, 70] - 4286, [1, 3, 5, 12, 13, 23, 25, 33, 46, 49, 58, 62, 70] - 4168, [1, 2, 9, 11, 20, 32, 37, 39, 42, 51, 59, 66, 67, 68, 70] - 6429, [1, 4, 10, 20, 31, 41, 45, 57, 70] - 4179, [1, 4, 11, 21, 23, 25, 26, 31, 41, 44, 55, 58, 62, 70] - 5423, [1, 2, 4, 10, 11, 21, 31, 33, 49, 58, 62, 70] - 3858, [1, 2, 4, 11, 21, 22, 33, 34, 46, 49, 55, 57, 70] - 4582, [1, 2, 3, 13, 23, 25, 26, 31, 32, 37, 39, 44, 53, 61, 63, 70] - 5884, [1, 3, 5, 12, 13, 31, 41, 44, 53, 60, 64, 66, 67, 68, 70] - 5875, [1, 3, 23, 31, 33, 41, 44, 50, 53, 54, 56, 63, 70] - 4556]
melhor indiv??duo da gera????o:[1, 3, 13, 23, 33, 47, 49, 58, 62, 70] - 3810
gera????o: 10: 
[[1, 4, 11, 21, 23, 33, 47, 49, 58, 62, 70] - 4047, [1, 2, 4, 10, 20, 39, 44, 54, 61, 63, 70] - 4306, [1, 3, 9, 13, 31, 32, 39, 53, 54, 61, 63, 70] - 4261, [1, 3, 9, 21, 31, 40, 44, 45, 47, 55, 58, 62, 70] - 4222, [1, 3, 13, 14, 26, 34, 35, 49, 55, 57, 70] - 4305, [1, 3, 5, 12, 14, 26, 34, 46, 47, 49, 58, 62, 70] - 4115, [1, 3, 5, 12, 14, 26, 34, 46, 49, 58, 62, 70] - 3855, [1, 2, 3, 13, 40, 44, 55, 58, 62, 70] - 4218, [1, 3, 13, 23, 33, 47, 49, 58, 62, 70] - 3810, [1, 3, 5, 12, 14, 26, 33, 47, 49, 58, 62, 70] - 4082, [1, 4, 11, 21, 31, 33, 46, 49, 58, 62, 70] - 4286, [1, 3, 5, 12, 13, 23, 25, 33, 46, 49, 58, 62, 70] - 4168, [1, 4, 10, 20, 31, 41, 45, 57, 70] - 4179, [1, 2, 4, 10, 11, 21, 31, 33, 49, 58, 62, 70] - 3858, [1, 2, 3, 13, 23, 25, 26, 31, 32, 37, 39, 44, 53, 61, 63, 70] - 5884, [1, 3, 23, 31, 33, 41, 44, 50, 53, 54, 56, 63, 70] - 4556, [1, 3, 5, 6, 14, 26, 33, 39, 42, 43, 51, 59, 60, 64, 66, 67, 68, 70] - 6587, [1, 3, 12, 14, 25, 33, 40, 44, 55, 57, 70] - 4311, [1, 2, 9, 21, 23, 33, 41, 44, 56, 63, 70] - 3911, [1, 2, 4, 11, 20, 30, 31, 41, 47, 55, 57, 70] - 4768, [1, 4, 11, 21, 22, 25, 33, 34, 41, 45, 56, 63, 70] - 4775, [1, 2, 4, 11, 21, 23, 31, 32, 40, 41, 47, 49, 55, 56, 60, 65, 66, 67, 69, 70] - 7680, [1, 3, 13, 40, 41, 44, 53, 61, 68, 70] - 4905, [1, 2, 4, 11, 20, 32, 37, 42, 52, 59, 64, 65, 66, 67, 68, 70] - 7249]
melhor indiv??duo da gera????o:[1, 3, 13, 23, 33, 47, 49, 58, 62, 70] - 3810
gera????o: 11: 
[[1, 4, 11, 21, 23, 33, 47, 49, 58, 62, 70] - 4047, [1, 2, 4, 10, 20, 39, 44, 54, 61, 63, 70] - 4306, [1, 3, 9, 13, 31, 32, 39, 53, 54, 61, 63, 70] - 4261, [1, 3, 9, 21, 31, 40, 44, 45, 47, 55, 58, 62, 70] - 4222, [1, 3, 13, 14, 26, 34, 35, 49, 55, 57, 70] - 4305, [1, 3, 5, 12, 14, 26, 34, 46, 47, 49, 58, 62, 70] - 4115, [1, 3, 5, 12, 14, 26, 34, 46, 49, 58, 62, 70] - 3855, [1, 2, 3, 13, 40, 44, 55, 58, 62, 70] - 4218, [1, 3, 13, 23, 33, 47, 49, 58, 62, 70] - 3810, [1, 3, 5, 12, 14, 26, 33, 47, 49, 58, 62, 70] - 4082, [1, 4, 11, 21, 31, 33, 46, 49, 58, 62, 70] - 4286, [1, 3, 5, 12, 13, 23, 25, 33, 46, 49, 58, 62, 70] - 4168, [1, 4, 10, 20, 31, 41, 45, 57, 70] - 4179, [1, 2, 4, 10, 11, 21, 31, 33, 49, 58, 62, 70] - 3858, [1, 3, 23, 31, 33, 41, 44, 50, 53, 54, 56, 63, 70] - 4556, [1, 3, 12, 14, 25, 33, 40, 44, 55, 57, 70] - 4311, [1, 2, 9, 21, 23, 33, 41, 44, 56, 63, 70] - 3911, [1, 4, 11, 21, 22, 25, 33, 34, 41, 45, 56, 63, 70] - 4775, [1, 3, 13, 40, 41, 44, 53, 61, 68, 70] - 4905, [1, 3, 5, 12, 14, 22, 24, 26, 28, 35, 49, 55, 58, 62, 70] - 5008, [1, 3, 5, 6, 8, 17, 18, 19, 27, 28, 34, 46, 47, 49, 58, 62, 70] - 4918, [1, 3, 23, 33, 46, 47, 49, 58, 62, 70] - 4144, [1, 4, 11, 20, 37, 42, 51, 59, 66, 67, 69, 70] - 5732]
melhor indiv??duo da gera????o:[1, 3, 13, 23, 33, 47, 49, 58, 62, 70] - 3810
gera????o: 12: 
[[1, 4, 11, 21, 23, 33, 47, 49, 58, 62, 70] - 4047, [1, 3, 9, 13, 31, 32, 39, 53, 54, 61, 63, 70] - 4261, [1, 3, 9, 21, 31, 40, 44, 45, 47, 55, 58, 62, 70] - 4222, [1, 3, 5, 12, 14, 26, 34, 46, 47, 49, 58, 62, 70] - 4115, [1, 3, 5, 12, 14, 26, 34, 46, 49, 58, 62, 70] - 3855, [1, 2, 3, 13, 40, 44, 55, 58, 62, 70] - 4218, [1, 3, 13, 23, 33, 47, 49, 58, 62, 70] - 3810, [1, 3, 5, 12, 14, 26, 33, 47, 49, 58, 62, 70] - 4082, [1, 3, 5, 12, 13, 23, 25, 33, 46, 49, 58, 62, 70] - 4168, [1, 4, 10, 20, 31, 41, 45, 57, 70] - 4179, [1, 2, 4, 10, 11, 21, 31, 33, 49, 58, 62, 70] - 3858, [1, 3, 12, 14, 25, 33, 40, 44, 55, 57, 70] - 4311, [1, 2, 9, 21, 23, 33, 41, 44, 56, 63, 70] - 3911, [1, 3, 13, 40, 41, 44, 53, 61, 68, 70] - 4905, [1, 3, 5, 6, 8, 17, 18, 19, 27, 28, 34, 46, 47, 49, 58, 62, 70] - 4918, [1, 3, 23, 33, 46, 47, 49, 58, 62, 70] - 4144, [1, 4, 11, 20, 31, 40, 44, 54, 56, 60, 64, 67, 68, 70] - 6424, [1, 3, 23, 31, 40, 41, 47, 55, 58, 62, 70] - 4181, [1, 4, 10, 11, 21, 31, 40, 41, 47, 49, 55, 57, 70] - 4454, [1, 2, 3, 9, 21, 31, 33, 46, 49, 55, 56, 60, 64, 66, 67, 69, 70] - 6708, [1, 2, 3, 5, 12, 13, 22, 23, 31, 33, 49, 55, 57, 70] - 4143]
melhor indiv??duo da gera????o:[1, 3, 13, 23, 33, 47, 49, 58, 62, 70] - 3810
gera????o: 13: 
[[1, 4, 11, 21, 23, 33, 47, 49, 58, 62, 70] - 4047, [1, 3, 9, 21, 31, 40, 44, 45, 47, 55, 58, 62, 70] - 4222, [1, 3, 5, 12, 14, 26, 34, 46, 47, 49, 58, 62, 70] - 4115, [1, 3, 5, 12, 14, 26, 34, 46, 49, 58, 62, 70] - 3855, [1, 2, 3, 13, 40, 44, 55, 58, 62, 70] - 4218, [1, 3, 13, 23, 33, 47, 49, 58, 62, 70] - 3810, [1, 3, 5, 12, 14, 26, 33, 47, 49, 58, 62, 70] - 4082, [1, 3, 5, 12, 13, 23, 25, 33, 46, 49, 58, 62, 70] - 4168, [1, 4, 10, 20, 31, 41, 45, 57, 70] - 4179, [1, 2, 4, 10, 11, 21, 31, 33, 49, 58, 62, 70] - 3858, [1, 2, 9, 21, 23, 33, 41, 44, 56, 63, 70] - 3911, [1, 3, 5, 6, 8, 17, 18, 19, 27, 28, 34, 46, 47, 49, 58, 62, 70] - 4918, [1, 3, 23, 33, 46, 47, 49, 58, 62, 70] - 4144, [1, 3, 23, 31, 40, 41, 47, 55, 58, 62, 70] - 4181, [1, 2, 3, 9, 21, 31, 33, 46, 49, 55, 56, 60, 64, 66, 67, 69, 70] - 6708, [1, 2, 3, 5, 12, 13, 22, 23, 31, 33, 49, 55, 57, 70] - 4143, [1, 2, 9, 21, 22, 24, 27, 28, 36, 49, 55, 56, 63, 70] - 5666, [1, 4, 10, 11, 21, 22, 25, 26, 31, 41, 45, 57, 70] - 4766, [1, 2, 3, 9, 13, 40, 41, 44, 55, 56, 61, 68, 70] - 5456]
melhor indiv??duo da gera????o:[1, 3, 13, 23, 33, 47, 49, 58, 62, 70] - 3810
gera????o: 14: 
[[1, 4, 11, 21, 23, 33, 47, 49, 58, 62, 70] - 4047, [1, 3, 9, 21, 31, 40, 44, 45, 47, 55, 58, 62, 70] - 4222, [1, 3, 5, 12, 14, 26, 34, 46, 47, 49, 58, 62, 70] - 4115, [1, 3, 5, 12, 14, 26, 34, 46, 49, 58, 62, 70] - 3855, [1, 2, 3, 13, 40, 44, 55, 58, 62, 70] - 4218, [1, 3, 13, 23, 33, 47, 49, 58, 62, 70] - 3810, [1, 3, 5, 12, 14, 26, 33, 47, 49, 58, 62, 70] - 4082, [1, 3, 5, 12, 13, 23, 25, 33, 46, 49, 58, 62, 70] - 4168, [1, 4, 10, 20, 31, 41, 45, 57, 70] - 4179, [1, 2, 4, 10, 11, 21, 31, 33, 49, 58, 62, 70] - 3858, [1, 2, 9, 21, 23, 33, 41, 44, 56, 63, 70] - 3911, [1, 3, 23, 33, 46, 47, 49, 58, 62, 70] - 4144, [1, 3, 23, 31, 40, 41, 47, 55, 58, 62, 70] - 4181, [1, 2, 3, 5, 12, 13, 22, 23, 31, 33, 49, 55, 57, 70] - 4143, [1, 4, 10, 11, 21, 22, 25, 26, 31, 41, 45, 57, 70] - 4766, [1, 3, 5, 6, 14, 24, 26, 34, 35, 46, 49, 55, 57, 70] - 4783, [1, 3, 23, 33, 41, 45, 47, 56, 61, 65, 68, 70] - 5026, [1, 2, 3, 13, 23, 33, 47, 55, 58, 62, 70] - 3797, [1, 4, 11, 20, 30, 31, 32, 40, 41, 46, 47, 49, 58, 62, 70] - 5527, [1, 4, 11, 21, 23, 33, 40, 41, 46, 47, 56, 61, 68, 70] - 5823, [1, 4, 10, 11, 21, 22, 33, 39, 40, 44, 45, 57, 70] - 4914, [1, 2, 4, 10, 11, 20, 32, 39, 44, 53, 54, 61, 63, 70] - 5135, [1, 3, 12, 13, 21, 23, 33, 34, 46, 47, 55, 58, 62, 70] - 4331]
melhor indiv??duo da gera????o:[1, 2, 3, 13, 23, 33, 47, 55, 58, 62, 70] - 3797
gera????o: 15: 
[[1, 4, 11, 21, 23, 33, 47, 49, 58, 62, 70] - 4047, [1, 3, 5, 12, 14, 26, 34, 46, 47, 49, 58, 62, 70] - 4115, [1, 3, 5, 12, 14, 26, 34, 46, 49, 58, 62, 70] - 3855, [1, 2, 3, 13, 40, 44, 55, 58, 62, 70] - 4218, [1, 3, 13, 23, 33, 47, 49, 58, 62, 70] - 3810, [1, 3, 5, 12, 14, 26, 33, 47, 49, 58, 62, 70] - 4082, [1, 3, 5, 12, 13, 23, 25, 33, 46, 49, 58, 62, 70] - 4168, [1, 4, 10, 20, 31, 41, 45, 57, 70] - 4179, [1, 2, 4, 10, 11, 21, 31, 33, 49, 58, 62, 70] - 3858, [1, 2, 9, 21, 23, 33, 41, 44, 56, 63, 70] - 3911, [1, 3, 23, 33, 46, 47, 49, 58, 62, 70] - 4144, [1, 3, 23, 31, 40, 41, 47, 55, 58, 62, 70] - 4181, [1, 2, 3, 5, 12, 13, 22, 23, 31, 33, 49, 55, 57, 70] - 4143, [1, 3, 5, 6, 14, 24, 26, 34, 35, 46, 49, 55, 57, 70] - 4783, [1, 2, 3, 13, 23, 33, 47, 55, 58, 62, 70] - 3797, [1, 4, 11, 21, 23, 33, 40, 41, 46, 47, 56, 61, 68, 70] - 5823, [1, 2, 4, 10, 11, 20, 32, 39, 44, 53, 54, 61, 63, 70] - 5135, [1, 2, 9, 13, 21, 31, 32, 37, 38, 43, 51, 59, 66, 67, 69, 70] - 5714, [1, 4, 11, 21, 23, 25, 33, 49, 58, 62, 70] - 3949, [1, 4, 10, 20, 30, 31, 40, 44, 55, 58, 62, 70] - 4532, [1, 2, 3, 5, 12, 22, 25, 33, 34, 41, 45, 57, 70] - 4455]
melhor indiv??duo da gera????o:[1, 2, 3, 13, 23, 33, 47, 55, 58, 62, 70] - 3797
gera????o: 16: 
[[1, 4, 11, 21, 23, 33, 47, 49, 58, 62, 70] - 4047, [1, 3, 5, 12, 14, 26, 34, 46, 47, 49, 58, 62, 70] - 4115, [1, 3, 5, 12, 14, 26, 34, 46, 49, 58, 62, 70] - 3855, [1, 3, 13, 23, 33, 47, 49, 58, 62, 70] - 3810, [1, 3, 5, 12, 14, 26, 33, 47, 49, 58, 62, 70] - 4082, [1, 3, 5, 12, 13, 23, 25, 33, 46, 49, 58, 62, 70] - 4168, [1, 4, 10, 20, 31, 41, 45, 57, 70] - 4179, [1, 2, 4, 10, 11, 21, 31, 33, 49, 58, 62, 70] - 3858, [1, 2, 9, 21, 23, 33, 41, 44, 56, 63, 70] - 3911, [1, 3, 23, 33, 46, 47, 49, 58, 62, 70] - 4144, [1, 2, 3, 5, 12, 13, 22, 23, 31, 33, 49, 55, 57, 70] - 4143, [1, 2, 3, 13, 23, 33, 47, 55, 58, 62, 70] - 3797, [1, 2, 4, 10, 11, 20, 32, 39, 44, 53, 54, 61, 63, 70] - 5135, [1, 4, 11, 21, 23, 25, 33, 49, 58, 62, 70] - 3949, [1, 2, 3, 5, 12, 22, 25, 33, 34, 41, 45, 57, 70] - 4455, [1, 2, 3, 9, 13, 23, 33, 34, 41, 46, 49, 55, 58, 62, 70] - 5339, [1, 3, 9, 11, 20, 31, 32, 37, 38, 43, 52, 60, 64, 65, 68, 70] - 6225, [1, 3, 23, 31, 40, 44, 56, 61, 65, 67, 69, 70] - 5309]
melhor indiv??duo da gera????o:[1, 2, 3, 13, 23, 33, 47, 55, 58, 62, 70] - 3797
gera????o: 17: 
[[1, 4, 11, 21, 23, 33, 47, 49, 58, 62, 70] - 4047, [1, 3, 5, 12, 14, 26, 34, 46, 47, 49, 58, 62, 70] - 4115, [1, 3, 5, 12, 14, 26, 34, 46, 49, 58, 62, 70] - 3855, [1, 3, 13, 23, 33, 47, 49, 58, 62, 70] - 3810, [1, 3, 5, 12, 14, 26, 33, 47, 49, 58, 62, 70] - 4082, [1, 3, 5, 12, 13, 23, 25, 33, 46, 49, 58, 62, 70] - 4168, [1, 4, 10, 20, 31, 41, 45, 57, 70] - 4179, [1, 2, 4, 10, 11, 21, 31, 33, 49, 58, 62, 70] - 3858, [1, 2, 9, 21, 23, 33, 41, 44, 56, 63, 70] - 3911, [1, 3, 23, 33, 46, 47, 49, 58, 62, 70] - 4144, [1, 2, 3, 5, 12, 13, 22, 23, 31, 33, 49, 55, 57, 70] - 4143, [1, 2, 3, 13, 23, 33, 47, 55, 58, 62, 70] - 3797, [1, 4, 11, 21, 23, 25, 33, 49, 58, 62, 70] - 3949, [1, 2, 3, 9, 13, 23, 33, 34, 41, 46, 49, 55, 58, 62, 70] - 5339, [1, 3, 23, 31, 40, 44, 56, 61, 65, 67, 69, 70] - 5309, [1, 2, 4, 11, 21, 23, 25, 26, 33, 40, 41, 47, 49, 55, 57, 70] - 5343, [1, 3, 12, 13, 23, 25, 33, 40, 44, 53, 61, 68, 70] - 5064, [1, 4, 10, 20, 30, 32, 37, 39, 53, 61, 65, 68, 70] - 5354, [1, 4, 11, 21, 22, 23, 33, 47, 49, 58, 62, 70] - 4184, [1, 2, 9, 11, 20, 37, 42, 43, 51, 59, 60, 61, 63, 70] - 4869, [1, 2, 3, 13, 31, 33, 49, 58, 62, 70] - 3794, [1, 4, 11, 21, 31, 41, 47, 55, 57, 70] - 4126]
melhor indiv??duo da gera????o:[1, 2, 3, 13, 31, 33, 49, 58, 62, 70] - 3794
gera????o: 18: 
[[1, 4, 11, 21, 23, 33, 47, 49, 58, 62, 70] - 4047, [1, 3, 5, 12, 14, 26, 34, 46, 47, 49, 58, 62, 70] - 4115, [1, 3, 5, 12, 14, 26, 34, 46, 49, 58, 62, 70] - 3855, [1, 3, 13, 23, 33, 47, 49, 58, 62, 70] - 3810, [1, 3, 5, 12, 14, 26, 33, 47, 49, 58, 62, 70] - 4082, [1, 4, 10, 20, 31, 41, 45, 57, 70] - 4179, [1, 2, 4, 10, 11, 21, 31, 33, 49, 58, 62, 70] - 3858, [1, 2, 9, 21, 23, 33, 41, 44, 56, 63, 70] - 3911, [1, 3, 23, 33, 46, 47, 49, 58, 62, 70] - 4144, [1, 2, 3, 5, 12, 13, 22, 23, 31, 33, 49, 55, 57, 70] - 4143, [1, 2, 3, 13, 23, 33, 47, 55, 58, 62, 70] - 3797, [1, 4, 11, 21, 23, 25, 33, 49, 58, 62, 70] - 3949, [1, 3, 23, 31, 40, 44, 56, 61, 65, 67, 69, 70] - 5309, [1, 3, 12, 13, 23, 25, 33, 40, 44, 53, 61, 68, 70] - 5064, [1, 4, 11, 21, 22, 23, 33, 47, 49, 58, 62, 70] - 4184, [1, 2, 3, 13, 31, 33, 49, 58, 62, 70] - 3794, [1, 4, 11, 21, 31, 41, 47, 55, 57, 70] - 4126, [1, 4, 11, 21, 22, 33, 34, 41, 46, 47, 49, 55, 57, 70] - 5606, [1, 3, 12, 14, 26, 28, 34, 46, 47, 56, 57, 70] - 4691, [1, 3, 13, 31, 41, 45, 57, 70] - 3777]
melhor indiv??duo da gera????o:[1, 3, 13, 31, 41, 45, 57, 70] - 3777
gera????o: 19: 
[[1, 4, 11, 21, 23, 33, 47, 49, 58, 62, 70] - 4047, [1, 3, 5, 12, 14, 26, 34, 46, 47, 49, 58, 62, 70] - 4115, [1, 3, 5, 12, 14, 26, 34, 46, 49, 58, 62, 70] - 3855, [1, 3, 13, 23, 33, 47, 49, 58, 62, 70] - 3810, [1, 3, 5, 12, 14, 26, 33, 47, 49, 58, 62, 70] - 4082, [1, 4, 10, 20, 31, 41, 45, 57, 70] - 4179, [1, 2, 4, 10, 11, 21, 31, 33, 49, 58, 62, 70] - 3858, [1, 2, 9, 21, 23, 33, 41, 44, 56, 63, 70] - 3911, [1, 3, 23, 33, 46, 47, 49, 58, 62, 70] - 4144, [1, 2, 3, 5, 12, 13, 22, 23, 31, 33, 49, 55, 57, 70] - 4143, [1, 2, 3, 13, 23, 33, 47, 55, 58, 62, 70] - 3797, [1, 4, 11, 21, 23, 25, 33, 49, 58, 62, 70] - 3949, [1, 3, 12, 13, 23, 25, 33, 40, 44, 53, 61, 68, 70] - 5064, [1, 4, 11, 21, 22, 23, 33, 47, 49, 58, 62, 70] - 4184, [1, 2, 3, 13, 31, 33, 49, 58, 62, 70] - 3794, [1, 4, 11, 21, 31, 41, 47, 55, 57, 70] - 4126, [1, 3, 12, 14, 26, 28, 34, 46, 47, 56, 57, 70] - 4691, [1, 3, 13, 31, 41, 45, 57, 70] - 3777, [1, 2, 4, 11, 21, 23, 31, 41, 46, 47, 49, 58, 62, 70] - 5104, [1, 2, 3, 5, 12, 13, 22, 24, 36, 48, 49, 58, 62, 70] - 4890, [1, 4, 10, 20, 39, 56, 57, 70] - 4342, [1, 4, 10, 20, 37, 38, 43, 52, 53, 61, 63, 70] - 4784, [1, 4, 11, 20, 30, 32, 40, 41, 47, 56, 61, 65, 66, 67, 68, 70] - 6997, [1, 3, 13, 23, 25, 33, 34, 41, 45, 47, 56, 60, 64, 65, 67, 69, 70] - 7278, [1, 4, 10, 20, 21, 22, 23, 33, 49, 55, 58, 62, 70] - 4520, [1, 4, 10, 20, 21, 31, 32, 37, 39, 40, 44, 54, 56, 60, 64, 67, 69, 70] - 6709]
melhor indiv??duo da gera????o:[1, 3, 13, 31, 41, 45, 57, 70] - 3777
gera????o: 20: 
[[1, 4, 11, 21, 23, 33, 47, 49, 58, 62, 70] - 4047, [1, 3, 5, 12, 14, 26, 34, 46, 47, 49, 58, 62, 70] - 4115, [1, 3, 5, 12, 14, 26, 34, 46, 49, 58, 62, 70] - 3855, [1, 3, 13, 23, 33, 47, 49, 58, 62, 70] - 3810, [1, 3, 5, 12, 14, 26, 33, 47, 49, 58, 62, 70] - 4082, [1, 4, 10, 20, 31, 41, 45, 57, 70] - 4179, [1, 2, 4, 10, 11, 21, 31, 33, 49, 58, 62, 70] - 3858, [1, 2, 9, 21, 23, 33, 41, 44, 56, 63, 70] - 3911, [1, 3, 23, 33, 46, 47, 49, 58, 62, 70] - 4144, [1, 2, 3, 5, 12, 13, 22, 23, 31, 33, 49, 55, 57, 70] - 4143, [1, 2, 3, 13, 23, 33, 47, 55, 58, 62, 70] - 3797, [1, 4, 11, 21, 23, 25, 33, 49, 58, 62, 70] - 3949, [1, 4, 11, 21, 22, 23, 33, 47, 49, 58, 62, 70] - 4184, [1, 2, 3, 13, 31, 33, 49, 58, 62, 70] - 3794, [1, 4, 11, 21, 31, 41, 47, 55, 57, 70] - 4126, [1, 3, 13, 31, 41, 45, 57, 70] - 3777, [1, 2, 3, 5, 12, 13, 22, 24, 36, 48, 49, 58, 62, 70] - 4890, [1, 4, 10, 20, 37, 38, 43, 52, 53, 61, 63, 70] - 4784, [1, 3, 13, 23, 25, 33, 34, 41, 45, 47, 56, 60, 64, 65, 67, 69, 70] - 7278, [1, 4, 10, 20, 21, 31, 32, 37, 39, 40, 44, 54, 56, 60, 64, 67, 69, 70] - 6709, [1, 3, 5, 12, 14, 25, 33, 39, 40, 44, 50, 53, 60, 61, 68, 70] - 5894, [1, 3, 23, 31, 33, 39, 44, 45, 56, 61, 68, 70] - 5441, [1, 4, 10, 20, 30, 31, 32, 40, 41, 46, 47, 55, 56, 60, 61, 63, 70] - 6544, [1, 2, 9, 21, 22, 25, 26, 34, 35, 46, 47, 56, 61, 65, 66, 67, 69, 70] - 6494]
melhor indiv??duo da gera????o:[1, 3, 13, 31, 41, 45, 57, 70] - 3777
melhor valor ?? da gera????o 17!!!!
______________________________________________________________________________________________________________________________
