gera????o: 1: 
[[1, 2, 3, 12, 13, 40, 41, 45, 57, 70] - 3941, [1, 2, 9, 13, 21, 23, 25, 33, 49, 55, 58, 62, 70] - 4024, [1, 2, 4, 10, 11, 21, 23, 25, 33, 47, 55, 58, 62, 70] - 4062, [1, 3, 5, 12, 13, 23, 33, 47, 56, 57, 70] - 4184, [1, 3, 23, 33, 47, 49, 55, 56, 63, 70] - 4261, [1, 2, 9, 11, 20, 37, 39, 56, 57, 70] - 4380, [1, 3, 5, 12, 14, 25, 26, 28, 36, 48, 49, 58, 62, 70] - 4532, [1, 3, 13, 31, 40, 44, 55, 56, 57, 70] - 4647, [1, 3, 23, 25, 33, 49, 55, 56, 61, 68, 70] - 4714, [1, 4, 10, 11, 20, 39, 44, 50, 53, 54, 61, 63, 70] - 4846, [1, 3, 5, 6, 14, 17, 18, 19, 24, 34, 46, 49, 58, 62, 70] - 4849, [1, 4, 11, 21, 23, 25, 33, 39, 56, 63, 70] - 4873, [1, 2, 4, 10, 20, 30, 31, 33, 46, 47, 49, 55, 57, 70] - 4950, [1, 4, 10, 11, 20, 21, 22, 23, 31, 41, 45, 47, 55, 57, 70] - 5077, [1, 3, 9, 13, 22, 24, 28, 34, 35, 49, 55, 56, 63, 70] - 5186, [1, 2, 3, 12, 14, 24, 26, 28, 35, 36, 48, 49, 55, 58, 62, 70] - 5388, [1, 3, 9, 13, 21, 22, 24, 26, 28, 34, 35, 46, 47, 49, 58, 62, 70] - 5683, [1, 2, 3, 9, 13, 21, 23, 33, 47, 56, 60, 64, 66, 67, 69, 70] - 6140, [1, 2, 4, 11, 21, 31, 40, 44, 50, 53, 60, 64, 65, 66, 67, 69, 70] - 6310, [1, 2, 9, 11, 20, 32, 40, 41, 47, 56, 60, 65, 66, 67, 68, 70] - 7201]
melhor indiv??duo da gera????o:[1, 2, 3, 12, 13, 40, 41, 45, 57, 70] - 3941
gera????o: 2: 
[[1, 3, 13, 31, 41, 45, 47, 55, 57, 70] - 3919, [1, 2, 3, 12, 13, 40, 41, 45, 57, 70] - 3941, [1, 2, 3, 12, 13, 40, 41, 45, 57, 70] - 3941, [1, 2, 9, 13, 21, 23, 25, 33, 49, 55, 58, 62, 70] - 4024, [1, 3, 5, 12, 13, 23, 33, 47, 56, 57, 70] - 4184, [1, 3, 9, 11, 20, 37, 39, 56, 63, 70] - 4297, [1, 2, 9, 11, 20, 37, 39, 56, 57, 70] - 4380, [1, 2, 9, 11, 20, 37, 39, 56, 57, 70] - 4380, [1, 3, 5, 12, 14, 25, 26, 28, 36, 48, 49, 58, 62, 70] - 4532, [1, 3, 5, 12, 14, 25, 26, 28, 36, 48, 49, 58, 62, 70] - 4532, [1, 3, 13, 31, 40, 44, 55, 56, 57, 70] - 4647, [1, 4, 10, 11, 20, 39, 44, 50, 53, 54, 61, 63, 70] - 4846, [1, 4, 10, 11, 20, 39, 44, 50, 53, 54, 61, 63, 70] - 4846, [1, 4, 11, 21, 23, 25, 33, 39, 56, 63, 70] - 4873, [1, 4, 10, 11, 20, 21, 22, 23, 31, 41, 45, 47, 55, 57, 70] - 5077, [1, 3, 9, 13, 22, 24, 28, 34, 35, 49, 55, 56, 63, 70] - 5186, [1, 3, 9, 13, 22, 24, 28, 34, 35, 49, 55, 56, 63, 70] - 5186, [1, 3, 9, 13, 22, 24, 28, 34, 35, 49, 55, 56, 63, 70] - 5186, [1, 2, 9, 13, 22, 24, 28, 34, 35, 49, 55, 56, 57, 70] - 5269, [1, 2, 3, 12, 14, 24, 26, 28, 35, 36, 48, 49, 55, 58, 62, 70] - 5388, [1, 2, 3, 12, 14, 24, 26, 28, 35, 36, 48, 49, 55, 58, 62, 70] - 5388, [1, 3, 9, 13, 21, 22, 24, 26, 28, 34, 35, 46, 47, 49, 58, 62, 70] - 5683, [1, 2, 3, 9, 13, 21, 23, 33, 47, 56, 60, 64, 66, 67, 69, 70] - 6140, [1, 2, 3, 9, 13, 21, 23, 33, 47, 56, 60, 64, 66, 67, 69, 70] - 6140, [1, 2, 4, 11, 21, 31, 40, 44, 50, 53, 60, 64, 65, 66, 67, 69, 70] - 6310, [1, 2, 4, 11, 21, 31, 40, 44, 50, 53, 60, 64, 65, 66, 67, 69, 70] - 6310]
melhor indiv??duo da gera????o:[1, 3, 13, 31, 41, 45, 47, 55, 57, 70] - 3919
gera????o: 3: 
[[1, 2, 3, 12, 13, 40, 41, 45, 57, 70] - 3941, [1, 2, 9, 13, 21, 23, 25, 33, 49, 55, 58, 62, 70] - 4024, [1, 3, 9, 11, 20, 37, 39, 56, 63, 70] - 4297, [1, 3, 9, 11, 20, 37, 39, 56, 63, 70] - 4297, [1, 2, 9, 11, 20, 37, 39, 56, 57, 70] - 4380, [1, 2, 9, 11, 20, 37, 39, 56, 57, 70] - 4380, [1, 2, 9, 11, 20, 37, 39, 56, 57, 70] - 4380, [1, 3, 5, 12, 14, 25, 26, 28, 36, 48, 49, 58, 62, 70] - 4532, [1, 3, 13, 31, 40, 44, 55, 56, 57, 70] - 4647, [1, 4, 10, 11, 20, 39, 44, 50, 53, 54, 61, 63, 70] - 4846, [1, 4, 10, 11, 20, 39, 44, 50, 53, 54, 61, 63, 70] - 4846, [1, 4, 10, 11, 20, 21, 22, 23, 31, 41, 45, 47, 55, 57, 70] - 5077, [1, 3, 9, 13, 22, 24, 28, 34, 35, 49, 55, 56, 63, 70] - 5186, [1, 3, 9, 13, 22, 24, 28, 34, 35, 49, 55, 56, 63, 70] - 5186, [1, 2, 9, 13, 22, 24, 28, 34, 35, 49, 55, 56, 57, 70] - 5269, [1, 2, 3, 12, 14, 24, 26, 28, 35, 36, 48, 49, 55, 58, 62, 70] - 5388, [1, 2, 3, 9, 13, 21, 23, 33, 47, 56, 60, 64, 66, 67, 69, 70] - 6140, [1, 2, 4, 11, 21, 31, 40, 44, 50, 53, 60, 64, 65, 66, 67, 69, 70] - 6310]
melhor indiv??duo da gera????o:[1, 2, 3, 12, 13, 40, 41, 45, 57, 70] - 3941
gera????o: 4: 
[[1, 2, 3, 12, 13, 40, 41, 45, 57, 70] - 3941, [1, 2, 3, 12, 13, 40, 41, 45, 57, 70] - 3941, [1, 2, 9, 13, 21, 23, 25, 33, 49, 55, 58, 62, 70] - 4024, [1, 2, 9, 13, 21, 23, 25, 33, 49, 55, 58, 62, 70] - 4024, [1, 2, 3, 12, 13, 21, 23, 25, 33, 49, 55, 58, 62, 70] - 4232, [1, 3, 9, 11, 20, 37, 39, 56, 63, 70] - 4297, [1, 3, 9, 11, 20, 37, 39, 56, 63, 70] - 4297, [1, 2, 9, 11, 20, 37, 39, 56, 57, 70] - 4380, [1, 2, 9, 11, 20, 37, 39, 56, 57, 70] - 4380, [1, 2, 9, 11, 20, 37, 39, 56, 57, 70] - 4380, [1, 2, 3, 9, 11, 20, 37, 39, 56, 63, 70] - 4430, [1, 3, 13, 31, 40, 44, 55, 56, 57, 70] - 4647, [1, 4, 10, 11, 20, 39, 44, 50, 53, 54, 61, 63, 70] - 4846, [1, 4, 10, 11, 20, 39, 44, 50, 53, 54, 61, 63, 70] - 4846, [1, 3, 12, 13, 22, 24, 28, 34, 35, 49, 55, 56, 63, 70] - 5106, [1, 3, 9, 13, 22, 24, 28, 34, 35, 49, 55, 56, 63, 70] - 5186, [1, 3, 9, 13, 22, 24, 28, 34, 35, 49, 55, 56, 63, 70] - 5186, [1, 2, 9, 13, 22, 24, 28, 34, 35, 49, 55, 56, 57, 70] - 5269, [1, 2, 3, 12, 14, 24, 26, 28, 35, 36, 48, 49, 55, 58, 62, 70] - 5388, [1, 2, 3, 9, 13, 21, 23, 33, 47, 56, 60, 64, 66, 67, 69, 70] - 6140]
melhor indiv??duo da gera????o:[1, 2, 3, 12, 13, 40, 41, 45, 57, 70] - 3941
gera????o: 5: 
[[1, 2, 3, 12, 13, 40, 41, 45, 57, 70] - 3941, [1, 2, 3, 12, 13, 40, 41, 45, 57, 70] - 3941, [1, 2, 3, 12, 13, 40, 41, 45, 57, 70] - 3941, [1, 2, 9, 13, 21, 23, 25, 33, 49, 55, 58, 62, 70] - 4024, [1, 2, 9, 13, 21, 23, 25, 33, 49, 55, 58, 62, 70] - 4024, [1, 2, 9, 13, 21, 23, 25, 33, 49, 55, 58, 62, 70] - 4024, [1, 3, 12, 13, 21, 23, 25, 33, 49, 55, 58, 62, 70] - 4099, [1, 2, 3, 12, 13, 21, 23, 25, 33, 49, 55, 58, 62, 70] - 4232, [1, 3, 9, 11, 20, 37, 39, 56, 63, 70] - 4297, [1, 3, 9, 11, 20, 37, 39, 56, 63, 70] - 4297, [1, 2, 9, 11, 20, 37, 39, 56, 57, 70] - 4380, [1, 2, 9, 11, 20, 37, 39, 56, 57, 70] - 4380, [1, 2, 9, 11, 20, 37, 39, 56, 57, 70] - 4380, [1, 2, 9, 11, 20, 37, 39, 56, 57, 70] - 4380, [1, 2, 9, 11, 20, 37, 39, 56, 57, 70] - 4380, [1, 2, 9, 11, 20, 39, 56, 57, 70] - 4421, [1, 2, 3, 9, 11, 20, 37, 39, 56, 63, 70] - 4430, [1, 3, 13, 31, 40, 44, 55, 56, 57, 70] - 4647, [1, 4, 10, 11, 20, 39, 44, 50, 53, 54, 61, 63, 70] - 4846, [1, 4, 10, 11, 20, 39, 44, 50, 53, 54, 61, 63, 70] - 4846, [1, 3, 9, 13, 22, 24, 28, 34, 35, 49, 55, 56, 63, 70] - 5186, [1, 2, 9, 13, 22, 24, 28, 34, 35, 49, 55, 56, 57, 70] - 5269, [1, 2, 3, 9, 13, 21, 23, 33, 47, 56, 60, 64, 66, 67, 69, 70] - 6140]
melhor indiv??duo da gera????o:[1, 2, 3, 12, 13, 40, 41, 45, 57, 70] - 3941
gera????o: 6: 
[[1, 2, 3, 12, 13, 40, 41, 45, 57, 70] - 3941, [1, 2, 3, 12, 13, 40, 41, 45, 57, 70] - 3941, [1, 2, 3, 12, 13, 40, 41, 45, 57, 70] - 3941, [1, 2, 3, 12, 13, 40, 41, 45, 57, 70] - 3941, [1, 2, 9, 13, 21, 23, 25, 33, 49, 55, 58, 62, 70] - 4024, [1, 2, 9, 13, 21, 23, 25, 33, 49, 55, 58, 62, 70] - 4024, [1, 3, 12, 13, 21, 23, 25, 33, 49, 55, 58, 62, 70] - 4099, [1, 2, 9, 11, 20, 37, 39, 56, 63, 70] - 4142, [1, 3, 9, 13, 21, 23, 25, 33, 49, 55, 58, 62, 70] - 4179, [1, 3, 9, 11, 20, 37, 39, 56, 63, 70] - 4297, [1, 3, 9, 11, 20, 37, 39, 56, 63, 70] - 4297, [1, 2, 9, 11, 20, 37, 39, 56, 57, 70] - 4380, [1, 2, 9, 11, 20, 37, 39, 56, 57, 70] - 4380, [1, 2, 9, 11, 20, 39, 56, 57, 70] - 4421, [1, 3, 13, 31, 40, 44, 55, 56, 57, 70] - 4647, [1, 4, 10, 11, 20, 39, 44, 50, 53, 54, 61, 63, 70] - 4846, [1, 2, 9, 13, 22, 24, 28, 34, 35, 49, 55, 56, 57, 70] - 5269]
melhor indiv??duo da gera????o:[1, 2, 3, 12, 13, 40, 41, 45, 57, 70] - 3941
gera????o: 7: 
[[1, 2, 3, 12, 13, 40, 41, 45, 57, 70] - 3941, [1, 2, 3, 12, 13, 40, 41, 45, 57, 70] - 3941, [1, 2, 3, 12, 13, 40, 41, 45, 57, 70] - 3941, [1, 2, 3, 12, 13, 40, 41, 45, 57, 70] - 3941, [1, 2, 3, 12, 13, 40, 41, 45, 57, 70] - 3941, [1, 2, 3, 12, 13, 40, 41, 45, 57, 70] - 3941, [1, 2, 9, 13, 21, 23, 25, 33, 49, 55, 58, 62, 70] - 4024, [1, 2, 9, 13, 21, 23, 25, 33, 49, 55, 58, 62, 70] - 4024, [1, 3, 12, 13, 21, 23, 25, 33, 49, 55, 58, 62, 70] - 4099, [1, 2, 9, 11, 20, 37, 39, 56, 63, 70] - 4142, [1, 3, 9, 13, 21, 23, 25, 33, 49, 55, 58, 62, 70] - 4179, [1, 3, 9, 11, 20, 37, 39, 56, 63, 70] - 4297, [1, 2, 9, 11, 20, 37, 39, 56, 57, 70] - 4380, [1, 2, 9, 11, 20, 37, 39, 56, 57, 70] - 4380, [1, 2, 9, 11, 20, 39, 56, 57, 70] - 4421, [1, 4, 10, 11, 20, 39, 44, 50, 53, 54, 61, 63, 70] - 4846]
melhor indiv??duo da gera????o:[1, 2, 3, 12, 13, 40, 41, 45, 57, 70] - 3941
gera????o: 8: 
[[1, 2, 3, 12, 13, 40, 41, 45, 57, 70] - 3941, [1, 2, 3, 12, 13, 40, 41, 45, 57, 70] - 3941, [1, 2, 3, 12, 13, 40, 41, 45, 57, 70] - 3941, [1, 2, 3, 12, 13, 40, 41, 45, 57, 70] - 3941, [1, 2, 3, 12, 13, 40, 41, 45, 57, 70] - 3941, [1, 2, 3, 12, 13, 40, 41, 45, 57, 70] - 3941, [1, 2, 3, 12, 13, 40, 41, 45, 57, 70] - 3941, [1, 2, 9, 13, 21, 23, 25, 33, 49, 55, 58, 62, 70] - 4024, [1, 2, 9, 13, 21, 23, 25, 33, 49, 55, 58, 62, 70] - 4024, [1, 3, 12, 13, 21, 23, 25, 33, 49, 55, 58, 62, 70] - 4099, [1, 3, 12, 13, 21, 23, 25, 33, 49, 55, 58, 62, 70] - 4099, [1, 3, 12, 13, 21, 23, 25, 33, 49, 55, 58, 62, 70] - 4099, [1, 3, 9, 13, 21, 23, 25, 33, 49, 55, 58, 62, 70] - 4179, [1, 2, 9, 11, 20, 37, 39, 56, 57, 70] - 4380, [1, 2, 9, 11, 20, 37, 39, 56, 57, 70] - 4380, [1, 4, 10, 11, 20, 39, 44, 50, 53, 54, 61, 63, 70] - 4846]
melhor indiv??duo da gera????o:[1, 2, 3, 12, 13, 40, 41, 45, 57, 70] - 3941
gera????o: 9: 
[[1, 2, 3, 12, 13, 40, 41, 45, 57, 70] - 3941, [1, 2, 3, 12, 13, 40, 41, 45, 57, 70] - 3941, [1, 2, 3, 12, 13, 40, 41, 45, 57, 70] - 3941, [1, 2, 3, 12, 13, 40, 41, 45, 57, 70] - 3941, [1, 2, 3, 12, 13, 40, 41, 45, 57, 70] - 3941, [1, 2, 3, 12, 13, 40, 41, 45, 57, 70] - 3941, [1, 2, 3, 12, 13, 40, 41, 45, 57, 70] - 3941, [1, 2, 3, 12, 13, 40, 41, 45, 57, 70] - 3941, [1, 2, 3, 12, 13, 40, 41, 45, 57, 70] - 3941, [1, 2, 9, 13, 21, 23, 25, 33, 49, 55, 58, 62, 70] - 4024, [1, 2, 9, 13, 21, 23, 25, 33, 49, 55, 58, 62, 70] - 4024, [1, 3, 12, 13, 21, 23, 25, 33, 49, 55, 58, 62, 70] - 4099, [1, 3, 12, 13, 21, 23, 25, 33, 49, 55, 58, 62, 70] - 4099, [1, 3, 12, 13, 21, 23, 25, 33, 49, 55, 58, 62, 70] - 4099, [1, 2, 3, 12, 13, 21, 23, 25, 33, 49, 55, 58, 62, 70] - 4232, [1, 2, 9, 11, 20, 37, 39, 56, 57, 70] - 4380, [1, 2, 9, 11, 20, 37, 39, 56, 57, 70] - 4380]
melhor indiv??duo da gera????o:[1, 2, 3, 12, 13, 40, 41, 45, 57, 70] - 3941
gera????o: 10: 
[[1, 2, 3, 12, 13, 40, 41, 45, 57, 70] - 3941, [1, 2, 3, 12, 13, 40, 41, 45, 57, 70] - 3941, [1, 2, 3, 12, 13, 40, 41, 45, 57, 70] - 3941, [1, 2, 3, 12, 13, 40, 41, 45, 57, 70] - 3941, [1, 2, 3, 12, 13, 40, 41, 45, 57, 70] - 3941, [1, 2, 3, 12, 13, 40, 41, 45, 57, 70] - 3941, [1, 2, 3, 12, 13, 40, 41, 45, 57, 70] - 3941, [1, 2, 3, 12, 13, 40, 41, 45, 57, 70] - 3941, [1, 2, 3, 12, 13, 40, 41, 45, 57, 70] - 3941, [1, 2, 3, 12, 13, 40, 41, 45, 57, 70] - 3941, [1, 2, 3, 12, 13, 40, 41, 45, 57, 70] - 3941, [1, 2, 9, 13, 21, 23, 25, 33, 49, 55, 58, 62, 70] - 4024, [1, 3, 12, 13, 21, 23, 25, 33, 49, 55, 58, 62, 70] - 4099, [1, 3, 12, 13, 21, 23, 25, 33, 49, 55, 58, 62, 70] - 4099, [1, 3, 12, 13, 21, 23, 25, 33, 49, 55, 58, 62, 70] - 4099, [1, 2, 9, 11, 20, 37, 39, 56, 57, 70] - 4380]
melhor indiv??duo da gera????o:[1, 2, 3, 12, 13, 40, 41, 45, 57, 70] - 3941
gera????o: 11: 
[[1, 2, 3, 12, 13, 40, 41, 45, 57, 70] - 3941, [1, 2, 3, 12, 13, 40, 41, 45, 57, 70] - 3941, [1, 2, 3, 12, 13, 40, 41, 45, 57, 70] - 3941, [1, 2, 3, 12, 13, 40, 41, 45, 57, 70] - 3941, [1, 2, 3, 12, 13, 40, 41, 45, 57, 70] - 3941, [1, 2, 3, 12, 13, 40, 41, 45, 57, 70] - 3941, [1, 2, 3, 12, 13, 40, 41, 45, 57, 70] - 3941, [1, 2, 3, 12, 13, 40, 41, 45, 57, 70] - 3941, [1, 2, 3, 12, 13, 40, 41, 45, 57, 70] - 3941, [1, 2, 3, 12, 13, 40, 41, 45, 57, 70] - 3941, [1, 2, 3, 12, 13, 40, 41, 45, 57, 70] - 3941, [1, 2, 9, 13, 21, 23, 25, 33, 49, 55, 58, 62, 70] - 4024, [1, 3, 12, 13, 21, 23, 25, 33, 49, 55, 58, 62, 70] - 4099, [1, 2, 9, 11, 20, 37, 39, 56, 57, 70] - 4380]
melhor indiv??duo da gera????o:[1, 2, 3, 12, 13, 40, 41, 45, 57, 70] - 3941
gera????o: 12: 
[[1, 2, 3, 12, 13, 40, 41, 45, 57, 70] - 3941, [1, 2, 3, 12, 13, 40, 41, 45, 57, 70] - 3941, [1, 2, 3, 12, 13, 40, 41, 45, 57, 70] - 3941, [1, 2, 3, 12, 13, 40, 41, 45, 57, 70] - 3941, [1, 2, 3, 12, 13, 40, 41, 45, 57, 70] - 3941, [1, 2, 3, 12, 13, 40, 41, 45, 57, 70] - 3941, [1, 2, 3, 12, 13, 40, 41, 45, 57, 70] - 3941, [1, 2, 3, 12, 13, 40, 41, 45, 57, 70] - 3941, [1, 2, 3, 12, 13, 40, 41, 45, 57, 70] - 3941, [1, 2, 3, 12, 13, 40, 41, 45, 57, 70] - 3941, [1, 2, 3, 12, 13, 40, 41, 45, 57, 70] - 3941, [1, 2, 9, 13, 21, 23, 25, 33, 49, 55, 58, 62, 70] - 4024, [1, 2, 3, 12, 13, 21, 23, 25, 33, 49, 55, 58, 62, 70] - 4232]
melhor indiv??duo da gera????o:[1, 2, 3, 12, 13, 40, 41, 45, 57, 70] - 3941
gera????o: 13: 
[[1, 2, 9, 13, 40, 41, 45, 57, 70] - 3733, [1, 2, 3, 12, 13, 40, 41, 45, 57, 70] - 3941, [1, 2, 3, 12, 13, 40, 41, 45, 57, 70] - 3941, [1, 2, 3, 12, 13, 40, 41, 45, 57, 70] - 3941, [1, 2, 3, 12, 13, 40, 41, 45, 57, 70] - 3941, [1, 2, 3, 12, 13, 40, 41, 45, 57, 70] - 3941, [1, 2, 3, 12, 13, 40, 41, 45, 57, 70] - 3941, [1, 2, 3, 12, 13, 40, 41, 45, 57, 70] - 3941, [1, 2, 3, 12, 13, 40, 41, 45, 57, 70] - 3941, [1, 2, 3, 12, 13, 40, 41, 45, 57, 70] - 3941, [1, 2, 9, 13, 21, 23, 25, 33, 49, 55, 58, 62, 70] - 4024, [1, 2, 3, 12, 13, 21, 23, 25, 33, 49, 55, 58, 62, 70] - 4232, [1, 2, 3, 12, 13, 21, 23, 25, 33, 49, 55, 58, 62, 70] - 4232]
melhor indiv??duo da gera????o:[1, 2, 9, 13, 40, 41, 45, 57, 70] - 3733
gera????o: 14: 
[[1, 2, 9, 13, 40, 41, 45, 57, 70] - 3733, [1, 2, 9, 13, 40, 41, 45, 57, 70] - 3733, [1, 2, 9, 13, 40, 41, 45, 57, 70] - 3733, [1, 2, 3, 12, 13, 40, 41, 45, 57, 70] - 3941, [1, 2, 3, 12, 13, 40, 41, 45, 57, 70] - 3941, [1, 2, 3, 12, 13, 40, 41, 45, 57, 70] - 3941, [1, 2, 3, 12, 13, 40, 41, 45, 57, 70] - 3941, [1, 2, 3, 12, 13, 40, 41, 45, 57, 70] - 3941, [1, 2, 3, 12, 13, 40, 41, 45, 57, 70] - 3941, [1, 2, 3, 12, 13, 40, 41, 45, 57, 70] - 3941, [1, 2, 3, 12, 13, 40, 41, 45, 57, 70] - 3941, [1, 2, 3, 12, 13, 21, 23, 25, 33, 49, 55, 58, 62, 70] - 4232, [1, 2, 3, 12, 13, 21, 23, 25, 33, 49, 55, 58, 62, 70] - 4232]
melhor indiv??duo da gera????o:[1, 2, 9, 13, 40, 41, 45, 57, 70] - 3733
gera????o: 15: 
[[1, 2, 9, 13, 40, 41, 45, 57, 70] - 3733, [1, 2, 9, 13, 40, 41, 45, 57, 70] - 3733, [1, 2, 9, 13, 40, 41, 45, 57, 70] - 3733, [1, 2, 9, 13, 40, 41, 45, 57, 70] - 3733, [1, 2, 3, 12, 13, 40, 41, 45, 57, 70] - 3941, [1, 2, 3, 12, 13, 40, 41, 45, 57, 70] - 3941, [1, 2, 3, 12, 13, 40, 41, 45, 57, 70] - 3941, [1, 2, 3, 12, 13, 40, 41, 45, 57, 70] - 3941, [1, 2, 3, 12, 13, 40, 41, 45, 57, 70] - 3941, [1, 2, 3, 12, 13, 40, 41, 45, 57, 70] - 3941, [1, 2, 3, 12, 13, 40, 41, 45, 57, 70] - 3941, [1, 2, 3, 12, 13, 21, 23, 25, 33, 49, 55, 58, 62, 70] - 4232, [1, 2, 3, 12, 13, 21, 23, 25, 33, 49, 55, 58, 62, 70] - 4232]
melhor indiv??duo da gera????o:[1, 2, 9, 13, 40, 41, 45, 57, 70] - 3733
gera????o: 16: 
[[1, 2, 9, 13, 40, 41, 45, 57, 70] - 3733, [1, 2, 9, 13, 40, 41, 45, 57, 70] - 3733, [1, 2, 9, 13, 40, 41, 45, 57, 70] - 3733, [1, 2, 9, 13, 40, 41, 45, 57, 70] - 3733, [1, 2, 3, 12, 13, 40, 41, 45, 57, 70] - 3941, [1, 2, 3, 12, 13, 40, 41, 45, 57, 70] - 3941, [1, 2, 3, 12, 13, 40, 41, 45, 57, 70] - 3941, [1, 2, 3, 12, 13, 40, 41, 45, 57, 70] - 3941, [1, 2, 3, 12, 13, 40, 41, 45, 57, 70] - 3941, [1, 2, 3, 12, 13, 40, 41, 45, 57, 70] - 3941, [1, 2, 3, 12, 13, 40, 41, 45, 57, 70] - 3941, [1, 2, 3, 12, 13, 21, 23, 25, 33, 49, 55, 58, 62, 70] - 4232, [1, 2, 3, 12, 13, 21, 23, 25, 33, 49, 55, 58, 62, 70] - 4232, [1, 2, 3, 12, 13, 21, 23, 25, 33, 49, 55, 58, 62, 70] - 4232]
melhor indiv??duo da gera????o:[1, 2, 9, 13, 40, 41, 45, 57, 70] - 3733
gera????o: 17: 
[[1, 2, 9, 13, 40, 41, 45, 57, 70] - 3733, [1, 2, 9, 13, 40, 41, 45, 57, 70] - 3733, [1, 2, 9, 13, 40, 41, 45, 57, 70] - 3733, [1, 2, 9, 13, 40, 41, 45, 57, 70] - 3733, [1, 2, 9, 13, 40, 41, 45, 57, 70] - 3733, [1, 2, 9, 13, 40, 41, 45, 57, 70] - 3733, [1, 2, 3, 12, 13, 40, 41, 45, 57, 70] - 3941, [1, 2, 3, 12, 13, 40, 41, 45, 57, 70] - 3941, [1, 2, 3, 12, 13, 40, 41, 45, 57, 70] - 3941, [1, 2, 3, 12, 13, 40, 41, 45, 57, 70] - 3941, [1, 2, 3, 12, 13, 40, 41, 45, 57, 70] - 3941, [1, 2, 3, 12, 13, 40, 41, 45, 57, 70] - 3941, [1, 2, 3, 12, 13, 40, 41, 45, 57, 70] - 3941, [1, 2, 3, 12, 13, 40, 41, 45, 57, 70] - 3941, [1, 2, 3, 12, 13, 21, 23, 25, 33, 49, 55, 58, 62, 70] - 4232, [1, 2, 3, 12, 13, 21, 23, 25, 33, 49, 55, 58, 62, 70] - 4232, [1, 2, 3, 12, 13, 21, 23, 25, 33, 49, 55, 58, 62, 70] - 4232]
melhor indiv??duo da gera????o:[1, 2, 9, 13, 40, 41, 45, 57, 70] - 3733
gera????o: 18: 
[[1, 2, 9, 13, 40, 41, 45, 57, 70] - 3733, [1, 2, 9, 13, 40, 41, 45, 57, 70] - 3733, [1, 2, 9, 13, 40, 41, 45, 57, 70] - 3733, [1, 2, 9, 13, 40, 41, 45, 57, 70] - 3733, [1, 2, 9, 13, 40, 41, 45, 57, 70] - 3733, [1, 2, 9, 13, 40, 41, 45, 57, 70] - 3733, [1, 2, 9, 13, 40, 41, 45, 57, 70] - 3733, [1, 2, 9, 13, 40, 41, 45, 57, 70] - 3733, [1, 2, 9, 13, 40, 41, 45, 57, 70] - 3733, [1, 2, 3, 12, 13, 40, 41, 45, 57, 70] - 3941, [1, 2, 3, 12, 13, 40, 41, 45, 57, 70] - 3941, [1, 2, 3, 12, 13, 40, 41, 45, 57, 70] - 3941, [1, 2, 3, 12, 13, 40, 41, 45, 57, 70] - 3941, [1, 2, 3, 12, 13, 40, 41, 45, 57, 70] - 3941, [1, 2, 3, 12, 13, 40, 41, 45, 57, 70] - 3941, [1, 2, 3, 12, 13, 40, 41, 45, 57, 70] - 3941, [1, 2, 3, 12, 13, 21, 23, 25, 33, 49, 55, 58, 62, 70] - 4232]
melhor indiv??duo da gera????o:[1, 2, 9, 13, 40, 41, 45, 57, 70] - 3733
gera????o: 19: 
[[1, 2, 9, 13, 40, 41, 45, 57, 70] - 3733, [1, 2, 9, 13, 40, 41, 45, 57, 70] - 3733, [1, 2, 9, 13, 40, 41, 45, 57, 70] - 3733, [1, 2, 9, 13, 40, 41, 45, 57, 70] - 3733, [1, 2, 9, 13, 40, 41, 45, 57, 70] - 3733, [1, 2, 9, 13, 40, 41, 45, 57, 70] - 3733, [1, 2, 9, 13, 40, 41, 45, 57, 70] - 3733, [1, 2, 9, 13, 40, 41, 45, 57, 70] - 3733, [1, 2, 9, 13, 40, 41, 45, 57, 70] - 3733, [1, 2, 9, 13, 40, 41, 45, 57, 70] - 3733, [1, 2, 3, 12, 13, 40, 41, 45, 57, 70] - 3941, [1, 2, 3, 12, 13, 40, 41, 45, 57, 70] - 3941, [1, 2, 3, 12, 13, 40, 41, 45, 57, 70] - 3941, [1, 2, 3, 12, 13, 40, 41, 45, 57, 70] - 3941, [1, 2, 3, 12, 13, 40, 41, 45, 57, 70] - 3941, [1, 2, 3, 12, 13, 40, 41, 45, 57, 70] - 3941]
melhor indiv??duo da gera????o:[1, 2, 9, 13, 40, 41, 45, 57, 70] - 3733
gera????o: 20: 
[[1, 2, 9, 13, 40, 41, 45, 57, 70] - 3733, [1, 2, 9, 13, 40, 41, 45, 57, 70] - 3733, [1, 2, 9, 13, 40, 41, 45, 57, 70] - 3733, [1, 2, 9, 13, 40, 41, 45, 57, 70] - 3733, [1, 2, 9, 13, 40, 41, 45, 57, 70] - 3733, [1, 2, 9, 13, 40, 41, 45, 57, 70] - 3733, [1, 2, 9, 13, 40, 41, 45, 57, 70] - 3733, [1, 2, 9, 13, 40, 41, 45, 57, 70] - 3733, [1, 2, 9, 13, 40, 41, 45, 57, 70] - 3733, [1, 2, 9, 13, 40, 41, 45, 57, 70] - 3733, [1, 2, 9, 13, 40, 41, 45, 57, 70] - 3733, [1, 2, 3, 12, 13, 40, 41, 45, 57, 70] - 3941, [1, 2, 3, 12, 13, 40, 41, 45, 57, 70] - 3941, [1, 2, 3, 12, 13, 40, 41, 45, 57, 70] - 3941, [1, 2, 3, 12, 13, 40, 41, 45, 57, 70] - 3941, [1, 2, 3, 12, 13, 40, 41, 45, 57, 70] - 3941]
melhor indiv??duo da gera????o:[1, 2, 9, 13, 40, 41, 45, 57, 70] - 3733
gera????o: 21: 
[[1, 2, 9, 13, 40, 41, 45, 57, 70] - 3733, [1, 2, 9, 13, 40, 41, 45, 57, 70] - 3733, [1, 2, 9, 13, 40, 41, 45, 57, 70] - 3733, [1, 2, 9, 13, 40, 41, 45, 57, 70] - 3733, [1, 2, 9, 13, 40, 41, 45, 57, 70] - 3733, [1, 2, 9, 13, 40, 41, 45, 57, 70] - 3733, [1, 2, 9, 13, 40, 41, 45, 57, 70] - 3733, [1, 2, 9, 13, 40, 41, 45, 57, 70] - 3733, [1, 2, 9, 13, 40, 41, 45, 57, 70] - 3733, [1, 2, 9, 13, 40, 41, 45, 57, 70] - 3733, [1, 2, 3, 12, 13, 40, 41, 45, 57, 70] - 3941, [1, 2, 3, 12, 13, 40, 41, 45, 57, 70] - 3941, [1, 2, 3, 12, 13, 40, 41, 45, 57, 70] - 3941, [1, 2, 3, 12, 13, 40, 41, 45, 57, 70] - 3941, [1, 2, 3, 12, 13, 40, 41, 45, 57, 70] - 3941]
melhor indiv??duo da gera????o:[1, 2, 9, 13, 40, 41, 45, 57, 70] - 3733
gera????o: 22: 
[[1, 2, 9, 13, 40, 41, 45, 57, 70] - 3733, [1, 2, 9, 13, 40, 41, 45, 57, 70] - 3733, [1, 2, 9, 13, 40, 41, 45, 57, 70] - 3733, [1, 2, 9, 13, 40, 41, 45, 57, 70] - 3733, [1, 2, 9, 13, 40, 41, 45, 57, 70] - 3733, [1, 2, 9, 13, 40, 41, 45, 57, 70] - 3733, [1, 2, 9, 13, 40, 41, 45, 57, 70] - 3733, [1, 2, 9, 13, 40, 41, 45, 57, 70] - 3733, [1, 2, 9, 13, 40, 41, 45, 57, 70] - 3733, [1, 2, 3, 12, 13, 40, 41, 45, 57, 70] - 3941, [1, 2, 3, 12, 13, 40, 41, 45, 57, 70] - 3941, [1, 2, 3, 12, 13, 40, 41, 45, 57, 70] - 3941, [1, 2, 3, 12, 13, 40, 41, 45, 57, 70] - 3941, [1, 2, 3, 12, 13, 40, 41, 45, 57, 70] - 3941]
melhor indiv??duo da gera????o:[1, 2, 9, 13, 40, 41, 45, 57, 70] - 3733
gera????o: 23: 
[[1, 2, 9, 13, 40, 41, 45, 57, 70] - 3733, [1, 2, 9, 13, 40, 41, 45, 57, 70] - 3733, [1, 2, 9, 13, 40, 41, 45, 57, 70] - 3733, [1, 2, 9, 13, 40, 41, 45, 57, 70] - 3733, [1, 2, 9, 13, 40, 41, 45, 57, 70] - 3733, [1, 2, 9, 13, 40, 41, 45, 57, 70] - 3733, [1, 2, 9, 13, 40, 41, 45, 57, 70] - 3733, [1, 2, 9, 13, 40, 41, 45, 57, 70] - 3733, [1, 2, 9, 13, 40, 41, 45, 57, 70] - 3733, [1, 2, 9, 13, 40, 41, 45, 57, 70] - 3733, [1, 2, 3, 12, 13, 40, 41, 45, 57, 70] - 3941, [1, 2, 3, 12, 13, 40, 41, 45, 57, 70] - 3941, [1, 2, 3, 12, 13, 40, 41, 45, 57, 70] - 3941, [1, 2, 3, 12, 13, 40, 41, 45, 57, 70] - 3941]
melhor indiv??duo da gera????o:[1, 2, 9, 13, 40, 41, 45, 57, 70] - 3733
gera????o: 24: 
[[1, 2, 9, 13, 40, 41, 45, 57, 70] - 3733, [1, 2, 9, 13, 40, 41, 45, 57, 70] - 3733, [1, 2, 9, 13, 40, 41, 45, 57, 70] - 3733, [1, 2, 9, 13, 40, 41, 45, 57, 70] - 3733, [1, 2, 9, 13, 40, 41, 45, 57, 70] - 3733, [1, 2, 9, 13, 40, 41, 45, 57, 70] - 3733, [1, 2, 9, 13, 40, 41, 45, 57, 70] - 3733, [1, 2, 9, 13, 40, 41, 45, 57, 70] - 3733, [1, 2, 9, 13, 40, 41, 45, 57, 70] - 3733, [1, 2, 9, 13, 40, 41, 45, 57, 70] - 3733, [1, 2, 3, 12, 13, 40, 41, 45, 57, 70] - 3941, [1, 2, 3, 12, 13, 40, 41, 45, 57, 70] - 3941, [1, 2, 3, 12, 13, 40, 41, 45, 57, 70] - 3941, [1, 2, 3, 12, 13, 40, 41, 45, 57, 70] - 3941]
melhor indiv??duo da gera????o:[1, 2, 9, 13, 40, 41, 45, 57, 70] - 3733
gera????o: 25: 
[[1, 2, 9, 13, 40, 41, 45, 57, 70] - 3733, [1, 2, 9, 13, 40, 41, 45, 57, 70] - 3733, [1, 2, 9, 13, 40, 41, 45, 57, 70] - 3733, [1, 2, 9, 13, 40, 41, 45, 57, 70] - 3733, [1, 2, 9, 13, 40, 41, 45, 57, 70] - 3733, [1, 2, 9, 13, 40, 41, 45, 57, 70] - 3733, [1, 2, 9, 13, 40, 41, 45, 57, 70] - 3733, [1, 2, 9, 13, 40, 41, 45, 57, 70] - 3733, [1, 2, 9, 13, 40, 41, 45, 57, 70] - 3733, [1, 2, 9, 13, 40, 41, 45, 57, 70] - 3733, [1, 2, 3, 12, 13, 40, 41, 45, 57, 70] - 3941, [1, 2, 3, 12, 13, 40, 41, 45, 57, 70] - 3941, [1, 2, 3, 12, 13, 40, 41, 45, 57, 70] - 3941, [1, 2, 3, 12, 13, 40, 41, 45, 57, 70] - 3941]
melhor indiv??duo da gera????o:[1, 2, 9, 13, 40, 41, 45, 57, 70] - 3733
gera????o: 26: 
[[1, 2, 9, 13, 40, 41, 45, 57, 70] - 3733, [1, 2, 9, 13, 40, 41, 45, 57, 70] - 3733, [1, 2, 9, 13, 40, 41, 45, 57, 70] - 3733, [1, 2, 9, 13, 40, 41, 45, 57, 70] - 3733, [1, 2, 9, 13, 40, 41, 45, 57, 70] - 3733, [1, 2, 9, 13, 40, 41, 45, 57, 70] - 3733, [1, 2, 9, 13, 40, 41, 45, 57, 70] - 3733, [1, 2, 9, 13, 40, 41, 45, 57, 70] - 3733, [1, 2, 9, 13, 40, 41, 45, 57, 70] - 3733, [1, 2, 3, 12, 13, 40, 41, 45, 57, 70] - 3941, [1, 2, 3, 12, 13, 40, 41, 45, 57, 70] - 3941, [1, 2, 3, 12, 13, 40, 41, 45, 57, 70] - 3941, [1, 2, 3, 12, 13, 40, 41, 45, 57, 70] - 3941, [1, 2, 3, 12, 13, 40, 41, 45, 57, 70] - 3941]
melhor indiv??duo da gera????o:[1, 2, 9, 13, 40, 41, 45, 57, 70] - 3733
gera????o: 27: 
[[1, 2, 9, 13, 40, 41, 45, 57, 70] - 3733, [1, 2, 9, 13, 40, 41, 45, 57, 70] - 3733, [1, 2, 9, 13, 40, 41, 45, 57, 70] - 3733, [1, 2, 9, 13, 40, 41, 45, 57, 70] - 3733, [1, 2, 9, 13, 40, 41, 45, 57, 70] - 3733, [1, 2, 9, 13, 40, 41, 45, 57, 70] - 3733, [1, 2, 9, 13, 40, 41, 45, 57, 70] - 3733, [1, 2, 9, 13, 40, 41, 45, 57, 70] - 3733, [1, 2, 9, 13, 40, 41, 45, 57, 70] - 3733, [1, 2, 9, 13, 40, 41, 45, 57, 70] - 3733, [1, 2, 3, 12, 13, 40, 41, 45, 57, 70] - 3941, [1, 2, 3, 12, 13, 40, 41, 45, 57, 70] - 3941, [1, 2, 3, 12, 13, 40, 41, 45, 57, 70] - 3941, [1, 2, 3, 12, 13, 40, 41, 45, 57, 70] - 3941, [1, 2, 3, 12, 13, 40, 41, 45, 57, 70] - 3941, [1, 2, 3, 12, 13, 40, 41, 45, 57, 70] - 3941, [1, 2, 3, 12, 13, 40, 41, 45, 57, 70] - 3941]
melhor indiv??duo da gera????o:[1, 2, 9, 13, 40, 41, 45, 57, 70] - 3733
gera????o: 28: 
[[1, 2, 9, 13, 40, 41, 45, 57, 70] - 3733, [1, 2, 9, 13, 40, 41, 45, 57, 70] - 3733, [1, 2, 9, 13, 40, 41, 45, 57, 70] - 3733, [1, 2, 9, 13, 40, 41, 45, 57, 70] - 3733, [1, 2, 9, 13, 40, 41, 45, 57, 70] - 3733, [1, 2, 9, 13, 40, 41, 45, 57, 70] - 3733, [1, 2, 9, 13, 40, 41, 45, 57, 70] - 3733, [1, 2, 9, 13, 40, 41, 45, 57, 70] - 3733, [1, 2, 9, 13, 40, 41, 45, 57, 70] - 3733, [1, 2, 9, 13, 40, 41, 45, 57, 70] - 3733, [1, 2, 9, 13, 40, 41, 45, 57, 70] - 3733, [1, 2, 3, 12, 13, 40, 41, 45, 57, 70] - 3941, [1, 2, 3, 12, 13, 40, 41, 45, 57, 70] - 3941, [1, 2, 3, 12, 13, 40, 41, 45, 57, 70] - 3941, [1, 2, 3, 12, 13, 40, 41, 45, 57, 70] - 3941]
melhor indiv??duo da gera????o:[1, 2, 9, 13, 40, 41, 45, 57, 70] - 3733
gera????o: 29: 
[[1, 2, 9, 13, 40, 41, 45, 57, 70] - 3733, [1, 2, 9, 13, 40, 41, 45, 57, 70] - 3733, [1, 2, 9, 13, 40, 41, 45, 57, 70] - 3733, [1, 2, 9, 13, 40, 41, 45, 57, 70] - 3733, [1, 2, 9, 13, 40, 41, 45, 57, 70] - 3733, [1, 2, 9, 13, 40, 41, 45, 57, 70] - 3733, [1, 2, 9, 13, 40, 41, 45, 57, 70] - 3733, [1, 2, 9, 13, 40, 41, 45, 57, 70] - 3733, [1, 2, 9, 13, 40, 41, 45, 57, 70] - 3733, [1, 2, 9, 13, 40, 41, 45, 57, 70] - 3733, [1, 2, 9, 13, 40, 41, 45, 57, 70] - 3733, [1, 2, 3, 12, 13, 40, 41, 45, 57, 70] - 3941, [1, 2, 3, 12, 13, 40, 41, 45, 57, 70] - 3941, [1, 2, 3, 12, 13, 40, 41, 45, 57, 70] - 3941]
melhor indiv??duo da gera????o:[1, 2, 9, 13, 40, 41, 45, 57, 70] - 3733
gera????o: 30: 
[[1, 2, 9, 13, 40, 41, 45, 57, 70] - 3733, [1, 2, 9, 13, 40, 41, 45, 57, 70] - 3733, [1, 2, 9, 13, 40, 41, 45, 57, 70] - 3733, [1, 2, 9, 13, 40, 41, 45, 57, 70] - 3733, [1, 2, 9, 13, 40, 41, 45, 57, 70] - 3733, [1, 2, 9, 13, 40, 41, 45, 57, 70] - 3733, [1, 2, 9, 13, 40, 41, 45, 57, 70] - 3733, [1, 2, 9, 13, 40, 41, 45, 57, 70] - 3733, [1, 2, 9, 13, 40, 41, 45, 57, 70] - 3733, [1, 2, 9, 13, 40, 41, 45, 57, 70] - 3733, [1, 2, 9, 13, 40, 41, 45, 57, 70] - 3733, [1, 2, 3, 12, 13, 40, 41, 45, 57, 70] - 3941, [1, 2, 3, 12, 13, 40, 41, 45, 57, 70] - 3941]
melhor indiv??duo da gera????o:[1, 2, 9, 13, 40, 41, 45, 57, 70] - 3733
gera????o: 31: 
[[1, 2, 9, 13, 40, 41, 45, 57, 70] - 3733, [1, 2, 9, 13, 40, 41, 45, 57, 70] - 3733, [1, 2, 9, 13, 40, 41, 45, 57, 70] - 3733, [1, 2, 9, 13, 40, 41, 45, 57, 70] - 3733, [1, 2, 9, 13, 40, 41, 45, 57, 70] - 3733, [1, 2, 9, 13, 40, 41, 45, 57, 70] - 3733, [1, 2, 9, 13, 40, 41, 45, 57, 70] - 3733, [1, 2, 9, 13, 40, 41, 45, 57, 70] - 3733, [1, 2, 9, 13, 40, 41, 45, 57, 70] - 3733, [1, 2, 9, 13, 40, 41, 45, 57, 70] - 3733, [1, 2, 3, 12, 13, 40, 41, 45, 57, 70] - 3941, [1, 2, 3, 12, 13, 40, 41, 45, 57, 70] - 3941]
melhor indiv??duo da gera????o:[1, 2, 9, 13, 40, 41, 45, 57, 70] - 3733
gera????o: 32: 
[[1, 2, 9, 13, 40, 41, 45, 57, 70] - 3733, [1, 2, 9, 13, 40, 41, 45, 57, 70] - 3733, [1, 2, 9, 13, 40, 41, 45, 57, 70] - 3733, [1, 2, 9, 13, 40, 41, 45, 57, 70] - 3733, [1, 2, 9, 13, 40, 41, 45, 57, 70] - 3733, [1, 2, 9, 13, 40, 41, 45, 57, 70] - 3733, [1, 2, 9, 13, 40, 41, 45, 57, 70] - 3733, [1, 2, 9, 13, 40, 41, 45, 57, 70] - 3733, [1, 2, 9, 13, 40, 41, 45, 57, 70] - 3733, [1, 2, 3, 12, 13, 40, 41, 45, 57, 70] - 3941]
melhor indiv??duo da gera????o:[1, 2, 9, 13, 40, 41, 45, 57, 70] - 3733
gera????o: 33: 
[[1, 2, 9, 13, 40, 41, 45, 57, 70] - 3733, [1, 2, 9, 13, 40, 41, 45, 57, 70] - 3733, [1, 2, 9, 13, 40, 41, 45, 57, 70] - 3733, [1, 2, 9, 13, 40, 41, 45, 57, 70] - 3733, [1, 2, 9, 13, 40, 41, 45, 57, 70] - 3733, [1, 2, 9, 13, 40, 41, 45, 57, 70] - 3733, [1, 2, 9, 13, 40, 41, 45, 57, 70] - 3733, [1, 2, 9, 13, 40, 41, 45, 57, 70] - 3733, [1, 2, 3, 12, 13, 40, 41, 45, 57, 70] - 3941]
melhor indiv??duo da gera????o:[1, 2, 9, 13, 40, 41, 45, 57, 70] - 3733
gera????o: 34: 
[[1, 2, 9, 13, 40, 41, 45, 57, 70] - 3733, [1, 2, 9, 13, 40, 41, 45, 57, 70] - 3733, [1, 2, 9, 13, 40, 41, 45, 57, 70] - 3733, [1, 2, 9, 13, 40, 41, 45, 57, 70] - 3733, [1, 2, 9, 13, 40, 41, 45, 57, 70] - 3733, [1, 2, 9, 13, 40, 41, 45, 57, 70] - 3733, [1, 2, 9, 13, 40, 41, 45, 57, 70] - 3733, [1, 2, 3, 12, 13, 40, 41, 45, 57, 70] - 3941]
melhor indiv??duo da gera????o:[1, 2, 9, 13, 40, 41, 45, 57, 70] - 3733
gera????o: 35: 
[[1, 2, 9, 13, 40, 41, 45, 57, 70] - 3733, [1, 2, 9, 13, 40, 41, 45, 57, 70] - 3733, [1, 2, 9, 13, 40, 41, 45, 57, 70] - 3733, [1, 2, 9, 13, 40, 41, 45, 57, 70] - 3733, [1, 2, 9, 13, 40, 41, 45, 57, 70] - 3733, [1, 2, 9, 13, 40, 41, 45, 57, 70] - 3733]
melhor indiv??duo da gera????o:[1, 2, 9, 13, 40, 41, 45, 57, 70] - 3733
gera????o: 36: 
[[1, 2, 9, 13, 40, 41, 45, 57, 70] - 3733, [1, 2, 9, 13, 40, 41, 45, 57, 70] - 3733, [1, 2, 9, 13, 40, 41, 45, 57, 70] - 3733, [1, 2, 9, 13, 40, 41, 45, 57, 70] - 3733, [1, 2, 9, 13, 40, 41, 45, 57, 70] - 3733]
melhor indiv??duo da gera????o:[1, 2, 9, 13, 40, 41, 45, 57, 70] - 3733
gera????o: 37: 
[[1, 2, 9, 13, 40, 41, 45, 57, 70] - 3733, [1, 2, 9, 13, 40, 41, 45, 57, 70] - 3733, [1, 2, 9, 13, 40, 41, 45, 57, 70] - 3733, [1, 2, 9, 13, 40, 41, 45, 57, 70] - 3733]
melhor indiv??duo da gera????o:[1, 2, 9, 13, 40, 41, 45, 57, 70] - 3733
gera????o: 38: 
[[1, 2, 9, 13, 40, 41, 45, 57, 70] - 3733, [1, 2, 9, 13, 40, 41, 45, 57, 70] - 3733, [1, 2, 9, 13, 40, 41, 45, 57, 70] - 3733]
melhor indiv??duo da gera????o:[1, 2, 9, 13, 40, 41, 45, 57, 70] - 3733
gera????o: 39: 
[[1, 2, 9, 13, 40, 41, 45, 57, 70] - 3733, [1, 2, 9, 13, 40, 41, 45, 57, 70] - 3733]
melhor indiv??duo da gera????o:[1, 2, 9, 13, 40, 41, 45, 57, 70] - 3733
gera????o: 40: 
[[1, 2, 9, 13, 40, 41, 45, 57, 70] - 3733]
melhor indiv??duo da gera????o:[1, 2, 9, 13, 40, 41, 45, 57, 70] - 3733
______________________________________________________________________________________________________________________________
