gera????o: 1: 
[[1, 3, 12, 14, 25, 33, 49, 55, 57, 70] - 3722, [1, 2, 9, 11, 21, 31, 40, 44, 45, 57, 70] - 3799, [1, 3, 23, 33, 34, 46, 49, 55, 58, 62, 70] - 4189, [1, 3, 9, 13, 21, 23, 33, 46, 49, 58, 62, 70] - 4218, [1, 4, 10, 11, 20, 37, 39, 56, 63, 70] - 4307, [1, 4, 11, 21, 31, 40, 44, 50, 53, 54, 61, 63, 70] - 4387, [1, 4, 10, 20, 37, 39, 44, 55, 58, 62, 70] - 4463, [1, 3, 9, 21, 31, 41, 44, 45, 47, 55, 58, 62, 70] - 4474, [1, 3, 12, 14, 17, 26, 33, 46, 47, 55, 57, 70] - 4588, [1, 2, 4, 11, 21, 31, 32, 39, 44, 55, 57, 70] - 4595, [1, 4, 10, 11, 21, 22, 25, 33, 34, 35, 36, 49, 58, 62, 70] - 4856, [1, 3, 23, 31, 40, 41, 46, 49, 55, 56, 63, 70] - 5015, [1, 2, 4, 11, 21, 31, 32, 39, 44, 50, 53, 54, 56, 61, 63, 70] - 5029, [1, 2, 3, 9, 11, 20, 21, 31, 40, 41, 45, 47, 49, 58, 62, 70] - 5176, [1, 4, 10, 11, 20, 31, 32, 37, 42, 50, 53, 61, 68, 70] - 5586, [1, 3, 9, 13, 40, 44, 56, 60, 64, 66, 67, 69, 70] - 5663, [1, 2, 3, 13, 21, 22, 25, 33, 39, 44, 50, 53, 60, 65, 68, 70] - 6091, [1, 2, 4, 11, 20, 29, 38, 43, 51, 59, 64, 66, 67, 68, 70] - 6235, [1, 3, 13, 14, 22, 24, 34, 46, 47, 55, 56, 60, 64, 67, 69, 70] - 6847, [1, 4, 11, 20, 31, 41, 45, 47, 56, 60, 65, 66, 67, 68, 70] - 7512]
melhor indiv??duo da gera????o:[1, 3, 12, 14, 25, 33, 49, 55, 57, 70] - 3722
gera????o: 2: 
[[1, 2, 9, 13, 40, 41, 45, 57, 70] - 3733, [1, 4, 10, 11, 21, 23, 33, 47, 55, 58, 62, 70] - 3823, [1, 3, 9, 13, 31, 41, 45, 56, 63, 70] - 3935, [1, 3, 9, 13, 21, 23, 33, 46, 49, 58, 62, 70] - 4218, [1, 4, 10, 20, 31, 41, 45, 47, 55, 57, 70] - 4321, [1, 2, 9, 11, 21, 22, 33, 41, 46, 49, 58, 62, 70] - 4426, [1, 3, 9, 21, 31, 41, 44, 45, 47, 55, 58, 62, 70] - 4474, [1, 3, 5, 12, 22, 24, 28, 36, 49, 58, 62, 70] - 4496, [1, 2, 4, 11, 21, 31, 32, 39, 44, 55, 57, 70] - 4595, [1, 4, 10, 11, 21, 22, 25, 33, 34, 35, 36, 49, 58, 62, 70] - 4856, [1, 2, 4, 11, 21, 31, 32, 39, 44, 50, 53, 54, 56, 61, 63, 70] - 5029, [1, 3, 23, 33, 41, 46, 47, 56, 61, 68, 70] - 5129, [1, 4, 11, 20, 30, 32, 39, 44, 56, 61, 68, 70] - 5232, [1, 4, 10, 11, 20, 31, 32, 37, 42, 50, 53, 61, 68, 70] - 5586, [1, 4, 10, 11, 20, 39, 50, 53, 60, 64, 67, 68, 70] - 5677, [1, 4, 10, 20, 29, 38, 43, 52, 60, 65, 67, 68, 70] - 6053, [1, 2, 4, 11, 20, 29, 38, 43, 51, 59, 64, 66, 67, 68, 70] - 6235, [1, 3, 12, 22, 23, 31, 41, 47, 49, 55, 56, 60, 61, 68, 70] - 6407, [1, 3, 13, 14, 22, 24, 34, 46, 47, 55, 56, 60, 64, 67, 69, 70] - 6847, [1, 4, 11, 21, 22, 23, 25, 26, 28, 34, 41, 47, 56, 60, 64, 65, 68, 70] - 7070]
melhor indiv??duo da gera????o:[1, 2, 9, 13, 40, 41, 45, 57, 70] - 3733
gera????o: 3: 
[[1, 4, 10, 11, 21, 23, 33, 47, 55, 58, 62, 70] - 3823, [1, 4, 10, 11, 21, 31, 33, 46, 49, 58, 62, 70] - 4208, [1, 2, 9, 11, 21, 31, 41, 46, 49, 58, 62, 70] - 4315, [1, 2, 9, 11, 21, 22, 33, 41, 46, 49, 58, 62, 70] - 4426, [1, 3, 9, 21, 31, 41, 44, 45, 47, 55, 58, 62, 70] - 4474, [1, 4, 11, 21, 23, 25, 33, 34, 46, 47, 55, 58, 62, 70] - 4569, [1, 4, 11, 20, 39, 44, 56, 61, 63, 70] - 4683, [1, 4, 10, 11, 21, 22, 25, 33, 34, 35, 36, 49, 58, 62, 70] - 4856, [1, 2, 4, 11, 21, 31, 32, 39, 44, 50, 53, 54, 56, 61, 63, 70] - 5029, [1, 3, 23, 33, 41, 46, 47, 56, 61, 68, 70] - 5129, [1, 4, 11, 20, 30, 32, 39, 44, 56, 61, 68, 70] - 5232, [1, 4, 11, 20, 31, 33, 46, 47, 56, 61, 63, 70] - 5390, [1, 2, 3, 23, 25, 26, 31, 40, 41, 45, 47, 55, 56, 57, 70] - 5534, [1, 4, 10, 11, 20, 39, 50, 53, 60, 64, 67, 68, 70] - 5677, [1, 4, 11, 21, 23, 31, 32, 37, 38, 43, 51, 59, 60, 64, 65, 68, 70] - 5914, [1, 4, 10, 20, 29, 38, 43, 52, 60, 65, 67, 68, 70] - 6053, [1, 3, 23, 31, 40, 44, 45, 47, 56, 61, 65, 66, 67, 69, 70] - 6233, [1, 3, 5, 12, 13, 22, 25, 33, 39, 42, 51, 59, 66, 67, 69, 70] - 6254, [1, 3, 9, 13, 22, 23, 31, 32, 39, 56, 60, 64, 66, 67, 68, 70] - 6412, [1, 4, 11, 21, 22, 23, 25, 26, 28, 34, 41, 47, 56, 60, 64, 65, 68, 70] - 7070]
melhor indiv??duo da gera????o:[1, 4, 10, 11, 21, 23, 33, 47, 55, 58, 62, 70] - 3823
gera????o: 4: 
[[1, 4, 10, 11, 21, 23, 33, 47, 55, 58, 62, 70] - 3823, [1, 4, 11, 21, 23, 25, 33, 47, 55, 57, 70] - 3921, [1, 3, 5, 6, 17, 26, 33, 49, 55, 58, 62, 70] - 4078, [1, 4, 11, 21, 31, 40, 44, 55, 57, 70] - 4147, [1, 2, 9, 11, 21, 31, 41, 46, 49, 58, 62, 70] - 4315, [1, 2, 4, 10, 11, 21, 23, 25, 33, 46, 49, 58, 62, 70] - 4375, [1, 3, 5, 12, 14, 25, 33, 46, 47, 56, 63, 70] - 4458, [1, 4, 11, 21, 23, 25, 33, 34, 46, 47, 55, 58, 62, 70] - 4569, [1, 4, 11, 21, 23, 31, 32, 39, 56, 61, 63, 70] - 4680, [1, 2, 4, 11, 20, 30, 32, 39, 40, 41, 45, 57, 70] - 4832, [1, 2, 4, 11, 21, 31, 40, 41, 46, 49, 55, 58, 62, 70] - 4895, [1, 2, 4, 11, 21, 31, 32, 39, 44, 50, 53, 54, 56, 61, 63, 70] - 5029, [1, 4, 11, 20, 30, 32, 39, 44, 56, 61, 68, 70] - 5232, [1, 4, 10, 11, 20, 21, 31, 33, 47, 56, 61, 68, 70] - 5391, [1, 4, 10, 11, 20, 39, 50, 53, 60, 64, 67, 68, 70] - 5677, [1, 4, 11, 20, 29, 38, 43, 51, 59, 64, 66, 67, 69, 70] - 5976, [1, 3, 12, 14, 17, 26, 31, 33, 40, 44, 45, 47, 56, 57, 70] - 6065, [1, 3, 5, 12, 13, 22, 25, 33, 39, 42, 51, 59, 66, 67, 69, 70] - 6254, [1, 3, 9, 13, 22, 23, 31, 32, 39, 56, 60, 64, 66, 67, 68, 70] - 6412, [1, 2, 3, 13, 22, 23, 31, 40, 41, 46, 47, 56, 60, 65, 68, 70] - 6508]
melhor indiv??duo da gera????o:[1, 4, 10, 11, 21, 23, 33, 47, 55, 58, 62, 70] - 3823
gera????o: 5: 
[[1, 3, 13, 22, 25, 33, 49, 55, 58, 62, 70] - 3854, [1, 2, 9, 21, 23, 33, 34, 46, 49, 58, 62, 70] - 4034, [1, 2, 3, 5, 12, 13, 40, 44, 56, 57, 70] - 4131, [1, 2, 9, 13, 31, 33, 40, 41, 45, 56, 63, 70] - 4199, [1, 2, 4, 10, 11, 21, 23, 25, 33, 46, 49, 58, 62, 70] - 4375, [1, 4, 11, 21, 23, 25, 33, 34, 46, 47, 55, 58, 62, 70] - 4569, [1, 4, 11, 21, 23, 31, 32, 39, 56, 61, 63, 70] - 4680, [1, 2, 4, 10, 20, 21, 23, 31, 40, 44, 56, 57, 70] - 4829, [1, 2, 4, 11, 21, 23, 31, 32, 40, 44, 45, 47, 49, 58, 62, 70] - 4868, [1, 2, 4, 10, 11, 21, 22, 33, 46, 47, 56, 57, 70] - 4946, [1, 2, 4, 11, 21, 23, 25, 26, 34, 41, 47, 49, 58, 62, 70] - 5015, [1, 4, 11, 20, 30, 32, 39, 44, 56, 61, 68, 70] - 5232, [1, 4, 11, 20, 37, 38, 43, 51, 59, 60, 61, 68, 70] - 5454, [1, 3, 13, 23, 25, 33, 47, 56, 61, 65, 67, 69, 70] - 5574, [1, 4, 10, 11, 20, 39, 50, 53, 60, 64, 67, 68, 70] - 5677, [1, 4, 11, 20, 29, 38, 43, 51, 59, 64, 66, 67, 69, 70] - 5976, [1, 3, 12, 14, 17, 26, 31, 33, 40, 44, 45, 47, 56, 57, 70] - 6065, [1, 3, 5, 12, 13, 22, 25, 33, 39, 42, 51, 59, 66, 67, 69, 70] - 6254, [1, 4, 10, 11, 20, 29, 38, 43, 52, 59, 60, 64, 66, 67, 69, 70] - 6356, [1, 2, 3, 13, 22, 23, 31, 40, 41, 46, 47, 56, 60, 65, 68, 70] - 6508]
melhor indiv??duo da gera????o:[1, 3, 13, 22, 25, 33, 49, 55, 58, 62, 70] - 3854
gera????o: 6: 
[[1, 2, 9, 13, 22, 33, 47, 49, 58, 62, 70] - 3795, [1, 3, 23, 25, 26, 33, 49, 58, 62, 70] - 3878, [1, 4, 11, 21, 23, 33, 47, 49, 58, 62, 70] - 4047, [1, 2, 3, 23, 25, 33, 47, 56, 63, 70] - 4119, [1, 2, 4, 10, 20, 39, 56, 63, 70] - 4181, [1, 2, 4, 10, 11, 21, 23, 25, 33, 46, 49, 58, 62, 70] - 4375, [1, 4, 11, 21, 23, 25, 33, 34, 46, 47, 55, 58, 62, 70] - 4569, [1, 4, 11, 21, 23, 31, 32, 39, 56, 61, 63, 70] - 4680, [1, 2, 4, 10, 20, 21, 23, 31, 40, 44, 56, 57, 70] - 4829, [1, 2, 4, 11, 21, 23, 31, 32, 40, 44, 45, 47, 49, 58, 62, 70] - 4868, [1, 2, 4, 10, 11, 21, 22, 33, 46, 47, 56, 57, 70] - 4946, [1, 2, 4, 11, 21, 23, 25, 26, 34, 41, 47, 49, 58, 62, 70] - 5015, [1, 2, 9, 13, 14, 25, 33, 41, 44, 50, 53, 54, 61, 65, 68, 70] - 5262, [1, 2, 3, 9, 11, 20, 37, 42, 51, 59, 60, 65, 68, 70] - 5364, [1, 2, 3, 9, 13, 21, 31, 32, 37, 38, 43, 52, 53, 54, 56, 61, 63, 70] - 5541, [1, 4, 10, 11, 20, 32, 39, 56, 60, 61, 63, 70] - 5654, [1, 4, 10, 11, 20, 39, 53, 54, 56, 60, 65, 68, 70] - 5825, [1, 3, 12, 14, 17, 26, 31, 33, 40, 44, 45, 47, 56, 57, 70] - 6065, [1, 4, 10, 11, 20, 29, 38, 43, 52, 59, 60, 64, 66, 67, 69, 70] - 6356, [1, 2, 3, 13, 22, 23, 31, 40, 41, 46, 47, 56, 60, 65, 68, 70] - 6508]
melhor indiv??duo da gera????o:[1, 2, 9, 13, 22, 33, 47, 49, 58, 62, 70] - 3795
gera????o: 7: 
[[1, 3, 23, 25, 26, 33, 49, 58, 62, 70] - 3878, [1, 2, 3, 23, 25, 33, 47, 56, 63, 70] - 4119, [1, 2, 4, 10, 20, 39, 56, 63, 70] - 4181, [1, 2, 3, 13, 23, 25, 33, 41, 47, 49, 58, 62, 70] - 4455, [1, 2, 4, 10, 20, 30, 32, 39, 40, 44, 45, 57, 70] - 4543, [1, 3, 13, 22, 24, 36, 48, 58, 62, 70] - 4633, [1, 2, 9, 13, 23, 25, 26, 28, 34, 46, 47, 49, 55, 58, 62, 70] - 4675, [1, 2, 9, 21, 22, 24, 36, 48, 58, 62, 70] - 4682, [1, 4, 11, 20, 31, 32, 40, 44, 55, 57, 70] - 4783, [1, 3, 5, 6, 7, 14, 24, 27, 35, 49, 55, 58, 62, 70] - 4838, [1, 2, 4, 11, 21, 23, 31, 32, 40, 44, 45, 47, 49, 58, 62, 70] - 4868, [1, 4, 10, 20, 32, 37, 39, 40, 41, 44, 45, 56, 63, 70] - 5009, [1, 3, 12, 14, 22, 33, 39, 56, 61, 68, 70] - 5146, [1, 2, 9, 13, 14, 25, 33, 41, 44, 50, 53, 54, 61, 65, 68, 70] - 5262, [1, 2, 3, 9, 11, 20, 37, 42, 51, 59, 60, 65, 68, 70] - 5364, [1, 2, 3, 9, 13, 21, 31, 32, 37, 38, 43, 52, 53, 54, 56, 61, 63, 70] - 5541, [1, 4, 10, 11, 20, 32, 39, 56, 60, 61, 63, 70] - 5654, [1, 2, 4, 10, 20, 32, 37, 42, 43, 51, 59, 66, 67, 69, 70] - 5923, [1, 4, 10, 11, 20, 29, 38, 43, 52, 59, 60, 64, 66, 67, 69, 70] - 6356, [1, 3, 13, 14, 22, 24, 28, 34, 41, 46, 47, 49, 55, 56, 61, 63, 70] - 6509]
melhor indiv??duo da gera????o:[1, 3, 23, 25, 26, 33, 49, 58, 62, 70] - 3878
gera????o: 8: 
[[1, 2, 3, 9, 21, 22, 33, 47, 55, 57, 70] - 3916, [1, 2, 3, 23, 25, 33, 47, 56, 63, 70] - 4119, [1, 2, 4, 10, 20, 39, 56, 63, 70] - 4181, [1, 3, 9, 13, 22, 33, 46, 47, 56, 63, 70] - 4484, [1, 2, 9, 11, 21, 22, 23, 25, 26, 34, 35, 49, 55, 58, 62, 70] - 4542, [1, 3, 13, 22, 24, 36, 48, 58, 62, 70] - 4633, [1, 2, 9, 21, 22, 24, 36, 48, 58, 62, 70] - 4682, [1, 4, 10, 11, 20, 31, 32, 40, 44, 56, 57, 70] - 4731, [1, 3, 5, 6, 7, 14, 24, 27, 35, 49, 55, 58, 62, 70] - 4838, [1, 2, 3, 9, 11, 21, 22, 25, 33, 34, 35, 46, 49, 58, 62, 70] - 4870, [1, 2, 4, 10, 11, 21, 22, 23, 33, 46, 47, 56, 57, 70] - 4955, [1, 2, 9, 13, 14, 22, 25, 26, 34, 41, 47, 55, 56, 63, 70] - 4992, [1, 3, 9, 21, 22, 23, 25, 26, 28, 34, 35, 36, 48, 58, 62, 70] - 5059, [1, 2, 9, 13, 14, 25, 33, 41, 44, 50, 53, 54, 61, 65, 68, 70] - 5262, [1, 2, 3, 9, 11, 20, 37, 42, 51, 59, 60, 65, 68, 70] - 5364, [1, 4, 10, 11, 20, 32, 39, 56, 60, 61, 63, 70] - 5654, [1, 2, 4, 10, 20, 32, 37, 42, 43, 51, 59, 66, 67, 69, 70] - 5923, [1, 4, 11, 20, 37, 39, 40, 41, 44, 53, 60, 64, 66, 67, 69, 70] - 6392, [1, 3, 13, 14, 22, 24, 28, 34, 41, 46, 47, 49, 55, 56, 61, 63, 70] - 6509, [1, 2, 4, 10, 11, 20, 21, 23, 31, 40, 41, 44, 50, 53, 54, 56, 60, 61, 68, 70] - 7063]
melhor indiv??duo da gera????o:[1, 2, 3, 9, 21, 22, 33, 47, 55, 57, 70] - 3916
gera????o: 9: 
[[1, 3, 5, 6, 26, 34, 46, 47, 49, 58, 62, 70] - 4043, [1, 2, 9, 11, 21, 22, 25, 33, 46, 49, 58, 62, 70] - 4120, [1, 2, 4, 10, 20, 39, 56, 63, 70] - 4181, [1, 3, 9, 13, 22, 33, 46, 47, 56, 63, 70] - 4484, [1, 2, 9, 11, 21, 22, 23, 25, 26, 34, 35, 49, 55, 58, 62, 70] - 4542, [1, 3, 13, 22, 24, 36, 48, 58, 62, 70] - 4633, [1, 4, 10, 11, 21, 22, 33, 34, 35, 46, 49, 58, 62, 70] - 4726, [1, 2, 3, 9, 11, 20, 39, 40, 41, 47, 55, 57, 70] - 4742, [1, 3, 5, 6, 7, 14, 24, 27, 35, 49, 55, 58, 62, 70] - 4838, [1, 4, 11, 20, 21, 23, 31, 41, 45, 57, 70] - 4876, [1, 2, 4, 11, 21, 23, 31, 33, 34, 46, 47, 49, 58, 62, 70] - 4911, [1, 2, 9, 13, 14, 22, 25, 26, 34, 41, 47, 55, 56, 63, 70] - 4992, [1, 3, 5, 6, 8, 15, 16, 18, 19, 24, 28, 34, 35, 36, 48, 58, 62, 70] - 5107, [1, 4, 10, 11, 20, 21, 22, 33, 41, 46, 47, 55, 57, 70] - 5255, [1, 3, 13, 21, 23, 25, 26, 33, 39, 40, 44, 56, 57, 70] - 5337, [1, 2, 3, 9, 11, 20, 37, 42, 51, 59, 60, 65, 68, 70] - 5364, [1, 4, 10, 11, 20, 32, 39, 56, 60, 61, 63, 70] - 5654, [1, 2, 3, 13, 22, 24, 26, 34, 41, 44, 55, 56, 63, 70] - 5746, [1, 4, 11, 20, 37, 39, 40, 41, 44, 53, 60, 64, 66, 67, 69, 70] - 6392, [1, 4, 10, 11, 20, 30, 31, 41, 44, 50, 53, 60, 65, 66, 67, 68, 70] - 6901]
melhor indiv??duo da gera????o:[1, 3, 5, 6, 26, 34, 46, 47, 49, 58, 62, 70] - 4043
gera????o: 10: 
[[1, 3, 5, 6, 26, 34, 46, 47, 49, 58, 62, 70] - 4043, [1, 2, 4, 10, 20, 39, 56, 63, 70] - 4181, [1, 3, 23, 33, 34, 46, 47, 49, 55, 57, 70] - 4307, [1, 3, 9, 13, 22, 33, 46, 47, 56, 63, 70] - 4484, [1, 4, 11, 21, 31, 41, 46, 49, 58, 62, 70] - 4558, [1, 4, 10, 11, 21, 31, 32, 40, 41, 47, 56, 63, 70] - 4587, [1, 2, 4, 11, 21, 23, 33, 34, 41, 45, 56, 63, 70] - 4703, [1, 2, 3, 9, 11, 20, 39, 40, 41, 47, 55, 57, 70] - 4742, [1, 3, 5, 6, 7, 14, 24, 27, 35, 49, 55, 58, 62, 70] - 4838, [1, 4, 11, 20, 21, 23, 31, 41, 45, 57, 70] - 4876, [1, 2, 4, 11, 21, 23, 31, 33, 34, 46, 47, 49, 58, 62, 70] - 4911, [1, 2, 9, 13, 14, 22, 25, 26, 34, 41, 47, 55, 56, 63, 70] - 4992, [1, 3, 5, 6, 8, 15, 16, 18, 19, 24, 28, 34, 35, 36, 48, 58, 62, 70] - 5107, [1, 4, 10, 11, 20, 21, 22, 33, 41, 46, 47, 55, 57, 70] - 5255, [1, 2, 3, 9, 11, 20, 37, 42, 51, 59, 60, 65, 68, 70] - 5364, [1, 4, 10, 11, 20, 32, 39, 56, 60, 61, 63, 70] - 5654, [1, 2, 9, 13, 22, 25, 26, 33, 47, 55, 56, 60, 61, 68, 70] - 5754, [1, 4, 11, 21, 31, 33, 49, 55, 56, 60, 61, 65, 68, 70] - 6220, [1, 4, 10, 11, 20, 37, 42, 43, 51, 59, 60, 64, 65, 66, 67, 69, 70] - 6412, [1, 2, 4, 11, 21, 22, 25, 33, 41, 47, 56, 60, 64, 66, 67, 68, 70] - 6761]
melhor indiv??duo da gera????o:[1, 3, 5, 6, 26, 34, 46, 47, 49, 58, 62, 70] - 4043
melhor valor ?? da gera????o 0!!!!
______________________________________________________________________________________________________________________________
