gera????o: 1: 
[[1, 4, 10, 20, 30, 31, 41, 45, 47, 55, 56, 63, 70] - 4820, [1, 4, 11, 21, 23, 31, 32, 39, 44, 53, 60, 65, 67, 69, 70] - 6353, [1, 3, 5, 12, 13, 22, 25, 33, 41, 46, 47, 56, 63, 70] - 4778, [1, 4, 10, 20, 32, 39, 50, 53, 54, 56, 63, 70] - 4353, [1, 4, 11, 21, 23, 25, 33, 49, 55, 57, 70] - 4033, [1, 4, 10, 11, 20, 30, 31, 33, 49, 58, 62, 70] - 4346, [1, 4, 10, 20, 37, 39, 53, 54, 56, 60, 64, 65, 67, 68, 70] - 6609, [1, 3, 9, 11, 20, 39, 53, 54, 61, 68, 70] - 4794, [1, 4, 10, 20, 30, 32, 39, 53, 61, 65, 68, 70] - 5102, [1, 2, 9, 21, 22, 25, 26, 31, 32, 37, 39, 42, 43, 52, 53, 54, 56, 61, 65, 66, 67, 68, 70] - 8084, [1, 2, 9, 13, 31, 40, 44, 45, 57, 70] - 3772, [1, 4, 10, 11, 20, 37, 39, 42, 50, 53, 54, 56, 57, 70] - 5117, [1, 4, 10, 11, 20, 21, 31, 33, 49, 55, 56, 61, 63, 70] - 5228, [1, 4, 11, 20, 32, 39, 40, 41, 44, 54, 61, 68, 70] - 5316, [1, 3, 23, 33, 49, 58, 62, 70] - 3457, [1, 4, 11, 20, 29, 38, 43, 52, 60, 61, 68, 70] - 5688, [1, 3, 5, 12, 13, 31, 41, 47, 55, 56, 57, 70] - 4655, [1, 4, 10, 20, 37, 39, 42, 51, 59, 64, 65, 68, 70] - 5604, [1, 4, 11, 20, 31, 40, 41, 46, 47, 55, 56, 63, 70] - 5550, [1, 3, 9, 11, 21, 22, 23, 31, 40, 44, 55, 58, 62, 70] - 4547, [1, 2, 3, 5, 6, 26, 34, 41, 47, 55, 58, 62, 70] - 4467, [1, 3, 23, 25, 26, 31, 41, 47, 49, 55, 56, 57, 70] - 5748, [1, 2, 9, 11, 21, 23, 25, 26, 33, 40, 44, 56, 61, 68, 70] - 4977, [1, 2, 3, 5, 6, 26, 34, 46, 49, 55, 57, 70] - 4000, [1, 2, 4, 11, 20, 29, 38, 43, 52, 53, 61, 68, 70] - 5675, [1, 3, 23, 33, 46, 47, 49, 55, 57, 70] - 4228, [1, 2, 9, 13, 14, 17, 26, 34, 41, 45, 56, 61, 68, 70] - 5245, [1, 3, 5, 6, 12, 22, 25, 26, 34, 46, 49, 55, 57, 70] - 3970, [1, 2, 9, 13, 22, 23, 33, 34, 46, 47, 49, 58, 62, 70] - 4310, [1, 2, 9, 11, 21, 23, 33, 34, 35, 49, 58, 62, 70] - 4231, [1, 4, 10, 11, 20, 39, 40, 41, 46, 49, 58, 62, 70] - 5051, [1, 3, 13, 31, 32, 40, 44, 56, 60, 61, 68, 70] - 5354, [1, 2, 4, 11, 20, 37, 38, 43, 52, 53, 61, 68, 70] - 5523, [1, 2, 9, 13, 40, 44, 55, 56, 60, 61, 63, 70] - 5498, [1, 2, 4, 11, 20, 30, 32, 39, 50, 53, 54, 56, 60, 61, 63, 70] - 5989, [1, 2, 9, 13, 21, 23, 31, 33, 41, 46, 47, 56, 57, 70] - 5276, [1, 2, 9, 11, 20, 30, 32, 37, 38, 43, 51, 59, 64, 65, 67, 69, 70] - 6499, [1, 3, 13, 23, 33, 41, 47, 56, 63, 70] - 4267, [1, 3, 23, 25, 26, 34, 41, 46, 49, 58, 62, 70] - 4752, [1, 4, 11, 21, 22, 24, 26, 31, 32, 39, 53, 61, 65, 67, 69, 70] - 7103]
melhor indiv??duo da gera????o:[1, 3, 23, 33, 49, 58, 62, 70] - 3457
gera????o: 2: 
[[1, 4, 11, 21, 23, 31, 32, 39, 44, 53, 60, 65, 67, 69, 70] - 6353, [1, 4, 10, 20, 32, 39, 50, 53, 54, 56, 63, 70] - 4353, [1, 4, 11, 21, 23, 25, 33, 49, 55, 57, 70] - 4033, [1, 4, 10, 11, 20, 30, 31, 33, 49, 58, 62, 70] - 4346, [1, 3, 9, 11, 20, 39, 53, 54, 61, 68, 70] - 4794, [1, 2, 9, 21, 22, 25, 26, 31, 32, 37, 39, 42, 43, 52, 53, 54, 56, 61, 65, 66, 67, 68, 70] - 8084, [1, 2, 9, 13, 31, 40, 44, 45, 57, 70] - 3772, [1, 4, 10, 11, 20, 21, 31, 33, 49, 55, 56, 61, 63, 70] - 5228, [1, 3, 23, 33, 49, 58, 62, 70] - 3457, [1, 3, 5, 12, 13, 31, 41, 47, 55, 56, 57, 70] - 4655, [1, 4, 11, 20, 31, 40, 41, 46, 47, 55, 56, 63, 70] - 5550, [1, 2, 3, 5, 6, 26, 34, 41, 47, 55, 58, 62, 70] - 4467, [1, 2, 9, 11, 21, 23, 25, 26, 33, 40, 44, 56, 61, 68, 70] - 4977, [1, 2, 3, 5, 6, 26, 34, 46, 49, 55, 57, 70] - 4000, [1, 3, 23, 33, 46, 47, 49, 55, 57, 70] - 4228, [1, 3, 5, 6, 12, 22, 25, 26, 34, 46, 49, 55, 57, 70] - 3970, [1, 2, 9, 11, 21, 23, 33, 34, 35, 49, 58, 62, 70] - 4231, [1, 3, 13, 31, 32, 40, 44, 56, 60, 61, 68, 70] - 5354, [1, 2, 9, 13, 40, 44, 55, 56, 60, 61, 63, 70] - 5498, [1, 2, 9, 13, 21, 23, 31, 33, 41, 46, 47, 56, 57, 70] - 5276, [1, 3, 13, 23, 33, 41, 47, 56, 63, 70] - 4267, [1, 4, 11, 21, 22, 24, 26, 31, 32, 39, 53, 61, 65, 67, 69, 70] - 7103, [1, 2, 9, 13, 31, 40, 44, 45, 57, 70] - 3772, [1, 2, 9, 13, 22, 23, 33, 34, 46, 47, 49, 58, 62, 70] - 4310, [1, 3, 9, 11, 20, 39, 53, 54, 61, 68, 70] - 4794, [1, 2, 3, 5, 6, 26, 34, 46, 49, 55, 57, 70] - 4000, [1, 2, 3, 5, 6, 26, 34, 46, 49, 55, 57, 70] - 4000, [1, 2, 3, 5, 6, 26, 34, 46, 49, 55, 57, 70] - 4000, [1, 4, 10, 11, 20, 37, 39, 42, 50, 53, 54, 56, 57, 70] - 5117, [1, 4, 11, 20, 31, 40, 41, 46, 47, 55, 56, 63, 70] - 5550]
melhor indiv??duo da gera????o:[1, 3, 23, 33, 49, 58, 62, 70] - 3457
gera????o: 3: 
[[1, 4, 10, 20, 32, 39, 50, 53, 54, 56, 63, 70] - 4353, [1, 4, 10, 11, 20, 30, 31, 33, 49, 58, 62, 70] - 4346, [1, 2, 9, 21, 22, 25, 26, 31, 32, 37, 39, 42, 43, 52, 53, 54, 56, 61, 65, 66, 67, 68, 70] - 8084, [1, 2, 9, 13, 31, 40, 44, 45, 57, 70] - 3772, [1, 3, 23, 33, 49, 58, 62, 70] - 3457, [1, 4, 11, 20, 31, 40, 41, 46, 47, 55, 56, 63, 70] - 5550, [1, 2, 9, 11, 21, 23, 25, 26, 33, 40, 44, 56, 61, 68, 70] - 4977, [1, 3, 23, 33, 46, 47, 49, 55, 57, 70] - 4228, [1, 2, 9, 11, 21, 23, 33, 34, 35, 49, 58, 62, 70] - 4231, [1, 2, 9, 13, 40, 44, 55, 56, 60, 61, 63, 70] - 5498, [1, 3, 13, 23, 33, 41, 47, 56, 63, 70] - 4267, [1, 2, 9, 13, 31, 40, 44, 45, 57, 70] - 3772, [1, 3, 9, 11, 20, 39, 53, 54, 61, 68, 70] - 4794, [1, 2, 3, 5, 6, 26, 34, 46, 49, 55, 57, 70] - 4000, [1, 4, 10, 11, 20, 37, 39, 42, 50, 53, 54, 56, 57, 70] - 5117, [1, 2, 3, 5, 6, 26, 34, 46, 49, 55, 57, 70] - 4000, [1, 4, 11, 21, 23, 31, 32, 39, 44, 53, 60, 65, 67, 69, 70] - 6353, [1, 2, 9, 21, 22, 25, 26, 31, 32, 37, 39, 42, 43, 52, 53, 54, 56, 61, 65, 66, 67, 68, 70] - 8084, [1, 2, 9, 13, 31, 40, 44, 45, 57, 70] - 3772, [1, 2, 9, 21, 22, 25, 26, 31, 32, 37, 39, 42, 43, 52, 53, 54, 56, 61, 65, 66, 67, 68, 70] - 8084, [1, 2, 9, 21, 22, 25, 26, 31, 32, 37, 39, 42, 43, 52, 53, 54, 56, 61, 65, 66, 67, 68, 70] - 8084]
melhor indiv??duo da gera????o:[1, 3, 23, 33, 49, 58, 62, 70] - 3457
gera????o: 4: 
[[1, 4, 10, 11, 20, 30, 31, 33, 49, 58, 62, 70] - 4346, [1, 2, 9, 13, 31, 40, 44, 45, 57, 70] - 3772, [1, 3, 23, 33, 49, 58, 62, 70] - 3457, [1, 2, 9, 11, 21, 23, 25, 26, 33, 40, 44, 56, 61, 68, 70] - 4977, [1, 2, 9, 11, 21, 23, 33, 34, 35, 49, 58, 62, 70] - 4231, [1, 3, 13, 23, 33, 41, 47, 56, 63, 70] - 4267, [1, 2, 9, 13, 31, 40, 44, 45, 57, 70] - 3772, [1, 2, 3, 5, 6, 26, 34, 46, 49, 55, 57, 70] - 4000, [1, 2, 3, 5, 6, 26, 34, 46, 49, 55, 57, 70] - 4000, [1, 2, 9, 21, 22, 25, 26, 31, 32, 37, 39, 42, 43, 52, 53, 54, 56, 61, 65, 66, 67, 68, 70] - 8084, [1, 2, 9, 21, 22, 25, 26, 31, 32, 37, 39, 42, 43, 52, 53, 54, 56, 61, 65, 66, 67, 68, 70] - 8084, [1, 2, 9, 13, 31, 40, 44, 45, 57, 70] - 3772, [1, 3, 23, 33, 46, 47, 49, 55, 57, 70] - 4228, [1, 2, 3, 5, 6, 26, 34, 46, 49, 55, 57, 70] - 4000, [1, 2, 9, 13, 31, 40, 44, 45, 57, 70] - 3772]
melhor indiv??duo da gera????o:[1, 3, 23, 33, 49, 58, 62, 70] - 3457
gera????o: 5: 
[[1, 2, 9, 13, 31, 40, 44, 45, 57, 70] - 3772, [1, 3, 23, 33, 49, 58, 62, 70] - 3457, [1, 2, 9, 11, 21, 23, 33, 34, 35, 49, 58, 62, 70] - 4231, [1, 2, 9, 13, 31, 40, 44, 45, 57, 70] - 3772, [1, 2, 3, 5, 6, 26, 34, 46, 49, 55, 57, 70] - 4000, [1, 2, 9, 21, 22, 25, 26, 31, 32, 37, 39, 42, 43, 52, 53, 54, 56, 61, 65, 66, 67, 68, 70] - 8084, [1, 3, 23, 33, 46, 47, 49, 55, 57, 70] - 4228, [1, 2, 9, 13, 31, 40, 44, 45, 57, 70] - 3772, [1, 3, 23, 33, 46, 47, 49, 55, 57, 70] - 4228, [1, 2, 9, 11, 21, 23, 33, 34, 35, 49, 58, 62, 70] - 4231, [1, 2, 3, 5, 6, 26, 34, 46, 49, 55, 57, 70] - 4000, [1, 2, 9, 21, 22, 25, 26, 31, 32, 37, 39, 42, 43, 52, 53, 54, 56, 61, 65, 66, 67, 68, 70] - 8084, [1, 2, 3, 5, 6, 26, 34, 46, 49, 55, 57, 70] - 4000, [1, 2, 3, 5, 6, 26, 34, 46, 49, 55, 57, 70] - 4000]
melhor indiv??duo da gera????o:[1, 3, 23, 33, 49, 58, 62, 70] - 3457
gera????o: 6: 
[[1, 3, 23, 33, 49, 58, 62, 70] - 3457, [1, 2, 9, 13, 31, 40, 44, 45, 57, 70] - 3772, [1, 2, 9, 21, 22, 25, 26, 31, 32, 37, 39, 42, 43, 52, 53, 54, 56, 61, 65, 66, 67, 68, 70] - 8084, [1, 2, 9, 13, 31, 40, 44, 45, 57, 70] - 3772, [1, 2, 9, 11, 21, 23, 33, 34, 35, 49, 58, 62, 70] - 4231, [1, 2, 9, 21, 22, 25, 26, 31, 32, 37, 39, 42, 43, 52, 53, 54, 56, 61, 65, 66, 67, 68, 70] - 8084, [1, 2, 3, 5, 6, 26, 34, 46, 49, 55, 57, 70] - 4000, [1, 2, 3, 5, 6, 26, 34, 46, 49, 55, 57, 70] - 4000, [1, 2, 9, 13, 31, 40, 44, 45, 57, 70] - 3772, [1, 2, 3, 5, 6, 26, 34, 46, 49, 55, 57, 70] - 4000, [1, 2, 9, 13, 31, 40, 44, 45, 57, 70] - 3772, [1, 2, 9, 13, 31, 40, 44, 45, 57, 70] - 3772]
melhor indiv??duo da gera????o:[1, 3, 23, 33, 49, 58, 62, 70] - 3457
______________________________________________________________________________________________________________________________
