gera????o: 1: 
[[1, 3, 12, 22, 23, 25, 26, 31, 41, 44, 54, 56, 63, 70] - 4864, [1, 3, 5, 6, 8, 15, 16, 17, 26, 31, 32, 37, 38, 43, 52, 60, 64, 65, 67, 69, 70] - 7476, [1, 4, 10, 11, 21, 31, 32, 39, 53, 61, 65, 66, 67, 68, 70] - 6067, [1, 3, 5, 12, 14, 17, 24, 27, 28, 35, 49, 58, 62, 70] - 4734, [1, 2, 9, 21, 22, 33, 46, 49, 58, 62, 70] - 4083, [1, 3, 13, 14, 17, 18, 24, 28, 34, 46, 47, 56, 61, 63, 70] - 5637, [1, 4, 10, 20, 21, 31, 41, 44, 53, 60, 64, 65, 67, 68, 70] - 6830, [1, 2, 4, 10, 11, 21, 31, 40, 41, 46, 49, 58, 62, 70] - 4591, [1, 4, 11, 21, 23, 33, 49, 58, 62, 70] - 3787, [1, 2, 9, 11, 20, 30, 32, 37, 39, 42, 52, 59, 60, 64, 66, 67, 68, 70] - 6601, [1, 3, 9, 21, 22, 33, 41, 45, 47, 49, 58, 62, 70] - 4412, [1, 2, 4, 11, 21, 22, 25, 33, 34, 35, 36, 49, 55, 57, 70] - 5095, [1, 4, 11, 20, 39, 40, 44, 54, 56, 57, 70] - 4772, [1, 3, 23, 31, 32, 39, 56, 63, 70] - 4139, [1, 3, 13, 22, 25, 26, 31, 33, 34, 41, 46, 47, 55, 57, 70] - 5739, [1, 4, 10, 11, 20, 39, 56, 60, 61, 68, 70] - 5855, [1, 4, 11, 21, 31, 33, 41, 47, 55, 58, 62, 70] - 4323, [1, 2, 4, 10, 20, 39, 56, 63, 70] - 4181, [1, 3, 13, 21, 31, 40, 41, 44, 50, 53, 61, 68, 70] - 4957, [1, 4, 10, 11, 21, 22, 25, 33, 34, 41, 44, 56, 63, 70] - 4834, [1, 4, 11, 21, 31, 33, 46, 47, 55, 56, 61, 63, 70] - 4929, [1, 4, 10, 11, 20, 31, 40, 41, 44, 55, 57, 70] - 4881, [1, 3, 5, 6, 26, 33, 34, 46, 49, 55, 57, 70] - 4340, [1, 3, 23, 31, 32, 39, 42, 51, 59, 60, 61, 68, 70] - 5528, [1, 4, 11, 21, 31, 32, 37, 39, 42, 43, 52, 53, 61, 68, 70] - 5897, [1, 4, 11, 20, 37, 42, 43, 52, 60, 61, 68, 70] - 5534, [1, 2, 9, 21, 23, 25, 26, 28, 34, 41, 46, 49, 55, 57, 70] - 5164, [1, 2, 9, 13, 23, 25, 33, 49, 58, 62, 70] - 3640, [1, 4, 11, 20, 32, 40, 41, 45, 56, 57, 70] - 4737, [1, 2, 9, 21, 31, 33, 47, 49, 55, 56, 57, 70] - 4642, [1, 3, 5, 6, 22, 23, 31, 41, 47, 49, 58, 62, 70] - 4414, [1, 3, 9, 21, 22, 23, 33, 34, 35, 49, 55, 56, 57, 70] - 5289, [1, 2, 3, 12, 14, 24, 27, 28, 36, 48, 58, 62, 70] - 5137, [1, 3, 9, 13, 21, 22, 23, 31, 40, 44, 45, 56, 57, 70] - 4705, [1, 2, 4, 10, 11, 20, 31, 41, 46, 49, 58, 62, 70] - 5083, [1, 3, 13, 21, 23, 25, 26, 34, 41, 46, 49, 55, 56, 60, 61, 68, 70] - 7054, [1, 3, 12, 13, 22, 33, 46, 49, 55, 58, 62, 70] - 4263, [1, 4, 11, 21, 22, 23, 33, 41, 46, 47, 55, 57, 70] - 4650, [1, 4, 10, 11, 20, 39, 44, 45, 56, 63, 70] - 4576, [1, 2, 4, 11, 20, 32, 37, 38, 43, 51, 59, 66, 67, 68, 70] - 6429]
melhor indiv??duo da gera????o:[1, 2, 9, 13, 23, 25, 33, 49, 58, 62, 70] - 3640
gera????o: 2: 
[[1, 3, 5, 6, 8, 15, 16, 17, 26, 31, 32, 37, 38, 43, 52, 60, 64, 65, 67, 69, 70] - 7476, [1, 3, 5, 12, 14, 17, 24, 27, 28, 35, 49, 58, 62, 70] - 4734, [1, 2, 9, 21, 22, 33, 46, 49, 58, 62, 70] - 4083, [1, 4, 10, 20, 21, 31, 41, 44, 53, 60, 64, 65, 67, 68, 70] - 6830, [1, 4, 11, 21, 23, 33, 49, 58, 62, 70] - 3787, [1, 3, 9, 21, 22, 33, 41, 45, 47, 49, 58, 62, 70] - 4412, [1, 4, 11, 20, 39, 40, 44, 54, 56, 57, 70] - 4772, [1, 3, 23, 31, 32, 39, 56, 63, 70] - 4139, [1, 4, 10, 11, 20, 39, 56, 60, 61, 68, 70] - 5855, [1, 4, 11, 21, 31, 33, 41, 47, 55, 58, 62, 70] - 4323, [1, 2, 4, 10, 20, 39, 56, 63, 70] - 4181, [1, 4, 10, 11, 21, 22, 25, 33, 34, 41, 44, 56, 63, 70] - 4834, [1, 4, 10, 11, 20, 31, 40, 41, 44, 55, 57, 70] - 4881, [1, 3, 23, 31, 32, 39, 42, 51, 59, 60, 61, 68, 70] - 5528, [1, 4, 11, 20, 37, 42, 43, 52, 60, 61, 68, 70] - 5534, [1, 2, 9, 13, 23, 25, 33, 49, 58, 62, 70] - 3640, [1, 2, 9, 21, 31, 33, 47, 49, 55, 56, 57, 70] - 4642, [1, 3, 9, 21, 22, 23, 33, 34, 35, 49, 55, 56, 57, 70] - 5289, [1, 3, 9, 13, 21, 22, 23, 31, 40, 44, 45, 56, 57, 70] - 4705, [1, 3, 13, 21, 23, 25, 26, 34, 41, 46, 49, 55, 56, 60, 61, 68, 70] - 7054, [1, 3, 12, 13, 22, 33, 46, 49, 55, 58, 62, 70] - 4263, [1, 4, 10, 11, 20, 39, 44, 45, 56, 63, 70] - 4576, [1, 3, 12, 22, 23, 31, 40, 41, 44, 50, 53, 54, 61, 63, 70] - 4615, [1, 2, 3, 5, 6, 12, 22, 23, 31, 32, 40, 44, 53, 60, 61, 65, 68, 70] - 5825, [1, 3, 12, 13, 40, 41, 45, 57, 70] - 3808, [1, 3, 5, 6, 8, 15, 17, 24, 34, 46, 49, 55, 56, 60, 61, 68, 70] - 6299, [1, 3, 9, 21, 23, 33, 40, 41, 46, 49, 58, 62, 70] - 4801, [1, 4, 11, 20, 21, 23, 25, 26, 34, 46, 47, 49, 58, 62, 70] - 5193, [1, 2, 4, 10, 11, 20, 31, 41, 44, 50, 53, 61, 63, 70] - 5187, [1, 3, 13, 31, 40, 44, 56, 63, 70] - 3737]
melhor indiv??duo da gera????o:[1, 2, 9, 13, 23, 25, 33, 49, 58, 62, 70] - 3640
gera????o: 3: 
[[1, 3, 5, 12, 14, 17, 24, 27, 28, 35, 49, 58, 62, 70] - 4734, [1, 2, 9, 21, 22, 33, 46, 49, 58, 62, 70] - 4083, [1, 4, 11, 21, 23, 33, 49, 58, 62, 70] - 3787, [1, 4, 11, 20, 39, 40, 44, 54, 56, 57, 70] - 4772, [1, 3, 23, 31, 32, 39, 56, 63, 70] - 4139, [1, 4, 11, 21, 31, 33, 41, 47, 55, 58, 62, 70] - 4323, [1, 2, 4, 10, 20, 39, 56, 63, 70] - 4181, [1, 4, 10, 11, 20, 31, 40, 41, 44, 55, 57, 70] - 4881, [1, 4, 11, 20, 37, 42, 43, 52, 60, 61, 68, 70] - 5534, [1, 2, 9, 13, 23, 25, 33, 49, 58, 62, 70] - 3640, [1, 3, 9, 21, 22, 23, 33, 34, 35, 49, 55, 56, 57, 70] - 5289, [1, 3, 13, 21, 23, 25, 26, 34, 41, 46, 49, 55, 56, 60, 61, 68, 70] - 7054, [1, 3, 12, 13, 22, 33, 46, 49, 55, 58, 62, 70] - 4263, [1, 3, 12, 22, 23, 31, 40, 41, 44, 50, 53, 54, 61, 63, 70] - 4615, [1, 3, 12, 13, 40, 41, 45, 57, 70] - 3808, [1, 3, 9, 21, 23, 33, 40, 41, 46, 49, 58, 62, 70] - 4801, [1, 2, 4, 10, 11, 20, 31, 41, 44, 50, 53, 61, 63, 70] - 5187, [1, 3, 13, 31, 40, 44, 56, 63, 70] - 3737, [1, 4, 10, 11, 20, 29, 38, 43, 51, 59, 64, 66, 67, 68, 70] - 6080, [1, 2, 9, 21, 31, 40, 41, 44, 54, 56, 57, 70] - 4262, [1, 4, 10, 20, 31, 41, 44, 53, 54, 56, 61, 63, 70] - 5110, [1, 3, 13, 40, 41, 45, 56, 57, 70] - 4118, [1, 2, 4, 11, 20, 32, 39, 44, 55, 56, 60, 61, 63, 70] - 6527, [1, 3, 9, 21, 31, 33, 46, 49, 58, 62, 70] - 4182]
melhor indiv??duo da gera????o:[1, 2, 9, 13, 23, 25, 33, 49, 58, 62, 70] - 3640
gera????o: 4: 
[[1, 2, 9, 21, 22, 33, 46, 49, 58, 62, 70] - 4083, [1, 4, 11, 21, 23, 33, 49, 58, 62, 70] - 3787, [1, 3, 23, 31, 32, 39, 56, 63, 70] - 4139, [1, 2, 4, 10, 20, 39, 56, 63, 70] - 4181, [1, 4, 11, 20, 37, 42, 43, 52, 60, 61, 68, 70] - 5534, [1, 2, 9, 13, 23, 25, 33, 49, 58, 62, 70] - 3640, [1, 3, 13, 21, 23, 25, 26, 34, 41, 46, 49, 55, 56, 60, 61, 68, 70] - 7054, [1, 3, 12, 22, 23, 31, 40, 41, 44, 50, 53, 54, 61, 63, 70] - 4615, [1, 3, 12, 13, 40, 41, 45, 57, 70] - 3808, [1, 2, 4, 10, 11, 20, 31, 41, 44, 50, 53, 61, 63, 70] - 5187, [1, 3, 13, 31, 40, 44, 56, 63, 70] - 3737, [1, 2, 9, 21, 31, 40, 41, 44, 54, 56, 57, 70] - 4262, [1, 3, 13, 40, 41, 45, 56, 57, 70] - 4118, [1, 3, 9, 21, 31, 33, 46, 49, 58, 62, 70] - 4182, [1, 4, 11, 20, 30, 32, 40, 44, 54, 56, 63, 70] - 4482, [1, 2, 3, 9, 13, 14, 25, 33, 34, 46, 47, 55, 58, 62, 70] - 4685, [1, 2, 4, 11, 20, 39, 56, 60, 64, 67, 68, 70] - 6404, [1, 3, 23, 25, 26, 33, 41, 47, 49, 58, 62, 70] - 4488]
melhor indiv??duo da gera????o:[1, 2, 9, 13, 23, 25, 33, 49, 58, 62, 70] - 3640
gera????o: 5: 
[[1, 4, 11, 21, 23, 33, 49, 58, 62, 70] - 3787, [1, 2, 4, 10, 20, 39, 56, 63, 70] - 4181, [1, 2, 9, 13, 23, 25, 33, 49, 58, 62, 70] - 3640, [1, 3, 12, 22, 23, 31, 40, 41, 44, 50, 53, 54, 61, 63, 70] - 4615, [1, 3, 12, 13, 40, 41, 45, 57, 70] - 3808, [1, 3, 13, 31, 40, 44, 56, 63, 70] - 3737, [1, 3, 13, 40, 41, 45, 56, 57, 70] - 4118, [1, 4, 11, 20, 30, 32, 40, 44, 54, 56, 63, 70] - 4482, [1, 2, 4, 11, 20, 39, 56, 60, 64, 67, 68, 70] - 6404, [1, 4, 10, 11, 20, 29, 37, 42, 51, 59, 64, 66, 67, 68, 70] - 6133, [1, 3, 12, 14, 22, 23, 31, 33, 49, 58, 62, 70] - 3961, [1, 2, 4, 10, 11, 21, 31, 40, 41, 45, 57, 70] - 4008, [1, 4, 10, 11, 21, 23, 25, 26, 33, 41, 47, 56, 57, 70] - 5085, [1, 2, 3, 23, 31, 41, 47, 49, 55, 56, 63, 70] - 4970, [1, 4, 10, 11, 21, 23, 31, 41, 47, 56, 57, 70] - 4890, [1, 2, 4, 10, 20, 32, 39, 50, 53, 54, 56, 63, 70] - 4430, [1, 2, 9, 11, 21, 31, 33, 39, 42, 43, 51, 59, 60, 64, 67, 68, 70] - 6327]
melhor indiv??duo da gera????o:[1, 2, 9, 13, 23, 25, 33, 49, 58, 62, 70] - 3640
gera????o: 6: 
[[1, 4, 11, 21, 23, 33, 49, 58, 62, 70] - 3787, [1, 2, 4, 10, 20, 39, 56, 63, 70] - 4181, [1, 2, 9, 13, 23, 25, 33, 49, 58, 62, 70] - 3640, [1, 3, 12, 13, 40, 41, 45, 57, 70] - 3808, [1, 3, 13, 31, 40, 44, 56, 63, 70] - 3737, [1, 3, 13, 40, 41, 45, 56, 57, 70] - 4118, [1, 2, 4, 11, 20, 39, 56, 60, 64, 67, 68, 70] - 6404, [1, 3, 12, 14, 22, 23, 31, 33, 49, 58, 62, 70] - 3961, [1, 2, 4, 10, 11, 21, 31, 40, 41, 45, 57, 70] - 4008, [1, 2, 3, 23, 31, 41, 47, 49, 55, 56, 63, 70] - 4970, [1, 2, 4, 10, 20, 32, 39, 50, 53, 54, 56, 63, 70] - 4430, [1, 4, 11, 20, 29, 38, 43, 52, 60, 64, 67, 69, 70] - 5900, [1, 3, 12, 13, 22, 24, 26, 33, 34, 41, 44, 55, 57, 70] - 5629, [1, 4, 10, 20, 31, 32, 39, 42, 50, 53, 60, 61, 63, 70] - 5521, [1, 3, 9, 11, 20, 37, 39, 42, 43, 52, 60, 65, 66, 67, 68, 70] - 6739, [1, 4, 11, 21, 23, 33, 49, 55, 57, 70] - 3871, [1, 2, 4, 11, 20, 37, 39, 42, 52, 53, 54, 56, 60, 64, 66, 67, 69, 70] - 6870, [1, 4, 10, 20, 21, 23, 31, 33, 41, 47, 55, 57, 70] - 4760]
melhor indiv??duo da gera????o:[1, 2, 9, 13, 23, 25, 33, 49, 58, 62, 70] - 3640
gera????o: 7: 
[[1, 4, 11, 21, 23, 33, 49, 58, 62, 70] - 3787, [1, 2, 4, 10, 20, 39, 56, 63, 70] - 4181, [1, 2, 9, 13, 23, 25, 33, 49, 58, 62, 70] - 3640, [1, 3, 12, 13, 40, 41, 45, 57, 70] - 3808, [1, 3, 13, 31, 40, 44, 56, 63, 70] - 3737, [1, 3, 13, 40, 41, 45, 56, 57, 70] - 4118, [1, 3, 12, 14, 22, 23, 31, 33, 49, 58, 62, 70] - 3961, [1, 2, 4, 10, 11, 21, 31, 40, 41, 45, 57, 70] - 4008, [1, 2, 4, 10, 20, 32, 39, 50, 53, 54, 56, 63, 70] - 4430, [1, 3, 12, 13, 22, 24, 26, 33, 34, 41, 44, 55, 57, 70] - 5629, [1, 3, 9, 11, 20, 37, 39, 42, 43, 52, 60, 65, 66, 67, 68, 70] - 6739, [1, 4, 11, 21, 23, 33, 49, 55, 57, 70] - 3871, [1, 4, 10, 20, 21, 23, 31, 33, 41, 47, 55, 57, 70] - 4760, [1, 4, 10, 11, 21, 22, 25, 33, 40, 41, 44, 56, 63, 70] - 4605, [1, 4, 11, 20, 29, 37, 42, 52, 59, 60, 64, 65, 66, 67, 69, 70] - 6741, [1, 2, 3, 13, 23, 33, 34, 41, 44, 50, 53, 54, 61, 68, 70] - 5451, [1, 2, 3, 5, 12, 14, 24, 28, 35, 49, 58, 62, 70] - 4396, [1, 2, 9, 13, 14, 22, 23, 25, 26, 28, 36, 48, 58, 62, 70] - 4754, [1, 3, 5, 12, 22, 25, 33, 34, 41, 47, 56, 57, 70] - 5106, [1, 4, 11, 20, 29, 38, 43, 52, 53, 60, 61, 65, 68, 70] - 6353]
melhor indiv??duo da gera????o:[1, 2, 9, 13, 23, 25, 33, 49, 58, 62, 70] - 3640
gera????o: 8: 
[[1, 4, 11, 21, 23, 33, 49, 58, 62, 70] - 3787, [1, 2, 4, 10, 20, 39, 56, 63, 70] - 4181, [1, 2, 9, 13, 23, 25, 33, 49, 58, 62, 70] - 3640, [1, 3, 12, 13, 40, 41, 45, 57, 70] - 3808, [1, 3, 13, 31, 40, 44, 56, 63, 70] - 3737, [1, 3, 13, 40, 41, 45, 56, 57, 70] - 4118, [1, 3, 12, 14, 22, 23, 31, 33, 49, 58, 62, 70] - 3961, [1, 2, 4, 10, 11, 21, 31, 40, 41, 45, 57, 70] - 4008, [1, 3, 12, 13, 22, 24, 26, 33, 34, 41, 44, 55, 57, 70] - 5629, [1, 4, 11, 21, 23, 33, 49, 55, 57, 70] - 3871, [1, 4, 10, 11, 21, 22, 25, 33, 40, 41, 44, 56, 63, 70] - 4605, [1, 2, 3, 13, 23, 33, 34, 41, 44, 50, 53, 54, 61, 68, 70] - 5451, [1, 2, 9, 13, 14, 22, 23, 25, 26, 28, 36, 48, 58, 62, 70] - 4754, [1, 4, 11, 20, 29, 38, 43, 52, 53, 60, 61, 65, 68, 70] - 6353, [1, 4, 11, 21, 22, 24, 34, 41, 45, 57, 70] - 4987, [1, 4, 10, 11, 21, 31, 33, 49, 58, 62, 70] - 3781, [1, 4, 10, 11, 20, 37, 38, 43, 51, 59, 64, 67, 69, 70] - 5616, [1, 2, 3, 23, 25, 26, 34, 41, 47, 49, 55, 58, 62, 70] - 4967, [1, 4, 10, 11, 21, 22, 33, 47, 56, 63, 70] - 4204, [1, 4, 11, 20, 30, 31, 41, 46, 49, 55, 57, 70] - 5207, [1, 3, 23, 25, 33, 47, 55, 57, 70] - 3591, [1, 4, 11, 20, 30, 32, 40, 41, 46, 47, 49, 58, 62, 70] - 5337]
melhor indiv??duo da gera????o:[1, 3, 23, 25, 33, 47, 55, 57, 70] - 3591
gera????o: 9: 
[[1, 4, 11, 21, 23, 33, 49, 58, 62, 70] - 3787, [1, 2, 9, 13, 23, 25, 33, 49, 58, 62, 70] - 3640, [1, 3, 12, 13, 40, 41, 45, 57, 70] - 3808, [1, 3, 13, 31, 40, 44, 56, 63, 70] - 3737, [1, 3, 13, 40, 41, 45, 56, 57, 70] - 4118, [1, 3, 12, 14, 22, 23, 31, 33, 49, 58, 62, 70] - 3961, [1, 2, 4, 10, 11, 21, 31, 40, 41, 45, 57, 70] - 4008, [1, 4, 11, 21, 23, 33, 49, 55, 57, 70] - 3871, [1, 2, 3, 13, 23, 33, 34, 41, 44, 50, 53, 54, 61, 68, 70] - 5451, [1, 4, 11, 20, 29, 38, 43, 52, 53, 60, 61, 65, 68, 70] - 6353, [1, 4, 10, 11, 21, 31, 33, 49, 58, 62, 70] - 3781, [1, 2, 3, 23, 25, 26, 34, 41, 47, 49, 55, 58, 62, 70] - 4967, [1, 4, 11, 20, 30, 31, 41, 46, 49, 55, 57, 70] - 5207, [1, 3, 23, 25, 33, 47, 55, 57, 70] - 3591, [1, 3, 13, 22, 25, 33, 34, 46, 49, 58, 62, 70] - 4134, [1, 3, 9, 21, 23, 25, 33, 40, 41, 46, 47, 49, 55, 57, 70] - 5307, [1, 4, 11, 21, 31, 33, 49, 58, 62, 70] - 3859, [1, 3, 5, 12, 13, 22, 25, 26, 34, 41, 44, 45, 47, 56, 57, 70] - 5301]
melhor indiv??duo da gera????o:[1, 3, 23, 25, 33, 47, 55, 57, 70] - 3591
gera????o: 10: 
[[1, 4, 11, 21, 23, 33, 49, 58, 62, 70] - 3787, [1, 2, 9, 13, 23, 25, 33, 49, 58, 62, 70] - 3640, [1, 3, 12, 13, 40, 41, 45, 57, 70] - 3808, [1, 3, 13, 31, 40, 44, 56, 63, 70] - 3737, [1, 3, 13, 40, 41, 45, 56, 57, 70] - 4118, [1, 3, 12, 14, 22, 23, 31, 33, 49, 58, 62, 70] - 3961, [1, 2, 4, 10, 11, 21, 31, 40, 41, 45, 57, 70] - 4008, [1, 4, 11, 21, 23, 33, 49, 55, 57, 70] - 3871, [1, 4, 11, 20, 29, 38, 43, 52, 53, 60, 61, 65, 68, 70] - 6353, [1, 4, 10, 11, 21, 31, 33, 49, 58, 62, 70] - 3781, [1, 4, 11, 20, 30, 31, 41, 46, 49, 55, 57, 70] - 5207, [1, 3, 23, 25, 33, 47, 55, 57, 70] - 3591, [1, 3, 13, 22, 25, 33, 34, 46, 49, 58, 62, 70] - 4134, [1, 4, 11, 21, 31, 33, 49, 58, 62, 70] - 3859, [1, 2, 3, 5, 12, 13, 31, 40, 44, 50, 53, 60, 64, 65, 67, 69, 70] - 5917, [1, 2, 9, 13, 23, 25, 26, 28, 34, 46, 49, 55, 56, 61, 68, 70] - 5284, [1, 4, 11, 21, 23, 31, 40, 44, 45, 47, 55, 56, 57, 70] - 5091, [1, 4, 10, 20, 39, 53, 60, 64, 66, 67, 69, 70] - 5370, [1, 2, 4, 11, 20, 31, 32, 40, 41, 46, 47, 56, 61, 63, 70] - 5883, [1, 2, 4, 11, 20, 29, 37, 42, 50, 53, 54, 56, 57, 70] - 5157, [1, 2, 3, 13, 23, 25, 33, 39, 44, 50, 53, 60, 61, 68, 70] - 6075]
melhor indiv??duo da gera????o:[1, 3, 23, 25, 33, 47, 55, 57, 70] - 3591
gera????o: 11: 
[[1, 4, 11, 21, 23, 33, 49, 58, 62, 70] - 3787, [1, 2, 9, 13, 23, 25, 33, 49, 58, 62, 70] - 3640, [1, 3, 12, 13, 40, 41, 45, 57, 70] - 3808, [1, 3, 13, 31, 40, 44, 56, 63, 70] - 3737, [1, 3, 12, 14, 22, 23, 31, 33, 49, 58, 62, 70] - 3961, [1, 2, 4, 10, 11, 21, 31, 40, 41, 45, 57, 70] - 4008, [1, 4, 11, 21, 23, 33, 49, 55, 57, 70] - 3871, [1, 4, 10, 11, 21, 31, 33, 49, 58, 62, 70] - 3781, [1, 3, 23, 25, 33, 47, 55, 57, 70] - 3591, [1, 4, 11, 21, 31, 33, 49, 58, 62, 70] - 3859, [1, 2, 9, 13, 23, 25, 26, 28, 34, 46, 49, 55, 56, 61, 68, 70] - 5284, [1, 4, 10, 20, 39, 53, 60, 64, 66, 67, 69, 70] - 5370, [1, 2, 4, 11, 20, 29, 37, 42, 50, 53, 54, 56, 57, 70] - 5157, [1, 4, 10, 11, 20, 39, 50, 53, 61, 63, 70] - 4498, [1, 4, 11, 20, 32, 37, 39, 56, 57, 70] - 5055, [1, 2, 4, 10, 20, 30, 31, 32, 40, 44, 56, 60, 61, 63, 70] - 5532, [1, 3, 9, 13, 31, 40, 44, 54, 56, 61, 65, 67, 69, 70] - 5377]
melhor indiv??duo da gera????o:[1, 3, 23, 25, 33, 47, 55, 57, 70] - 3591
gera????o: 12: 
[[1, 4, 11, 21, 23, 33, 49, 58, 62, 70] - 3787, [1, 2, 9, 13, 23, 25, 33, 49, 58, 62, 70] - 3640, [1, 3, 12, 13, 40, 41, 45, 57, 70] - 3808, [1, 3, 13, 31, 40, 44, 56, 63, 70] - 3737, [1, 3, 12, 14, 22, 23, 31, 33, 49, 58, 62, 70] - 3961, [1, 2, 4, 10, 11, 21, 31, 40, 41, 45, 57, 70] - 4008, [1, 4, 11, 21, 23, 33, 49, 55, 57, 70] - 3871, [1, 4, 10, 11, 21, 31, 33, 49, 58, 62, 70] - 3781, [1, 3, 23, 25, 33, 47, 55, 57, 70] - 3591, [1, 4, 11, 21, 31, 33, 49, 58, 62, 70] - 3859, [1, 4, 10, 20, 39, 53, 60, 64, 66, 67, 69, 70] - 5370, [1, 4, 10, 11, 20, 39, 50, 53, 61, 63, 70] - 4498, [1, 2, 4, 10, 20, 30, 31, 32, 40, 44, 56, 60, 61, 63, 70] - 5532, [1, 4, 11, 21, 22, 25, 33, 46, 49, 55, 57, 70] - 4447, [1, 4, 10, 20, 29, 38, 43, 51, 59, 66, 67, 68, 70] - 5750, [1, 2, 9, 21, 31, 33, 34, 35, 46, 47, 49, 55, 58, 62, 70] - 4975, [1, 2, 3, 9, 13, 31, 40, 41, 47, 56, 63, 70] - 4573, [1, 3, 9, 13, 14, 25, 26, 28, 36, 49, 58, 62, 70] - 4669, [1, 3, 5, 6, 17, 24, 28, 34, 41, 44, 56, 63, 70] - 4370, [1, 3, 5, 6, 14, 26, 34, 41, 45, 57, 70] - 4037]
melhor indiv??duo da gera????o:[1, 3, 23, 25, 33, 47, 55, 57, 70] - 3591
gera????o: 13: 
[[1, 4, 11, 21, 23, 33, 49, 58, 62, 70] - 3787, [1, 2, 9, 13, 23, 25, 33, 49, 58, 62, 70] - 3640, [1, 3, 12, 13, 40, 41, 45, 57, 70] - 3808, [1, 3, 13, 31, 40, 44, 56, 63, 70] - 3737, [1, 3, 12, 14, 22, 23, 31, 33, 49, 58, 62, 70] - 3961, [1, 2, 4, 10, 11, 21, 31, 40, 41, 45, 57, 70] - 4008, [1, 4, 11, 21, 23, 33, 49, 55, 57, 70] - 3871, [1, 4, 10, 11, 21, 31, 33, 49, 58, 62, 70] - 3781, [1, 3, 23, 25, 33, 47, 55, 57, 70] - 3591, [1, 4, 11, 21, 31, 33, 49, 58, 62, 70] - 3859, [1, 4, 10, 11, 20, 39, 50, 53, 61, 63, 70] - 4498, [1, 4, 11, 21, 22, 25, 33, 46, 49, 55, 57, 70] - 4447, [1, 2, 9, 21, 31, 33, 34, 35, 46, 47, 49, 55, 58, 62, 70] - 4975, [1, 3, 9, 13, 14, 25, 26, 28, 36, 49, 58, 62, 70] - 4669, [1, 3, 5, 6, 14, 26, 34, 41, 45, 57, 70] - 4037, [1, 3, 12, 22, 33, 46, 49, 58, 62, 70] - 3938, [1, 2, 4, 10, 11, 20, 29, 37, 39, 50, 53, 60, 64, 66, 67, 69, 70] - 5872, [1, 4, 10, 20, 37, 39, 44, 54, 56, 57, 70] - 4409, [1, 3, 5, 12, 14, 22, 23, 25, 26, 34, 35, 49, 58, 62, 70] - 4341, [1, 3, 5, 6, 12, 13, 40, 41, 46, 47, 55, 58, 62, 70] - 4567, [1, 3, 23, 31, 40, 44, 56, 60, 61, 65, 67, 68, 70] - 6447, [1, 3, 9, 13, 23, 33, 34, 41, 45, 56, 57, 70] - 4710, [1, 3, 9, 11, 20, 37, 42, 51, 59, 64, 65, 66, 67, 69, 70] - 6426]
melhor indiv??duo da gera????o:[1, 3, 23, 25, 33, 47, 55, 57, 70] - 3591
gera????o: 14: 
[[1, 4, 11, 21, 23, 33, 49, 58, 62, 70] - 3787, [1, 2, 9, 13, 23, 25, 33, 49, 58, 62, 70] - 3640, [1, 3, 12, 13, 40, 41, 45, 57, 70] - 3808, [1, 3, 13, 31, 40, 44, 56, 63, 70] - 3737, [1, 3, 12, 14, 22, 23, 31, 33, 49, 58, 62, 70] - 3961, [1, 4, 11, 21, 23, 33, 49, 55, 57, 70] - 3871, [1, 4, 10, 11, 21, 31, 33, 49, 58, 62, 70] - 3781, [1, 3, 23, 25, 33, 47, 55, 57, 70] - 3591, [1, 4, 11, 21, 31, 33, 49, 58, 62, 70] - 3859, [1, 4, 11, 21, 22, 25, 33, 46, 49, 55, 57, 70] - 4447, [1, 3, 9, 13, 14, 25, 26, 28, 36, 49, 58, 62, 70] - 4669, [1, 3, 12, 22, 33, 46, 49, 58, 62, 70] - 3938, [1, 4, 10, 20, 37, 39, 44, 54, 56, 57, 70] - 4409, [1, 3, 5, 6, 12, 13, 40, 41, 46, 47, 55, 58, 62, 70] - 4567, [1, 3, 9, 13, 23, 33, 34, 41, 45, 56, 57, 70] - 4710, [1, 2, 4, 11, 20, 37, 38, 43, 51, 59, 66, 67, 69, 70] - 5815, [1, 3, 13, 21, 23, 33, 49, 55, 58, 62, 70] - 3934, [1, 2, 3, 5, 12, 14, 25, 33, 46, 49, 55, 58, 62, 70] - 4450, [1, 4, 11, 20, 32, 39, 42, 43, 52, 60, 64, 66, 67, 68, 70] - 6564]
melhor indiv??duo da gera????o:[1, 3, 23, 25, 33, 47, 55, 57, 70] - 3591
gera????o: 15: 
[[1, 4, 11, 21, 23, 33, 49, 58, 62, 70] - 3787, [1, 2, 9, 13, 23, 25, 33, 49, 58, 62, 70] - 3640, [1, 3, 12, 13, 40, 41, 45, 57, 70] - 3808, [1, 3, 13, 31, 40, 44, 56, 63, 70] - 3737, [1, 3, 12, 14, 22, 23, 31, 33, 49, 58, 62, 70] - 3961, [1, 4, 11, 21, 23, 33, 49, 55, 57, 70] - 3871, [1, 4, 10, 11, 21, 31, 33, 49, 58, 62, 70] - 3781, [1, 3, 23, 25, 33, 47, 55, 57, 70] - 3591, [1, 4, 11, 21, 31, 33, 49, 58, 62, 70] - 3859, [1, 3, 9, 13, 14, 25, 26, 28, 36, 49, 58, 62, 70] - 4669, [1, 3, 12, 22, 33, 46, 49, 58, 62, 70] - 3938, [1, 3, 5, 6, 12, 13, 40, 41, 46, 47, 55, 58, 62, 70] - 4567, [1, 2, 4, 11, 20, 37, 38, 43, 51, 59, 66, 67, 69, 70] - 5815, [1, 3, 13, 21, 23, 33, 49, 55, 58, 62, 70] - 3934, [1, 4, 11, 20, 32, 39, 42, 43, 52, 60, 64, 66, 67, 68, 70] - 6564, [1, 3, 9, 11, 21, 23, 33, 49, 55, 58, 62, 70] - 3925, [1, 2, 3, 9, 11, 20, 29, 38, 43, 51, 59, 66, 67, 68, 70] - 6117, [1, 4, 11, 21, 31, 32, 37, 38, 43, 51, 59, 60, 61, 68, 70] - 5581, [1, 2, 9, 13, 21, 23, 25, 33, 39, 50, 53, 54, 61, 63, 70] - 4849, [1, 2, 9, 11, 21, 31, 40, 41, 47, 49, 58, 62, 70] - 4205, [1, 4, 10, 11, 20, 32, 39, 42, 43, 52, 53, 54, 56, 60, 65, 66, 67, 69, 70] - 7784, [1, 4, 11, 20, 30, 31, 33, 47, 56, 57, 70] - 5029]
melhor indiv??duo da gera????o:[1, 3, 23, 25, 33, 47, 55, 57, 70] - 3591
gera????o: 16: 
[[1, 4, 11, 21, 23, 33, 49, 58, 62, 70] - 3787, [1, 2, 9, 13, 23, 25, 33, 49, 58, 62, 70] - 3640, [1, 3, 12, 13, 40, 41, 45, 57, 70] - 3808, [1, 3, 13, 31, 40, 44, 56, 63, 70] - 3737, [1, 3, 12, 14, 22, 23, 31, 33, 49, 58, 62, 70] - 3961, [1, 4, 11, 21, 23, 33, 49, 55, 57, 70] - 3871, [1, 4, 10, 11, 21, 31, 33, 49, 58, 62, 70] - 3781, [1, 3, 23, 25, 33, 47, 55, 57, 70] - 3591, [1, 4, 11, 21, 31, 33, 49, 58, 62, 70] - 3859, [1, 3, 12, 22, 33, 46, 49, 58, 62, 70] - 3938, [1, 2, 4, 11, 20, 37, 38, 43, 51, 59, 66, 67, 69, 70] - 5815, [1, 4, 11, 20, 32, 39, 42, 43, 52, 60, 64, 66, 67, 68, 70] - 6564, [1, 3, 9, 11, 21, 23, 33, 49, 55, 58, 62, 70] - 3925, [1, 4, 11, 21, 31, 32, 37, 38, 43, 51, 59, 60, 61, 68, 70] - 5581, [1, 2, 9, 11, 21, 31, 40, 41, 47, 49, 58, 62, 70] - 4205, [1, 4, 11, 20, 30, 31, 33, 47, 56, 57, 70] - 5029, [1, 2, 9, 11, 20, 21, 22, 24, 26, 28, 34, 35, 49, 55, 56, 61, 65, 68, 70] - 7071, [1, 2, 3, 9, 21, 31, 41, 47, 49, 58, 62, 70] - 4443, [1, 2, 9, 11, 20, 31, 32, 40, 44, 56, 63, 70] - 4328]
melhor indiv??duo da gera????o:[1, 3, 23, 25, 33, 47, 55, 57, 70] - 3591
gera????o: 17: 
[[1, 4, 11, 21, 23, 33, 49, 58, 62, 70] - 3787, [1, 2, 9, 13, 23, 25, 33, 49, 58, 62, 70] - 3640, [1, 3, 12, 13, 40, 41, 45, 57, 70] - 3808, [1, 3, 13, 31, 40, 44, 56, 63, 70] - 3737, [1, 3, 12, 14, 22, 23, 31, 33, 49, 58, 62, 70] - 3961, [1, 4, 11, 21, 23, 33, 49, 55, 57, 70] - 3871, [1, 4, 10, 11, 21, 31, 33, 49, 58, 62, 70] - 3781, [1, 3, 23, 25, 33, 47, 55, 57, 70] - 3591, [1, 4, 11, 21, 31, 33, 49, 58, 62, 70] - 3859, [1, 3, 12, 22, 33, 46, 49, 58, 62, 70] - 3938, [1, 4, 11, 20, 32, 39, 42, 43, 52, 60, 64, 66, 67, 68, 70] - 6564, [1, 3, 9, 11, 21, 23, 33, 49, 55, 58, 62, 70] - 3925, [1, 2, 9, 11, 21, 31, 40, 41, 47, 49, 58, 62, 70] - 4205, [1, 2, 9, 11, 20, 21, 22, 24, 26, 28, 34, 35, 49, 55, 56, 61, 65, 68, 70] - 7071, [1, 2, 9, 11, 20, 31, 32, 40, 44, 56, 63, 70] - 4328, [1, 2, 9, 13, 14, 22, 25, 26, 33, 39, 42, 43, 51, 59, 60, 64, 66, 67, 68, 70] - 6931, [1, 3, 13, 31, 41, 46, 47, 55, 57, 70] - 4332, [1, 3, 5, 12, 13, 22, 23, 33, 41, 47, 56, 63, 70] - 4362, [1, 4, 11, 20, 37, 42, 50, 53, 60, 65, 67, 69, 70] - 5961, [1, 2, 4, 10, 11, 21, 22, 33, 49, 55, 58, 62, 70] - 4140, [1, 2, 3, 23, 33, 40, 41, 45, 56, 60, 64, 65, 67, 69, 70] - 6465, [1, 2, 4, 10, 20, 30, 32, 40, 44, 53, 54, 56, 60, 64, 67, 68, 70] - 6584]
melhor indiv??duo da gera????o:[1, 3, 23, 25, 33, 47, 55, 57, 70] - 3591
gera????o: 18: 
[[1, 4, 11, 21, 23, 33, 49, 58, 62, 70] - 3787, [1, 2, 9, 13, 23, 25, 33, 49, 58, 62, 70] - 3640, [1, 3, 12, 13, 40, 41, 45, 57, 70] - 3808, [1, 3, 13, 31, 40, 44, 56, 63, 70] - 3737, [1, 4, 11, 21, 23, 33, 49, 55, 57, 70] - 3871, [1, 4, 10, 11, 21, 31, 33, 49, 58, 62, 70] - 3781, [1, 3, 23, 25, 33, 47, 55, 57, 70] - 3591, [1, 4, 11, 21, 31, 33, 49, 58, 62, 70] - 3859, [1, 4, 11, 20, 32, 39, 42, 43, 52, 60, 64, 66, 67, 68, 70] - 6564, [1, 2, 9, 11, 21, 31, 40, 41, 47, 49, 58, 62, 70] - 4205, [1, 2, 9, 11, 20, 31, 32, 40, 44, 56, 63, 70] - 4328, [1, 3, 13, 31, 41, 46, 47, 55, 57, 70] - 4332, [1, 4, 11, 20, 37, 42, 50, 53, 60, 65, 67, 69, 70] - 5961, [1, 2, 3, 23, 33, 40, 41, 45, 56, 60, 64, 65, 67, 69, 70] - 6465, [1, 3, 13, 21, 22, 25, 26, 34, 41, 45, 57, 70] - 4407, [1, 3, 12, 13, 40, 44, 55, 57, 70] - 3946, [1, 3, 23, 31, 40, 44, 53, 61, 68, 70] - 4702, [1, 3, 5, 12, 22, 23, 31, 33, 39, 44, 56, 63, 70] - 4797]
melhor indiv??duo da gera????o:[1, 3, 23, 25, 33, 47, 55, 57, 70] - 3591
gera????o: 19: 
[[1, 4, 11, 21, 23, 33, 49, 58, 62, 70] - 3787, [1, 2, 9, 13, 23, 25, 33, 49, 58, 62, 70] - 3640, [1, 3, 12, 13, 40, 41, 45, 57, 70] - 3808, [1, 3, 13, 31, 40, 44, 56, 63, 70] - 3737, [1, 4, 11, 21, 23, 33, 49, 55, 57, 70] - 3871, [1, 4, 10, 11, 21, 31, 33, 49, 58, 62, 70] - 3781, [1, 3, 23, 25, 33, 47, 55, 57, 70] - 3591, [1, 4, 11, 21, 31, 33, 49, 58, 62, 70] - 3859, [1, 2, 9, 11, 21, 31, 40, 41, 47, 49, 58, 62, 70] - 4205, [1, 3, 13, 31, 41, 46, 47, 55, 57, 70] - 4332, [1, 2, 3, 23, 33, 40, 41, 45, 56, 60, 64, 65, 67, 69, 70] - 6465, [1, 3, 12, 13, 40, 44, 55, 57, 70] - 3946, [1, 3, 5, 12, 22, 23, 31, 33, 39, 44, 56, 63, 70] - 4797, [1, 4, 11, 20, 29, 37, 42, 43, 51, 59, 66, 67, 69, 70] - 5947, [1, 3, 9, 21, 23, 33, 46, 49, 58, 62, 70] - 4110, [1, 3, 5, 6, 7, 15, 16, 18, 19, 24, 26, 28, 34, 41, 44, 54, 61, 63, 70] - 5377, [1, 4, 10, 20, 29, 38, 43, 52, 60, 61, 68, 70] - 5366, [1, 3, 5, 6, 8, 15, 16, 24, 36, 48, 49, 55, 58, 62, 70] - 4844, [1, 2, 9, 13, 40, 41, 45, 47, 55, 56, 57, 70] - 4573, [1, 4, 11, 21, 31, 33, 40, 41, 45, 57, 70] - 4394]
melhor indiv??duo da gera????o:[1, 3, 23, 25, 33, 47, 55, 57, 70] - 3591
gera????o: 20: 
[[1, 4, 11, 21, 23, 33, 49, 58, 62, 70] - 3787, [1, 2, 9, 13, 23, 25, 33, 49, 58, 62, 70] - 3640, [1, 3, 12, 13, 40, 41, 45, 57, 70] - 3808, [1, 3, 13, 31, 40, 44, 56, 63, 70] - 3737, [1, 4, 11, 21, 23, 33, 49, 55, 57, 70] - 3871, [1, 4, 10, 11, 21, 31, 33, 49, 58, 62, 70] - 3781, [1, 3, 23, 25, 33, 47, 55, 57, 70] - 3591, [1, 4, 11, 21, 31, 33, 49, 58, 62, 70] - 3859, [1, 3, 13, 31, 41, 46, 47, 55, 57, 70] - 4332, [1, 3, 12, 13, 40, 44, 55, 57, 70] - 3946, [1, 4, 11, 20, 29, 37, 42, 43, 51, 59, 66, 67, 69, 70] - 5947, [1, 3, 5, 6, 7, 15, 16, 18, 19, 24, 26, 28, 34, 41, 44, 54, 61, 63, 70] - 5377, [1, 3, 5, 6, 8, 15, 16, 24, 36, 48, 49, 55, 58, 62, 70] - 4844, [1, 4, 11, 21, 31, 33, 40, 41, 45, 57, 70] - 4394, [1, 2, 4, 10, 11, 21, 22, 25, 33, 47, 55, 57, 70] - 3907, [1, 3, 12, 13, 14, 22, 24, 34, 35, 49, 58, 62, 70] - 4880, [1, 4, 10, 11, 21, 22, 33, 41, 44, 53, 61, 68, 70] - 5108, [1, 4, 11, 20, 39, 50, 53, 61, 63, 70] - 4576, [1, 3, 13, 23, 25, 33, 49, 55, 57, 70] - 3796, [1, 2, 9, 13, 31, 33, 49, 55, 57, 70] - 3673, [1, 3, 5, 6, 8, 15, 16, 17, 24, 34, 41, 46, 49, 55, 58, 62, 70] - 5539, [1, 2, 3, 9, 21, 22, 23, 31, 32, 37, 38, 43, 52, 53, 54, 56, 57, 70] - 5806, [1, 2, 3, 9, 13, 40, 44, 45, 57, 70] - 4054]
melhor indiv??duo da gera????o:[1, 3, 23, 25, 33, 47, 55, 57, 70] - 3591
gera????o: 21: 
[[1, 4, 11, 21, 23, 33, 49, 58, 62, 70] - 3787, [1, 2, 9, 13, 23, 25, 33, 49, 58, 62, 70] - 3640, [1, 3, 12, 13, 40, 41, 45, 57, 70] - 3808, [1, 3, 13, 31, 40, 44, 56, 63, 70] - 3737, [1, 4, 11, 21, 23, 33, 49, 55, 57, 70] - 3871, [1, 4, 10, 11, 21, 31, 33, 49, 58, 62, 70] - 3781, [1, 3, 23, 25, 33, 47, 55, 57, 70] - 3591, [1, 4, 11, 21, 31, 33, 49, 58, 62, 70] - 3859, [1, 3, 12, 13, 40, 44, 55, 57, 70] - 3946, [1, 3, 5, 6, 7, 15, 16, 18, 19, 24, 26, 28, 34, 41, 44, 54, 61, 63, 70] - 5377, [1, 4, 11, 21, 31, 33, 40, 41, 45, 57, 70] - 4394, [1, 2, 4, 10, 11, 21, 22, 25, 33, 47, 55, 57, 70] - 3907, [1, 4, 10, 11, 21, 22, 33, 41, 44, 53, 61, 68, 70] - 5108, [1, 3, 13, 23, 25, 33, 49, 55, 57, 70] - 3796, [1, 2, 9, 13, 31, 33, 49, 55, 57, 70] - 3673, [1, 2, 3, 9, 21, 22, 23, 31, 32, 37, 38, 43, 52, 53, 54, 56, 57, 70] - 5806, [1, 3, 9, 11, 21, 22, 25, 26, 28, 35, 46, 47, 49, 55, 57, 70] - 4907, [1, 3, 23, 25, 33, 39, 42, 43, 51, 59, 60, 64, 66, 67, 69, 70] - 6278, [1, 2, 9, 13, 40, 41, 45, 56, 60, 61, 63, 70] - 4975, [1, 3, 12, 13, 40, 44, 45, 56, 61, 68, 70] - 4467]
melhor indiv??duo da gera????o:[1, 3, 23, 25, 33, 47, 55, 57, 70] - 3591
gera????o: 22: 
[[1, 4, 11, 21, 23, 33, 49, 58, 62, 70] - 3787, [1, 2, 9, 13, 23, 25, 33, 49, 58, 62, 70] - 3640, [1, 3, 12, 13, 40, 41, 45, 57, 70] - 3808, [1, 3, 13, 31, 40, 44, 56, 63, 70] - 3737, [1, 4, 11, 21, 23, 33, 49, 55, 57, 70] - 3871, [1, 4, 10, 11, 21, 31, 33, 49, 58, 62, 70] - 3781, [1, 3, 23, 25, 33, 47, 55, 57, 70] - 3591, [1, 4, 11, 21, 31, 33, 49, 58, 62, 70] - 3859, [1, 3, 12, 13, 40, 44, 55, 57, 70] - 3946, [1, 4, 11, 21, 31, 33, 40, 41, 45, 57, 70] - 4394, [1, 2, 4, 10, 11, 21, 22, 25, 33, 47, 55, 57, 70] - 3907, [1, 3, 13, 23, 25, 33, 49, 55, 57, 70] - 3796, [1, 2, 9, 13, 31, 33, 49, 55, 57, 70] - 3673, [1, 3, 9, 11, 21, 22, 25, 26, 28, 35, 46, 47, 49, 55, 57, 70] - 4907, [1, 2, 9, 13, 40, 41, 45, 56, 60, 61, 63, 70] - 4975, [1, 2, 4, 10, 11, 20, 37, 38, 43, 52, 53, 60, 65, 68, 70] - 5761, [1, 3, 5, 12, 22, 23, 33, 46, 47, 55, 57, 70] - 3945, [1, 2, 4, 10, 20, 29, 37, 42, 50, 53, 61, 65, 66, 67, 69, 70] - 6201, [1, 4, 11, 20, 30, 32, 39, 42, 50, 53, 61, 63, 70] - 5247, [1, 4, 11, 21, 22, 23, 33, 39, 56, 63, 70] - 4848, [1, 4, 10, 11, 21, 22, 24, 26, 28, 36, 49, 58, 62, 70] - 5146, [1, 3, 12, 13, 23, 31, 41, 46, 47, 49, 58, 62, 70] - 4793, [1, 4, 10, 20, 29, 37, 38, 43, 51, 59, 66, 67, 68, 70] - 5809]
melhor indiv??duo da gera????o:[1, 3, 23, 25, 33, 47, 55, 57, 70] - 3591
gera????o: 23: 
[[1, 4, 11, 21, 23, 33, 49, 58, 62, 70] - 3787, [1, 2, 9, 13, 23, 25, 33, 49, 58, 62, 70] - 3640, [1, 3, 13, 31, 40, 44, 56, 63, 70] - 3737, [1, 4, 11, 21, 23, 33, 49, 55, 57, 70] - 3871, [1, 4, 10, 11, 21, 31, 33, 49, 58, 62, 70] - 3781, [1, 3, 23, 25, 33, 47, 55, 57, 70] - 3591, [1, 4, 11, 21, 31, 33, 49, 58, 62, 70] - 3859, [1, 3, 12, 13, 40, 44, 55, 57, 70] - 3946, [1, 2, 4, 10, 11, 21, 22, 25, 33, 47, 55, 57, 70] - 3907, [1, 3, 13, 23, 25, 33, 49, 55, 57, 70] - 3796, [1, 2, 9, 13, 31, 33, 49, 55, 57, 70] - 3673, [1, 2, 9, 13, 40, 41, 45, 56, 60, 61, 63, 70] - 4975, [1, 3, 5, 12, 22, 23, 33, 46, 47, 55, 57, 70] - 3945, [1, 4, 11, 20, 30, 32, 39, 42, 50, 53, 61, 63, 70] - 5247, [1, 4, 10, 11, 21, 22, 24, 26, 28, 36, 49, 58, 62, 70] - 5146, [1, 4, 10, 20, 29, 37, 38, 43, 51, 59, 66, 67, 68, 70] - 5809, [1, 4, 11, 21, 22, 33, 34, 41, 47, 49, 58, 62, 70] - 5118, [1, 3, 23, 33, 47, 56, 63, 70] - 3824, [1, 4, 11, 21, 23, 33, 39, 50, 53, 60, 64, 65, 67, 68, 70] - 6586, [1, 4, 10, 20, 32, 37, 38, 43, 51, 59, 66, 67, 69, 70] - 5848]
melhor indiv??duo da gera????o:[1, 3, 23, 25, 33, 47, 55, 57, 70] - 3591
gera????o: 24: 
[[1, 4, 11, 21, 23, 33, 49, 58, 62, 70] - 3787, [1, 2, 9, 13, 23, 25, 33, 49, 58, 62, 70] - 3640, [1, 3, 13, 31, 40, 44, 56, 63, 70] - 3737, [1, 4, 11, 21, 23, 33, 49, 55, 57, 70] - 3871, [1, 4, 10, 11, 21, 31, 33, 49, 58, 62, 70] - 3781, [1, 3, 23, 25, 33, 47, 55, 57, 70] - 3591, [1, 4, 11, 21, 31, 33, 49, 58, 62, 70] - 3859, [1, 3, 12, 13, 40, 44, 55, 57, 70] - 3946, [1, 2, 4, 10, 11, 21, 22, 25, 33, 47, 55, 57, 70] - 3907, [1, 3, 13, 23, 25, 33, 49, 55, 57, 70] - 3796, [1, 2, 9, 13, 31, 33, 49, 55, 57, 70] - 3673, [1, 3, 5, 12, 22, 23, 33, 46, 47, 55, 57, 70] - 3945, [1, 4, 10, 11, 21, 22, 24, 26, 28, 36, 49, 58, 62, 70] - 5146, [1, 4, 11, 21, 22, 33, 34, 41, 47, 49, 58, 62, 70] - 5118, [1, 3, 23, 33, 47, 56, 63, 70] - 3824, [1, 4, 10, 20, 32, 37, 38, 43, 51, 59, 66, 67, 69, 70] - 5848, [1, 2, 9, 21, 22, 33, 47, 56, 61, 63, 70] - 4234, [1, 2, 3, 13, 40, 41, 47, 49, 55, 57, 70] - 4461, [1, 2, 9, 21, 31, 41, 45, 47, 55, 58, 62, 70] - 4000, [1, 3, 5, 12, 14, 24, 26, 33, 46, 49, 58, 62, 70] - 4786, [1, 3, 9, 11, 21, 23, 25, 26, 31, 40, 44, 50, 53, 60, 65, 67, 69, 70] - 6494, [1, 3, 23, 33, 39, 42, 52, 60, 61, 65, 66, 67, 69, 70] - 6634, [1, 2, 3, 23, 33, 49, 55, 58, 62, 70] - 3816, [1, 2, 9, 13, 14, 24, 36, 49, 58, 62, 70] - 4631]
melhor indiv??duo da gera????o:[1, 3, 23, 25, 33, 47, 55, 57, 70] - 3591
gera????o: 25: 
[[1, 4, 11, 21, 23, 33, 49, 58, 62, 70] - 3787, [1, 2, 9, 13, 23, 25, 33, 49, 58, 62, 70] - 3640, [1, 3, 13, 31, 40, 44, 56, 63, 70] - 3737, [1, 4, 10, 11, 21, 31, 33, 49, 58, 62, 70] - 3781, [1, 3, 23, 25, 33, 47, 55, 57, 70] - 3591, [1, 3, 12, 13, 40, 44, 55, 57, 70] - 3946, [1, 3, 13, 23, 25, 33, 49, 55, 57, 70] - 3796, [1, 2, 9, 13, 31, 33, 49, 55, 57, 70] - 3673, [1, 4, 10, 11, 21, 22, 24, 26, 28, 36, 49, 58, 62, 70] - 5146, [1, 3, 23, 33, 47, 56, 63, 70] - 3824, [1, 2, 9, 21, 22, 33, 47, 56, 61, 63, 70] - 4234, [1, 2, 9, 21, 31, 41, 45, 47, 55, 58, 62, 70] - 4000, [1, 3, 9, 11, 21, 23, 25, 26, 31, 40, 44, 50, 53, 60, 65, 67, 69, 70] - 6494, [1, 2, 3, 23, 33, 49, 55, 58, 62, 70] - 3816, [1, 2, 3, 13, 40, 41, 46, 47, 55, 58, 62, 70] - 4635, [1, 4, 10, 11, 21, 31, 41, 47, 55, 56, 61, 68, 70] - 5059, [1, 2, 9, 21, 23, 25, 26, 28, 34, 35, 46, 47, 49, 58, 62, 70] - 4882, [1, 4, 10, 11, 21, 22, 23, 33, 46, 49, 58, 62, 70] - 4273]
melhor indiv??duo da gera????o:[1, 3, 23, 25, 33, 47, 55, 57, 70] - 3591
gera????o: 26: 
[[1, 4, 11, 21, 23, 33, 49, 58, 62, 70] - 3787, [1, 2, 9, 13, 23, 25, 33, 49, 58, 62, 70] - 3640, [1, 3, 13, 31, 40, 44, 56, 63, 70] - 3737, [1, 4, 10, 11, 21, 31, 33, 49, 58, 62, 70] - 3781, [1, 3, 23, 25, 33, 47, 55, 57, 70] - 3591, [1, 3, 12, 13, 40, 44, 55, 57, 70] - 3946, [1, 3, 13, 23, 25, 33, 49, 55, 57, 70] - 3796, [1, 2, 9, 13, 31, 33, 49, 55, 57, 70] - 3673, [1, 3, 23, 33, 47, 56, 63, 70] - 3824, [1, 2, 9, 21, 31, 41, 45, 47, 55, 58, 62, 70] - 4000, [1, 2, 3, 23, 33, 49, 55, 58, 62, 70] - 3816, [1, 4, 10, 11, 21, 31, 41, 47, 55, 56, 61, 68, 70] - 5059, [1, 4, 10, 11, 21, 22, 23, 33, 46, 49, 58, 62, 70] - 4273, [1, 4, 11, 20, 39, 44, 54, 61, 65, 67, 68, 70] - 6017, [1, 2, 4, 10, 20, 30, 32, 37, 42, 43, 52, 60, 64, 65, 66, 67, 69, 70] - 6829, [1, 3, 13, 23, 25, 26, 31, 33, 41, 44, 45, 57, 70] - 4994, [1, 4, 10, 20, 21, 23, 25, 26, 34, 35, 46, 49, 55, 56, 61, 65, 67, 68, 70] - 7215, [1, 4, 11, 21, 22, 24, 36, 48, 58, 62, 70] - 4941, [1, 4, 11, 20, 21, 31, 41, 47, 49, 55, 57, 70] - 5190, [1, 2, 4, 10, 20, 31, 41, 45, 57, 70] - 4256]
melhor indiv??duo da gera????o:[1, 3, 23, 25, 33, 47, 55, 57, 70] - 3591
gera????o: 27: 
[[1, 4, 11, 21, 23, 33, 49, 58, 62, 70] - 3787, [1, 2, 9, 13, 23, 25, 33, 49, 58, 62, 70] - 3640, [1, 3, 13, 31, 40, 44, 56, 63, 70] - 3737, [1, 4, 10, 11, 21, 31, 33, 49, 58, 62, 70] - 3781, [1, 3, 23, 25, 33, 47, 55, 57, 70] - 3591, [1, 3, 12, 13, 40, 44, 55, 57, 70] - 3946, [1, 3, 13, 23, 25, 33, 49, 55, 57, 70] - 3796, [1, 2, 9, 13, 31, 33, 49, 55, 57, 70] - 3673, [1, 3, 23, 33, 47, 56, 63, 70] - 3824, [1, 2, 3, 23, 33, 49, 55, 58, 62, 70] - 3816, [1, 4, 10, 11, 21, 22, 23, 33, 46, 49, 58, 62, 70] - 4273, [1, 2, 4, 10, 20, 30, 32, 37, 42, 43, 52, 60, 64, 65, 66, 67, 69, 70] - 6829, [1, 4, 10, 20, 21, 23, 25, 26, 34, 35, 46, 49, 55, 56, 61, 65, 67, 68, 70] - 7215, [1, 4, 11, 20, 21, 31, 41, 47, 49, 55, 57, 70] - 5190, [1, 3, 13, 22, 23, 31, 33, 46, 47, 56, 63, 70] - 4691, [1, 4, 10, 20, 32, 37, 38, 43, 51, 59, 60, 64, 67, 68, 70] - 5958, [1, 3, 12, 13, 14, 26, 34, 46, 47, 56, 63, 70] - 4410, [1, 4, 11, 20, 21, 23, 25, 26, 31, 40, 41, 47, 49, 58, 62, 70] - 6022, [1, 3, 12, 13, 23, 33, 49, 58, 62, 70] - 3553, [1, 4, 10, 11, 20, 32, 39, 50, 53, 54, 61, 65, 68, 70] - 5264, [1, 3, 23, 31, 40, 44, 54, 61, 65, 66, 67, 69, 70] - 5457, [1, 2, 3, 9, 21, 23, 31, 32, 37, 42, 51, 59, 64, 65, 67, 68, 70] - 6781]
melhor indiv??duo da gera????o:[1, 3, 12, 13, 23, 33, 49, 58, 62, 70] - 3553
gera????o: 28: 
[[1, 4, 11, 21, 23, 33, 49, 58, 62, 70] - 3787, [1, 2, 9, 13, 23, 25, 33, 49, 58, 62, 70] - 3640, [1, 3, 13, 31, 40, 44, 56, 63, 70] - 3737, [1, 4, 10, 11, 21, 31, 33, 49, 58, 62, 70] - 3781, [1, 3, 23, 25, 33, 47, 55, 57, 70] - 3591, [1, 3, 12, 13, 40, 44, 55, 57, 70] - 3946, [1, 3, 13, 23, 25, 33, 49, 55, 57, 70] - 3796, [1, 2, 9, 13, 31, 33, 49, 55, 57, 70] - 3673, [1, 3, 23, 33, 47, 56, 63, 70] - 3824, [1, 2, 3, 23, 33, 49, 55, 58, 62, 70] - 3816, [1, 2, 4, 10, 20, 30, 32, 37, 42, 43, 52, 60, 64, 65, 66, 67, 69, 70] - 6829, [1, 4, 11, 20, 21, 31, 41, 47, 49, 55, 57, 70] - 5190, [1, 4, 10, 20, 32, 37, 38, 43, 51, 59, 60, 64, 67, 68, 70] - 5958, [1, 4, 11, 20, 21, 23, 25, 26, 31, 40, 41, 47, 49, 58, 62, 70] - 6022, [1, 3, 12, 13, 23, 33, 49, 58, 62, 70] - 3553, [1, 3, 23, 31, 40, 44, 54, 61, 65, 66, 67, 69, 70] - 5457, [1, 3, 23, 31, 33, 46, 47, 49, 58, 62, 70] - 4425, [1, 2, 4, 10, 11, 21, 23, 31, 41, 44, 50, 53, 60, 64, 65, 68, 70] - 5779, [1, 2, 4, 11, 20, 37, 38, 43, 51, 59, 66, 67, 69, 70] - 5815, [1, 4, 10, 11, 21, 22, 25, 26, 33, 49, 58, 62, 70] - 4117]
melhor indiv??duo da gera????o:[1, 3, 12, 13, 23, 33, 49, 58, 62, 70] - 3553
gera????o: 29: 
[[1, 4, 11, 21, 23, 33, 49, 58, 62, 70] - 3787, [1, 2, 9, 13, 23, 25, 33, 49, 58, 62, 70] - 3640, [1, 3, 13, 31, 40, 44, 56, 63, 70] - 3737, [1, 4, 10, 11, 21, 31, 33, 49, 58, 62, 70] - 3781, [1, 3, 23, 25, 33, 47, 55, 57, 70] - 3591, [1, 3, 12, 13, 40, 44, 55, 57, 70] - 3946, [1, 3, 13, 23, 25, 33, 49, 55, 57, 70] - 3796, [1, 2, 9, 13, 31, 33, 49, 55, 57, 70] - 3673, [1, 3, 23, 33, 47, 56, 63, 70] - 3824, [1, 2, 3, 23, 33, 49, 55, 58, 62, 70] - 3816, [1, 4, 11, 20, 21, 31, 41, 47, 49, 55, 57, 70] - 5190, [1, 4, 11, 20, 21, 23, 25, 26, 31, 40, 41, 47, 49, 58, 62, 70] - 6022, [1, 3, 12, 13, 23, 33, 49, 58, 62, 70] - 3553, [1, 3, 23, 31, 33, 46, 47, 49, 58, 62, 70] - 4425, [1, 2, 4, 11, 20, 37, 38, 43, 51, 59, 66, 67, 69, 70] - 5815, [1, 2, 4, 10, 20, 37, 38, 43, 52, 60, 65, 68, 70] - 5162, [1, 4, 11, 21, 31, 33, 46, 49, 58, 62, 70] - 4286, [1, 2, 9, 11, 20, 37, 38, 43, 52, 60, 65, 66, 67, 68, 70] - 6260, [1, 4, 11, 20, 21, 31, 32, 40, 44, 50, 53, 60, 65, 66, 67, 69, 70] - 6782, [1, 3, 9, 13, 22, 33, 39, 56, 60, 61, 68, 70] - 6121, [1, 2, 3, 5, 6, 22, 25, 26, 28, 35, 46, 49, 55, 56, 63, 70] - 4982, [1, 2, 9, 11, 20, 37, 38, 43, 52, 53, 60, 61, 65, 67, 69, 70] - 6592, [1, 3, 23, 25, 33, 49, 58, 62, 70] - 3619, [1, 3, 13, 21, 22, 24, 27, 28, 34, 41, 45, 57, 70] - 5372]
melhor indiv??duo da gera????o:[1, 3, 12, 13, 23, 33, 49, 58, 62, 70] - 3553
gera????o: 30: 
[[1, 4, 11, 21, 23, 33, 49, 58, 62, 70] - 3787, [1, 2, 9, 13, 23, 25, 33, 49, 58, 62, 70] - 3640, [1, 3, 13, 31, 40, 44, 56, 63, 70] - 3737, [1, 4, 10, 11, 21, 31, 33, 49, 58, 62, 70] - 3781, [1, 3, 23, 25, 33, 47, 55, 57, 70] - 3591, [1, 3, 12, 13, 40, 44, 55, 57, 70] - 3946, [1, 3, 13, 23, 25, 33, 49, 55, 57, 70] - 3796, [1, 2, 9, 13, 31, 33, 49, 55, 57, 70] - 3673, [1, 3, 23, 33, 47, 56, 63, 70] - 3824, [1, 2, 3, 23, 33, 49, 55, 58, 62, 70] - 3816, [1, 4, 11, 20, 21, 23, 25, 26, 31, 40, 41, 47, 49, 58, 62, 70] - 6022, [1, 3, 12, 13, 23, 33, 49, 58, 62, 70] - 3553, [1, 2, 4, 11, 20, 37, 38, 43, 51, 59, 66, 67, 69, 70] - 5815, [1, 4, 11, 21, 31, 33, 46, 49, 58, 62, 70] - 4286, [1, 4, 11, 20, 21, 31, 32, 40, 44, 50, 53, 60, 65, 66, 67, 69, 70] - 6782, [1, 2, 3, 5, 6, 22, 25, 26, 28, 35, 46, 49, 55, 56, 63, 70] - 4982, [1, 3, 23, 25, 33, 49, 58, 62, 70] - 3619, [1, 2, 9, 13, 40, 41, 47, 49, 58, 62, 70] - 4172, [1, 4, 11, 20, 32, 40, 41, 45, 47, 56, 63, 70] - 4961, [1, 4, 11, 20, 37, 42, 52, 53, 54, 61, 63, 70] - 4635, [1, 2, 3, 9, 13, 31, 33, 34, 46, 49, 58, 62, 70] - 4383]
melhor indiv??duo da gera????o:[1, 3, 12, 13, 23, 33, 49, 58, 62, 70] - 3553
gera????o: 31: 
[[1, 2, 9, 13, 23, 25, 33, 49, 58, 62, 70] - 3640, [1, 3, 13, 31, 40, 44, 56, 63, 70] - 3737, [1, 3, 23, 25, 33, 47, 55, 57, 70] - 3591, [1, 3, 13, 23, 25, 33, 49, 55, 57, 70] - 3796, [1, 2, 9, 13, 31, 33, 49, 55, 57, 70] - 3673, [1, 3, 23, 33, 47, 56, 63, 70] - 3824, [1, 2, 3, 23, 33, 49, 55, 58, 62, 70] - 3816, [1, 3, 12, 13, 23, 33, 49, 58, 62, 70] - 3553, [1, 4, 11, 21, 31, 33, 46, 49, 58, 62, 70] - 4286, [1, 2, 3, 5, 6, 22, 25, 26, 28, 35, 46, 49, 55, 56, 63, 70] - 4982, [1, 3, 23, 25, 33, 49, 58, 62, 70] - 3619, [1, 4, 11, 20, 32, 40, 41, 45, 47, 56, 63, 70] - 4961, [1, 2, 3, 9, 13, 31, 33, 34, 46, 49, 58, 62, 70] - 4383, [1, 3, 23, 31, 33, 46, 47, 56, 61, 65, 68, 70] - 5393, [1, 3, 23, 33, 39, 56, 57, 70] - 4619, [1, 3, 9, 13, 40, 41, 47, 55, 57, 70] - 4039]
melhor indiv??duo da gera????o:[1, 3, 12, 13, 23, 33, 49, 58, 62, 70] - 3553
gera????o: 32: 
[[1, 2, 9, 13, 23, 25, 33, 49, 58, 62, 70] - 3640, [1, 3, 13, 31, 40, 44, 56, 63, 70] - 3737, [1, 3, 23, 25, 33, 47, 55, 57, 70] - 3591, [1, 3, 13, 23, 25, 33, 49, 55, 57, 70] - 3796, [1, 2, 9, 13, 31, 33, 49, 55, 57, 70] - 3673, [1, 3, 23, 33, 47, 56, 63, 70] - 3824, [1, 2, 3, 23, 33, 49, 55, 58, 62, 70] - 3816, [1, 3, 12, 13, 23, 33, 49, 58, 62, 70] - 3553, [1, 2, 3, 5, 6, 22, 25, 26, 28, 35, 46, 49, 55, 56, 63, 70] - 4982, [1, 3, 23, 25, 33, 49, 58, 62, 70] - 3619, [1, 2, 3, 9, 13, 31, 33, 34, 46, 49, 58, 62, 70] - 4383, [1, 3, 23, 33, 39, 56, 57, 70] - 4619, [1, 4, 10, 20, 30, 31, 40, 41, 45, 47, 49, 58, 62, 70] - 4682, [1, 3, 13, 31, 40, 44, 54, 56, 63, 70] - 3799, [1, 4, 10, 20, 32, 39, 50, 53, 54, 56, 63, 70] - 4353, [1, 2, 4, 11, 20, 30, 31, 40, 44, 50, 53, 61, 63, 70] - 5052, [1, 3, 13, 21, 23, 33, 40, 41, 47, 56, 63, 70] - 4789, [1, 4, 10, 11, 20, 29, 38, 43, 52, 60, 65, 66, 67, 68, 70] - 6577]
melhor indiv??duo da gera????o:[1, 3, 12, 13, 23, 33, 49, 58, 62, 70] - 3553
gera????o: 33: 
[[1, 2, 9, 13, 23, 25, 33, 49, 58, 62, 70] - 3640, [1, 3, 13, 31, 40, 44, 56, 63, 70] - 3737, [1, 3, 23, 25, 33, 47, 55, 57, 70] - 3591, [1, 3, 13, 23, 25, 33, 49, 55, 57, 70] - 3796, [1, 2, 9, 13, 31, 33, 49, 55, 57, 70] - 3673, [1, 3, 23, 33, 47, 56, 63, 70] - 3824, [1, 2, 3, 23, 33, 49, 55, 58, 62, 70] - 3816, [1, 3, 12, 13, 23, 33, 49, 58, 62, 70] - 3553, [1, 3, 23, 25, 33, 49, 58, 62, 70] - 3619, [1, 3, 23, 33, 39, 56, 57, 70] - 4619, [1, 3, 13, 31, 40, 44, 54, 56, 63, 70] - 3799, [1, 2, 4, 11, 20, 30, 31, 40, 44, 50, 53, 61, 63, 70] - 5052, [1, 4, 10, 11, 20, 29, 38, 43, 52, 60, 65, 66, 67, 68, 70] - 6577, [1, 3, 23, 25, 33, 47, 49, 55, 57, 70] - 3963, [1, 2, 9, 11, 21, 31, 40, 44, 54, 61, 65, 67, 68, 70] - 5237, [1, 2, 3, 12, 14, 26, 34, 46, 49, 58, 62, 70] - 3962, [1, 2, 3, 9, 11, 21, 31, 33, 46, 49, 58, 62, 70] - 4331, [1, 4, 11, 20, 39, 40, 44, 56, 63, 70] - 4472, [1, 2, 3, 9, 21, 31, 32, 37, 39, 40, 41, 45, 57, 70] - 4661, [1, 2, 9, 21, 23, 33, 40, 41, 46, 49, 58, 62, 70] - 4646]
melhor indiv??duo da gera????o:[1, 3, 12, 13, 23, 33, 49, 58, 62, 70] - 3553
gera????o: 34: 
[[1, 2, 9, 13, 23, 25, 33, 49, 58, 62, 70] - 3640, [1, 3, 13, 31, 40, 44, 56, 63, 70] - 3737, [1, 3, 23, 25, 33, 47, 55, 57, 70] - 3591, [1, 3, 13, 23, 25, 33, 49, 55, 57, 70] - 3796, [1, 2, 9, 13, 31, 33, 49, 55, 57, 70] - 3673, [1, 3, 23, 33, 47, 56, 63, 70] - 3824, [1, 2, 3, 23, 33, 49, 55, 58, 62, 70] - 3816, [1, 3, 12, 13, 23, 33, 49, 58, 62, 70] - 3553, [1, 3, 23, 25, 33, 49, 58, 62, 70] - 3619, [1, 3, 13, 31, 40, 44, 54, 56, 63, 70] - 3799, [1, 4, 10, 11, 20, 29, 38, 43, 52, 60, 65, 66, 67, 68, 70] - 6577, [1, 3, 23, 25, 33, 47, 49, 55, 57, 70] - 3963, [1, 2, 3, 12, 14, 26, 34, 46, 49, 58, 62, 70] - 3962, [1, 4, 11, 20, 39, 40, 44, 56, 63, 70] - 4472, [1, 2, 9, 21, 23, 33, 40, 41, 46, 49, 58, 62, 70] - 4646, [1, 3, 9, 13, 21, 22, 33, 49, 55, 56, 60, 61, 65, 68, 70] - 6280, [1, 2, 4, 10, 20, 21, 31, 40, 44, 55, 56, 61, 63, 70] - 5265, [1, 3, 5, 6, 14, 25, 26, 34, 41, 47, 49, 55, 58, 62, 70] - 4803, [1, 3, 5, 12, 22, 23, 33, 34, 46, 49, 58, 62, 70] - 4052, [1, 4, 10, 20, 30, 32, 39, 40, 44, 54, 56, 60, 64, 67, 69, 70] - 6140, [1, 4, 11, 21, 23, 31, 40, 44, 45, 56, 61, 68, 70] - 4877, [1, 2, 4, 10, 11, 21, 31, 32, 39, 40, 44, 45, 57, 70] - 4412, [1, 4, 10, 11, 20, 32, 39, 50, 53, 61, 63, 70] - 4637]
melhor indiv??duo da gera????o:[1, 3, 12, 13, 23, 33, 49, 58, 62, 70] - 3553
gera????o: 35: 
[[1, 2, 9, 13, 23, 25, 33, 49, 58, 62, 70] - 3640, [1, 3, 13, 31, 40, 44, 56, 63, 70] - 3737, [1, 3, 23, 25, 33, 47, 55, 57, 70] - 3591, [1, 3, 13, 23, 25, 33, 49, 55, 57, 70] - 3796, [1, 2, 9, 13, 31, 33, 49, 55, 57, 70] - 3673, [1, 3, 23, 33, 47, 56, 63, 70] - 3824, [1, 2, 3, 23, 33, 49, 55, 58, 62, 70] - 3816, [1, 3, 12, 13, 23, 33, 49, 58, 62, 70] - 3553, [1, 3, 23, 25, 33, 49, 58, 62, 70] - 3619, [1, 3, 13, 31, 40, 44, 54, 56, 63, 70] - 3799, [1, 3, 23, 25, 33, 47, 49, 55, 57, 70] - 3963, [1, 2, 3, 12, 14, 26, 34, 46, 49, 58, 62, 70] - 3962, [1, 2, 9, 21, 23, 33, 40, 41, 46, 49, 58, 62, 70] - 4646, [1, 2, 4, 10, 20, 21, 31, 40, 44, 55, 56, 61, 63, 70] - 5265, [1, 3, 5, 12, 22, 23, 33, 34, 46, 49, 58, 62, 70] - 4052, [1, 4, 11, 21, 23, 31, 40, 44, 45, 56, 61, 68, 70] - 4877, [1, 4, 10, 11, 20, 32, 39, 50, 53, 61, 63, 70] - 4637, [1, 3, 12, 13, 14, 25, 33, 47, 56, 63, 70] - 4219, [1, 4, 10, 11, 21, 23, 25, 33, 34, 41, 44, 55, 57, 70] - 5059, [1, 3, 9, 11, 20, 39, 42, 52, 53, 54, 61, 68, 70] - 5254, [1, 3, 23, 25, 33, 41, 45, 57, 70] - 3790]
melhor indiv??duo da gera????o:[1, 3, 12, 13, 23, 33, 49, 58, 62, 70] - 3553
gera????o: 36: 
[[1, 2, 9, 13, 23, 25, 33, 49, 58, 62, 70] - 3640, [1, 3, 13, 31, 40, 44, 56, 63, 70] - 3737, [1, 3, 23, 25, 33, 47, 55, 57, 70] - 3591, [1, 3, 13, 23, 25, 33, 49, 55, 57, 70] - 3796, [1, 2, 9, 13, 31, 33, 49, 55, 57, 70] - 3673, [1, 2, 3, 23, 33, 49, 55, 58, 62, 70] - 3816, [1, 3, 12, 13, 23, 33, 49, 58, 62, 70] - 3553, [1, 3, 23, 25, 33, 49, 58, 62, 70] - 3619, [1, 3, 23, 25, 33, 47, 49, 55, 57, 70] - 3963, [1, 2, 9, 21, 23, 33, 40, 41, 46, 49, 58, 62, 70] - 4646, [1, 3, 5, 12, 22, 23, 33, 34, 46, 49, 58, 62, 70] - 4052, [1, 4, 10, 11, 20, 32, 39, 50, 53, 61, 63, 70] - 4637, [1, 4, 10, 11, 21, 23, 25, 33, 34, 41, 44, 55, 57, 70] - 5059, [1, 3, 23, 25, 33, 41, 45, 57, 70] - 3790, [1, 2, 3, 9, 13, 21, 23, 33, 34, 35, 46, 47, 49, 55, 56, 60, 65, 66, 67, 69, 70] - 7909, [1, 2, 4, 11, 20, 37, 42, 50, 53, 60, 61, 63, 70] - 5193, [1, 2, 9, 11, 20, 37, 39, 40, 44, 45, 57, 70] - 4295]
melhor indiv??duo da gera????o:[1, 3, 12, 13, 23, 33, 49, 58, 62, 70] - 3553
gera????o: 37: 
[[1, 2, 9, 13, 23, 25, 33, 49, 58, 62, 70] - 3640, [1, 3, 13, 31, 40, 44, 56, 63, 70] - 3737, [1, 3, 23, 25, 33, 47, 55, 57, 70] - 3591, [1, 3, 13, 23, 25, 33, 49, 55, 57, 70] - 3796, [1, 2, 9, 13, 31, 33, 49, 55, 57, 70] - 3673, [1, 2, 3, 23, 33, 49, 55, 58, 62, 70] - 3816, [1, 3, 12, 13, 23, 33, 49, 58, 62, 70] - 3553, [1, 3, 23, 25, 33, 49, 58, 62, 70] - 3619, [1, 3, 23, 25, 33, 47, 49, 55, 57, 70] - 3963, [1, 3, 5, 12, 22, 23, 33, 34, 46, 49, 58, 62, 70] - 4052, [1, 4, 10, 11, 21, 23, 25, 33, 34, 41, 44, 55, 57, 70] - 5059, [1, 3, 23, 25, 33, 41, 45, 57, 70] - 3790, [1, 2, 4, 11, 20, 37, 42, 50, 53, 60, 61, 63, 70] - 5193, [1, 3, 12, 13, 22, 24, 27, 28, 35, 36, 49, 55, 57, 70] - 5247, [1, 2, 3, 9, 11, 20, 39, 40, 44, 50, 53, 54, 61, 68, 70] - 5309, [1, 2, 4, 10, 11, 20, 37, 39, 44, 53, 60, 61, 68, 70] - 5763, [1, 4, 10, 20, 21, 22, 23, 31, 40, 44, 50, 53, 61, 68, 70] - 5466, [1, 3, 12, 14, 17, 24, 27, 28, 35, 46, 47, 56, 61, 63, 70] - 5488, [1, 2, 3, 23, 31, 32, 37, 42, 51, 59, 64, 67, 69, 70] - 5827, [1, 4, 10, 20, 39, 56, 61, 65, 66, 67, 68, 70] - 6061]
melhor indiv??duo da gera????o:[1, 3, 12, 13, 23, 33, 49, 58, 62, 70] - 3553
gera????o: 38: 
[[1, 2, 9, 13, 23, 25, 33, 49, 58, 62, 70] - 3640, [1, 3, 13, 31, 40, 44, 56, 63, 70] - 3737, [1, 3, 23, 25, 33, 47, 55, 57, 70] - 3591, [1, 3, 13, 23, 25, 33, 49, 55, 57, 70] - 3796, [1, 2, 9, 13, 31, 33, 49, 55, 57, 70] - 3673, [1, 2, 3, 23, 33, 49, 55, 58, 62, 70] - 3816, [1, 3, 12, 13, 23, 33, 49, 58, 62, 70] - 3553, [1, 3, 23, 25, 33, 49, 58, 62, 70] - 3619, [1, 3, 23, 25, 33, 47, 49, 55, 57, 70] - 3963, [1, 3, 5, 12, 22, 23, 33, 34, 46, 49, 58, 62, 70] - 4052, [1, 3, 23, 25, 33, 41, 45, 57, 70] - 3790, [1, 3, 12, 13, 22, 24, 27, 28, 35, 36, 49, 55, 57, 70] - 5247, [1, 2, 4, 10, 11, 20, 37, 39, 44, 53, 60, 61, 68, 70] - 5763, [1, 3, 12, 14, 17, 24, 27, 28, 35, 46, 47, 56, 61, 63, 70] - 5488, [1, 4, 10, 20, 39, 56, 61, 65, 66, 67, 68, 70] - 6061, [1, 2, 9, 13, 23, 31, 33, 46, 49, 58, 62, 70] - 4186, [1, 3, 12, 22, 25, 33, 39, 53, 54, 56, 63, 70] - 4555, [1, 2, 9, 11, 21, 31, 33, 49, 55, 57, 70] - 3700, [1, 4, 10, 11, 21, 22, 25, 26, 33, 34, 46, 47, 49, 55, 57, 70] - 4967, [1, 2, 9, 13, 14, 22, 23, 31, 40, 41, 47, 49, 58, 62, 70] - 4689, [1, 2, 9, 21, 23, 31, 40, 41, 47, 55, 58, 62, 70] - 4252, [1, 2, 4, 10, 20, 30, 31, 32, 40, 44, 53, 61, 68, 70] - 5253, [1, 3, 23, 25, 26, 28, 34, 46, 49, 58, 62, 70] - 4168]
melhor indiv??duo da gera????o:[1, 3, 12, 13, 23, 33, 49, 58, 62, 70] - 3553
gera????o: 39: 
[[1, 2, 9, 13, 23, 25, 33, 49, 58, 62, 70] - 3640, [1, 3, 13, 31, 40, 44, 56, 63, 70] - 3737, [1, 3, 23, 25, 33, 47, 55, 57, 70] - 3591, [1, 2, 9, 13, 31, 33, 49, 55, 57, 70] - 3673, [1, 2, 3, 23, 33, 49, 55, 58, 62, 70] - 3816, [1, 3, 12, 13, 23, 33, 49, 58, 62, 70] - 3553, [1, 3, 23, 25, 33, 49, 58, 62, 70] - 3619, [1, 3, 5, 12, 22, 23, 33, 34, 46, 49, 58, 62, 70] - 4052, [1, 3, 23, 25, 33, 41, 45, 57, 70] - 3790, [1, 2, 4, 10, 11, 20, 37, 39, 44, 53, 60, 61, 68, 70] - 5763, [1, 4, 10, 20, 39, 56, 61, 65, 66, 67, 68, 70] - 6061, [1, 3, 12, 22, 25, 33, 39, 53, 54, 56, 63, 70] - 4555, [1, 2, 9, 11, 21, 31, 33, 49, 55, 57, 70] - 3700, [1, 2, 9, 13, 14, 22, 23, 31, 40, 41, 47, 49, 58, 62, 70] - 4689, [1, 2, 4, 10, 20, 30, 31, 32, 40, 44, 53, 61, 68, 70] - 5253, [1, 2, 3, 5, 12, 14, 25, 33, 34, 46, 47, 55, 56, 61, 63, 70] - 4946, [1, 2, 3, 23, 25, 33, 46, 47, 55, 58, 62, 70] - 4293, [1, 3, 23, 31, 41, 44, 45, 57, 70] - 4173, [1, 2, 9, 13, 14, 25, 26, 34, 46, 47, 49, 55, 58, 62, 70] - 4555]
melhor indiv??duo da gera????o:[1, 3, 12, 13, 23, 33, 49, 58, 62, 70] - 3553
gera????o: 40: 
[[1, 2, 9, 13, 23, 25, 33, 49, 58, 62, 70] - 3640, [1, 3, 13, 31, 40, 44, 56, 63, 70] - 3737, [1, 3, 23, 25, 33, 47, 55, 57, 70] - 3591, [1, 2, 9, 13, 31, 33, 49, 55, 57, 70] - 3673, [1, 2, 3, 23, 33, 49, 55, 58, 62, 70] - 3816, [1, 3, 12, 13, 23, 33, 49, 58, 62, 70] - 3553, [1, 3, 23, 25, 33, 49, 58, 62, 70] - 3619, [1, 3, 5, 12, 22, 23, 33, 34, 46, 49, 58, 62, 70] - 4052, [1, 3, 23, 25, 33, 41, 45, 57, 70] - 3790, [1, 4, 10, 20, 39, 56, 61, 65, 66, 67, 68, 70] - 6061, [1, 2, 9, 11, 21, 31, 33, 49, 55, 57, 70] - 3700, [1, 2, 4, 10, 20, 30, 31, 32, 40, 44, 53, 61, 68, 70] - 5253, [1, 2, 3, 23, 25, 33, 46, 47, 55, 58, 62, 70] - 4293, [1, 2, 9, 13, 14, 25, 26, 34, 46, 47, 49, 55, 58, 62, 70] - 4555, [1, 3, 12, 14, 24, 36, 48, 49, 55, 58, 62, 70] - 4849, [1, 4, 11, 21, 23, 31, 33, 49, 55, 58, 62, 70] - 4294, [1, 3, 5, 6, 26, 28, 34, 41, 44, 50, 53, 60, 65, 68, 70] - 5641, [1, 3, 12, 14, 26, 34, 35, 46, 47, 56, 63, 70] - 4579, [1, 2, 9, 13, 31, 40, 41, 46, 49, 55, 56, 60, 64, 67, 68, 70] - 6767, [1, 4, 11, 21, 23, 33, 46, 47, 56, 57, 70] - 4819, [1, 2, 9, 11, 20, 31, 33, 39, 50, 53, 60, 64, 67, 68, 70] - 6395]
melhor indiv??duo da gera????o:[1, 3, 12, 13, 23, 33, 49, 58, 62, 70] - 3553
gera????o: 41: 
[[1, 2, 9, 13, 23, 25, 33, 49, 58, 62, 70] - 3640, [1, 3, 13, 31, 40, 44, 56, 63, 70] - 3737, [1, 3, 23, 25, 33, 47, 55, 57, 70] - 3591, [1, 2, 9, 13, 31, 33, 49, 55, 57, 70] - 3673, [1, 2, 3, 23, 33, 49, 55, 58, 62, 70] - 3816, [1, 3, 12, 13, 23, 33, 49, 58, 62, 70] - 3553, [1, 3, 23, 25, 33, 49, 58, 62, 70] - 3619, [1, 3, 23, 25, 33, 41, 45, 57, 70] - 3790, [1, 2, 9, 11, 21, 31, 33, 49, 55, 57, 70] - 3700, [1, 2, 3, 23, 25, 33, 46, 47, 55, 58, 62, 70] - 4293, [1, 3, 12, 14, 24, 36, 48, 49, 55, 58, 62, 70] - 4849, [1, 3, 5, 6, 26, 28, 34, 41, 44, 50, 53, 60, 65, 68, 70] - 5641, [1, 2, 9, 13, 31, 40, 41, 46, 49, 55, 56, 60, 64, 67, 68, 70] - 6767, [1, 2, 9, 11, 20, 31, 33, 39, 50, 53, 60, 64, 67, 68, 70] - 6395, [1, 2, 4, 11, 20, 31, 41, 45, 57, 70] - 4578, [1, 2, 3, 9, 21, 22, 24, 26, 31, 40, 44, 53, 61, 65, 67, 68, 70] - 7398, [1, 4, 10, 20, 31, 41, 47, 49, 55, 56, 63, 70] - 5162]
melhor indiv??duo da gera????o:[1, 3, 12, 13, 23, 33, 49, 58, 62, 70] - 3553
gera????o: 42: 
[[1, 2, 9, 13, 23, 25, 33, 49, 58, 62, 70] - 3640, [1, 3, 13, 31, 40, 44, 56, 63, 70] - 3737, [1, 3, 23, 25, 33, 47, 55, 57, 70] - 3591, [1, 2, 9, 13, 31, 33, 49, 55, 57, 70] - 3673, [1, 2, 3, 23, 33, 49, 55, 58, 62, 70] - 3816, [1, 3, 12, 13, 23, 33, 49, 58, 62, 70] - 3553, [1, 3, 23, 25, 33, 49, 58, 62, 70] - 3619, [1, 3, 23, 25, 33, 41, 45, 57, 70] - 3790, [1, 2, 9, 11, 21, 31, 33, 49, 55, 57, 70] - 3700, [1, 2, 3, 23, 25, 33, 46, 47, 55, 58, 62, 70] - 4293, [1, 3, 5, 6, 26, 28, 34, 41, 44, 50, 53, 60, 65, 68, 70] - 5641, [1, 2, 9, 11, 20, 31, 33, 39, 50, 53, 60, 64, 67, 68, 70] - 6395, [1, 2, 3, 9, 21, 22, 24, 26, 31, 40, 44, 53, 61, 65, 67, 68, 70] - 7398, [1, 2, 3, 9, 11, 20, 39, 44, 50, 53, 60, 65, 67, 68, 70] - 6464, [1, 4, 10, 11, 20, 21, 31, 40, 44, 54, 56, 57, 70] - 4849, [1, 3, 23, 31, 41, 47, 55, 57, 70] - 4005, [1, 2, 9, 13, 40, 44, 53, 60, 61, 63, 70] - 4652, [1, 3, 9, 13, 40, 44, 50, 53, 60, 61, 65, 66, 67, 69, 70] - 6298, [1, 3, 9, 11, 20, 29, 38, 43, 52, 59, 66, 67, 68, 70] - 6470, [1, 2, 9, 21, 23, 33, 40, 44, 45, 56, 57, 70] - 4409]
melhor indiv??duo da gera????o:[1, 3, 12, 13, 23, 33, 49, 58, 62, 70] - 3553
gera????o: 43: 
[[1, 2, 9, 13, 23, 25, 33, 49, 58, 62, 70] - 3640, [1, 3, 13, 31, 40, 44, 56, 63, 70] - 3737, [1, 3, 23, 25, 33, 47, 55, 57, 70] - 3591, [1, 2, 9, 13, 31, 33, 49, 55, 57, 70] - 3673, [1, 2, 3, 23, 33, 49, 55, 58, 62, 70] - 3816, [1, 3, 12, 13, 23, 33, 49, 58, 62, 70] - 3553, [1, 3, 23, 25, 33, 49, 58, 62, 70] - 3619, [1, 3, 23, 25, 33, 41, 45, 57, 70] - 3790, [1, 2, 9, 11, 21, 31, 33, 49, 55, 57, 70] - 3700, [1, 3, 5, 6, 26, 28, 34, 41, 44, 50, 53, 60, 65, 68, 70] - 5641, [1, 2, 3, 9, 21, 22, 24, 26, 31, 40, 44, 53, 61, 65, 67, 68, 70] - 7398, [1, 4, 10, 11, 20, 21, 31, 40, 44, 54, 56, 57, 70] - 4849, [1, 3, 23, 31, 41, 47, 55, 57, 70] - 4005, [1, 3, 9, 13, 40, 44, 50, 53, 60, 61, 65, 66, 67, 69, 70] - 6298, [1, 2, 9, 21, 23, 33, 40, 44, 45, 56, 57, 70] - 4409, [1, 2, 3, 23, 25, 33, 49, 55, 57, 70] - 3836, [1, 2, 9, 11, 20, 39, 40, 44, 53, 61, 68, 70] - 5117, [1, 4, 10, 20, 31, 40, 44, 50, 53, 61, 63, 70] - 4614, [1, 3, 23, 33, 49, 58, 62, 70] - 3457, [1, 3, 9, 11, 20, 32, 40, 41, 45, 56, 60, 65, 66, 67, 68, 70] - 6885, [1, 3, 9, 13, 14, 17, 26, 33, 34, 41, 44, 45, 57, 70] - 5566, [1, 3, 9, 11, 21, 22, 33, 34, 41, 45, 57, 70] - 4591, [1, 2, 9, 13, 14, 24, 26, 34, 35, 49, 58, 62, 70] - 4686, [1, 4, 10, 11, 21, 23, 33, 47, 56, 61, 65, 67, 69, 70] - 5571]
melhor indiv??duo da gera????o:[1, 3, 23, 33, 49, 58, 62, 70] - 3457
gera????o: 44: 
[[1, 2, 9, 13, 23, 25, 33, 49, 58, 62, 70] - 3640, [1, 3, 13, 31, 40, 44, 56, 63, 70] - 3737, [1, 3, 23, 25, 33, 47, 55, 57, 70] - 3591, [1, 2, 9, 13, 31, 33, 49, 55, 57, 70] - 3673, [1, 2, 3, 23, 33, 49, 55, 58, 62, 70] - 3816, [1, 3, 12, 13, 23, 33, 49, 58, 62, 70] - 3553, [1, 3, 23, 25, 33, 49, 58, 62, 70] - 3619, [1, 3, 23, 25, 33, 41, 45, 57, 70] - 3790, [1, 2, 9, 11, 21, 31, 33, 49, 55, 57, 70] - 3700, [1, 2, 3, 9, 21, 22, 24, 26, 31, 40, 44, 53, 61, 65, 67, 68, 70] - 7398, [1, 3, 23, 31, 41, 47, 55, 57, 70] - 4005, [1, 2, 9, 21, 23, 33, 40, 44, 45, 56, 57, 70] - 4409, [1, 2, 3, 23, 25, 33, 49, 55, 57, 70] - 3836, [1, 4, 10, 20, 31, 40, 44, 50, 53, 61, 63, 70] - 4614, [1, 3, 23, 33, 49, 58, 62, 70] - 3457, [1, 3, 9, 13, 14, 17, 26, 33, 34, 41, 44, 45, 57, 70] - 5566, [1, 2, 9, 13, 14, 24, 26, 34, 35, 49, 58, 62, 70] - 4686, [1, 3, 9, 13, 22, 33, 49, 55, 56, 60, 64, 66, 67, 69, 70] - 6083, [1, 3, 9, 13, 40, 44, 54, 56, 63, 70] - 3876, [1, 2, 9, 21, 31, 32, 40, 44, 50, 53, 54, 61, 63, 70] - 4238, [1, 4, 11, 21, 23, 25, 26, 34, 35, 36, 48, 49, 55, 57, 70] - 4948]
melhor indiv??duo da gera????o:[1, 3, 23, 33, 49, 58, 62, 70] - 3457
gera????o: 45: 
[[1, 2, 9, 13, 23, 25, 33, 49, 58, 62, 70] - 3640, [1, 3, 13, 31, 40, 44, 56, 63, 70] - 3737, [1, 3, 23, 25, 33, 47, 55, 57, 70] - 3591, [1, 2, 9, 13, 31, 33, 49, 55, 57, 70] - 3673, [1, 3, 12, 13, 23, 33, 49, 58, 62, 70] - 3553, [1, 3, 23, 25, 33, 49, 58, 62, 70] - 3619, [1, 3, 23, 25, 33, 41, 45, 57, 70] - 3790, [1, 2, 9, 11, 21, 31, 33, 49, 55, 57, 70] - 3700, [1, 3, 23, 31, 41, 47, 55, 57, 70] - 4005, [1, 2, 3, 23, 25, 33, 49, 55, 57, 70] - 3836, [1, 3, 23, 33, 49, 58, 62, 70] - 3457, [1, 2, 9, 13, 14, 24, 26, 34, 35, 49, 58, 62, 70] - 4686, [1, 3, 9, 13, 40, 44, 54, 56, 63, 70] - 3876, [1, 4, 11, 21, 23, 25, 26, 34, 35, 36, 48, 49, 55, 57, 70] - 4948, [1, 4, 11, 20, 21, 23, 31, 41, 47, 55, 58, 62, 70] - 5169, [1, 4, 10, 11, 20, 31, 41, 45, 47, 56, 61, 65, 66, 67, 69, 70] - 6735, [1, 2, 9, 13, 21, 31, 33, 49, 58, 62, 70] - 3708]
melhor indiv??duo da gera????o:[1, 3, 23, 33, 49, 58, 62, 70] - 3457
gera????o: 46: 
[[1, 2, 9, 13, 23, 25, 33, 49, 58, 62, 70] - 3640, [1, 3, 13, 31, 40, 44, 56, 63, 70] - 3737, [1, 3, 23, 25, 33, 47, 55, 57, 70] - 3591, [1, 2, 9, 13, 31, 33, 49, 55, 57, 70] - 3673, [1, 3, 12, 13, 23, 33, 49, 58, 62, 70] - 3553, [1, 3, 23, 25, 33, 49, 58, 62, 70] - 3619, [1, 3, 23, 25, 33, 41, 45, 57, 70] - 3790, [1, 2, 9, 11, 21, 31, 33, 49, 55, 57, 70] - 3700, [1, 2, 3, 23, 25, 33, 49, 55, 57, 70] - 3836, [1, 3, 23, 33, 49, 58, 62, 70] - 3457, [1, 3, 9, 13, 40, 44, 54, 56, 63, 70] - 3876, [1, 4, 11, 20, 21, 23, 31, 41, 47, 55, 58, 62, 70] - 5169, [1, 2, 9, 13, 21, 31, 33, 49, 58, 62, 70] - 3708, [1, 2, 4, 10, 20, 32, 39, 50, 53, 54, 61, 68, 70] - 4787, [1, 4, 11, 20, 37, 39, 42, 51, 59, 66, 67, 68, 70] - 6240, [1, 4, 11, 21, 31, 41, 47, 49, 58, 62, 70] - 4414, [1, 2, 3, 5, 12, 14, 24, 36, 48, 58, 62, 70] - 4687, [1, 2, 3, 23, 31, 41, 46, 47, 49, 55, 58, 62, 70] - 5056, [1, 2, 4, 11, 20, 29, 38, 43, 52, 60, 61, 65, 67, 69, 70] - 6709, [1, 4, 11, 20, 37, 39, 53, 54, 56, 61, 65, 68, 70] - 5345]
melhor indiv??duo da gera????o:[1, 3, 23, 33, 49, 58, 62, 70] - 3457
gera????o: 47: 
[[1, 2, 9, 13, 23, 25, 33, 49, 58, 62, 70] - 3640, [1, 3, 13, 31, 40, 44, 56, 63, 70] - 3737, [1, 3, 23, 25, 33, 47, 55, 57, 70] - 3591, [1, 2, 9, 13, 31, 33, 49, 55, 57, 70] - 3673, [1, 3, 12, 13, 23, 33, 49, 58, 62, 70] - 3553, [1, 3, 23, 25, 33, 49, 58, 62, 70] - 3619, [1, 3, 23, 25, 33, 41, 45, 57, 70] - 3790, [1, 2, 9, 11, 21, 31, 33, 49, 55, 57, 70] - 3700, [1, 2, 3, 23, 25, 33, 49, 55, 57, 70] - 3836, [1, 3, 23, 33, 49, 58, 62, 70] - 3457, [1, 3, 9, 13, 40, 44, 54, 56, 63, 70] - 3876, [1, 2, 9, 13, 21, 31, 33, 49, 58, 62, 70] - 3708, [1, 4, 11, 20, 37, 39, 42, 51, 59, 66, 67, 68, 70] - 6240, [1, 2, 3, 5, 12, 14, 24, 36, 48, 58, 62, 70] - 4687, [1, 2, 4, 11, 20, 29, 38, 43, 52, 60, 61, 65, 67, 69, 70] - 6709, [1, 2, 4, 10, 20, 37, 42, 43, 52, 59, 64, 65, 66, 67, 68, 70] - 6941, [1, 2, 4, 10, 11, 21, 23, 25, 33, 47, 49, 55, 58, 62, 70] - 4434, [1, 3, 5, 12, 22, 25, 26, 28, 34, 35, 49, 55, 58, 62, 70] - 4514, [1, 3, 13, 21, 31, 33, 47, 49, 55, 56, 60, 65, 68, 70] - 5962, [1, 3, 23, 31, 33, 49, 55, 57, 70] - 3822, [1, 2, 3, 12, 22, 25, 33, 49, 58, 62, 70] - 3665, [1, 3, 13, 23, 33, 34, 35, 36, 49, 58, 62, 70] - 4548, [1, 2, 3, 5, 12, 13, 40, 41, 44, 54, 56, 63, 70] - 4241]
melhor indiv??duo da gera????o:[1, 3, 23, 33, 49, 58, 62, 70] - 3457
gera????o: 48: 
[[1, 2, 9, 13, 23, 25, 33, 49, 58, 62, 70] - 3640, [1, 3, 13, 31, 40, 44, 56, 63, 70] - 3737, [1, 3, 23, 25, 33, 47, 55, 57, 70] - 3591, [1, 2, 9, 13, 31, 33, 49, 55, 57, 70] - 3673, [1, 3, 12, 13, 23, 33, 49, 58, 62, 70] - 3553, [1, 3, 23, 25, 33, 49, 58, 62, 70] - 3619, [1, 3, 23, 25, 33, 41, 45, 57, 70] - 3790, [1, 2, 9, 11, 21, 31, 33, 49, 55, 57, 70] - 3700, [1, 3, 23, 33, 49, 58, 62, 70] - 3457, [1, 2, 9, 13, 21, 31, 33, 49, 58, 62, 70] - 3708, [1, 2, 3, 5, 12, 14, 24, 36, 48, 58, 62, 70] - 4687, [1, 2, 4, 10, 20, 37, 42, 43, 52, 59, 64, 65, 66, 67, 68, 70] - 6941, [1, 3, 5, 12, 22, 25, 26, 28, 34, 35, 49, 55, 58, 62, 70] - 4514, [1, 3, 23, 31, 33, 49, 55, 57, 70] - 3822, [1, 3, 13, 23, 33, 34, 35, 36, 49, 58, 62, 70] - 4548, [1, 2, 9, 21, 23, 31, 40, 44, 55, 58, 62, 70] - 4239, [1, 2, 9, 11, 20, 29, 38, 43, 51, 59, 64, 65, 68, 70] - 5515, [1, 2, 3, 9, 13, 21, 22, 23, 31, 33, 47, 55, 58, 62, 70] - 4456, [1, 4, 10, 11, 20, 31, 40, 41, 44, 55, 56, 60, 64, 66, 67, 68, 70] - 7372]
melhor indiv??duo da gera????o:[1, 3, 23, 33, 49, 58, 62, 70] - 3457
gera????o: 49: 
[[1, 2, 9, 13, 23, 25, 33, 49, 58, 62, 70] - 3640, [1, 3, 13, 31, 40, 44, 56, 63, 70] - 3737, [1, 3, 23, 25, 33, 47, 55, 57, 70] - 3591, [1, 2, 9, 13, 31, 33, 49, 55, 57, 70] - 3673, [1, 3, 12, 13, 23, 33, 49, 58, 62, 70] - 3553, [1, 3, 23, 25, 33, 49, 58, 62, 70] - 3619, [1, 3, 23, 25, 33, 41, 45, 57, 70] - 3790, [1, 2, 9, 11, 21, 31, 33, 49, 55, 57, 70] - 3700, [1, 3, 23, 33, 49, 58, 62, 70] - 3457, [1, 2, 9, 13, 21, 31, 33, 49, 58, 62, 70] - 3708, [1, 2, 4, 10, 20, 37, 42, 43, 52, 59, 64, 65, 66, 67, 68, 70] - 6941, [1, 3, 23, 31, 33, 49, 55, 57, 70] - 3822, [1, 2, 9, 21, 23, 31, 40, 44, 55, 58, 62, 70] - 4239, [1, 2, 3, 9, 13, 21, 22, 23, 31, 33, 47, 55, 58, 62, 70] - 4456, [1, 4, 10, 11, 21, 23, 33, 34, 41, 46, 47, 56, 61, 63, 70] - 5634, [1, 3, 13, 22, 33, 46, 47, 55, 57, 70] - 4006, [1, 4, 11, 20, 37, 38, 43, 52, 53, 60, 65, 66, 67, 68, 70] - 6858, [1, 3, 9, 11, 21, 22, 33, 49, 55, 57, 70] - 3911, [1, 2, 3, 5, 12, 14, 22, 25, 26, 31, 41, 47, 49, 55, 57, 70] - 5282, [1, 4, 10, 11, 20, 29, 37, 38, 43, 52, 59, 66, 67, 68, 70] - 6539, [1, 3, 12, 13, 31, 32, 39, 56, 57, 70] - 4303, [1, 3, 23, 33, 47, 55, 57, 70] - 3429]
melhor indiv??duo da gera????o:[1, 3, 23, 33, 47, 55, 57, 70] - 3429
gera????o: 50: 
[[1, 3, 13, 31, 40, 44, 56, 63, 70] - 3737, [1, 3, 23, 25, 33, 47, 55, 57, 70] - 3591, [1, 2, 9, 13, 31, 33, 49, 55, 57, 70] - 3673, [1, 3, 12, 13, 23, 33, 49, 58, 62, 70] - 3553, [1, 3, 23, 25, 33, 49, 58, 62, 70] - 3619, [1, 3, 23, 25, 33, 41, 45, 57, 70] - 3790, [1, 2, 9, 11, 21, 31, 33, 49, 55, 57, 70] - 3700, [1, 3, 23, 33, 49, 58, 62, 70] - 3457, [1, 2, 9, 13, 21, 31, 33, 49, 58, 62, 70] - 3708, [1, 3, 23, 31, 33, 49, 55, 57, 70] - 3822, [1, 2, 3, 9, 13, 21, 22, 23, 31, 33, 47, 55, 58, 62, 70] - 4456, [1, 3, 13, 22, 33, 46, 47, 55, 57, 70] - 4006, [1, 3, 9, 11, 21, 22, 33, 49, 55, 57, 70] - 3911, [1, 4, 10, 11, 20, 29, 37, 38, 43, 52, 59, 66, 67, 68, 70] - 6539, [1, 3, 23, 33, 47, 55, 57, 70] - 3429, [1, 3, 9, 21, 23, 33, 49, 58, 62, 70] - 3683, [1, 3, 9, 21, 23, 25, 33, 46, 47, 55, 58, 62, 70] - 4386, [1, 4, 11, 21, 31, 41, 45, 56, 57, 70] - 4288]
melhor indiv??duo da gera????o:[1, 3, 23, 33, 47, 55, 57, 70] - 3429
melhor valor ?? da gera????o 49!!!!
______________________________________________________________________________________________________________________________
