gera????o: 1: 
[[1, 4, 11, 21, 22, 33, 39, 50, 53, 61, 68, 70] - 5329, [1, 2, 4, 10, 20, 39, 53, 60, 64, 66, 67, 69, 70] - 5447, [1, 3, 12, 14, 22, 24, 36, 48, 49, 58, 62, 70] - 4792, [1, 3, 13, 14, 17, 26, 33, 40, 41, 47, 49, 55, 56, 63, 70] - 5918, [1, 3, 9, 21, 23, 31, 41, 44, 45, 47, 55, 56, 57, 70] - 5239, [1, 2, 3, 23, 33, 39, 50, 53, 60, 64, 65, 66, 67, 68, 70] - 6669, [1, 3, 9, 21, 23, 33, 40, 44, 55, 57, 70] - 4356, [1, 4, 11, 21, 23, 25, 33, 39, 44, 56, 57, 70] - 5157, [1, 2, 4, 10, 11, 21, 23, 25, 26, 33, 41, 45, 57, 70] - 4378, [1, 3, 12, 14, 24, 34, 46, 47, 56, 61, 65, 66, 67, 69, 70] - 6458, [1, 2, 9, 11, 20, 39, 50, 53, 54, 61, 65, 68, 70] - 4960, [1, 3, 13, 22, 33, 47, 56, 61, 63, 70] - 4185, [1, 3, 9, 21, 22, 33, 34, 41, 47, 49, 55, 57, 70] - 5098, [1, 3, 13, 40, 41, 44, 53, 61, 63, 70] - 4565, [1, 2, 9, 13, 23, 31, 33, 41, 47, 55, 58, 62, 70] - 4223, [1, 2, 3, 13, 21, 23, 25, 33, 49, 58, 62, 70] - 4003, [1, 2, 4, 11, 20, 30, 32, 40, 44, 45, 47, 49, 55, 58, 62, 70] - 5260, [1, 3, 5, 12, 22, 24, 26, 34, 46, 47, 56, 61, 63, 70] - 4979, [1, 2, 3, 23, 31, 41, 44, 56, 61, 65, 66, 67, 68, 70] - 6156, [1, 3, 5, 6, 26, 28, 35, 46, 49, 55, 56, 57, 70] - 4988, [1, 2, 9, 11, 20, 21, 31, 32, 39, 50, 53, 61, 68, 70] - 5199, [1, 2, 4, 11, 20, 37, 39, 42, 51, 59, 60, 65, 68, 70] - 5722, [1, 4, 10, 11, 20, 31, 32, 37, 42, 43, 52, 60, 65, 67, 68, 70] - 6796, [1, 4, 11, 21, 31, 41, 47, 55, 58, 62, 70] - 4268, [1, 4, 11, 21, 22, 24, 27, 28, 35, 46, 49, 55, 57, 70] - 5443, [1, 4, 11, 21, 31, 33, 34, 41, 47, 55, 57, 70] - 4774, [1, 2, 4, 10, 11, 20, 30, 31, 32, 39, 44, 54, 61, 68, 70] - 5289, [1, 2, 3, 9, 13, 22, 24, 34, 46, 49, 55, 57, 70] - 4721, [1, 4, 11, 20, 39, 42, 51, 59, 64, 67, 68, 70] - 6237, [1, 2, 4, 10, 11, 20, 21, 22, 24, 34, 41, 47, 49, 58, 62, 70] - 6117, [1, 2, 3, 13, 22, 24, 27, 35, 36, 49, 55, 56, 63, 70] - 5686, [1, 2, 3, 12, 13, 31, 40, 44, 54, 61, 68, 70] - 4292, [1, 3, 12, 22, 25, 26, 33, 39, 56, 57, 70] - 4953, [1, 4, 11, 20, 31, 33, 40, 44, 56, 60, 61, 63, 70] - 6013, [1, 4, 11, 21, 31, 40, 44, 50, 53, 60, 64, 66, 67, 69, 70] - 5537, [1, 4, 10, 20, 37, 38, 43, 51, 59, 66, 67, 68, 70] - 5598, [1, 3, 13, 14, 17, 26, 28, 34, 46, 47, 56, 63, 70] - 5057, [1, 4, 11, 20, 31, 41, 45, 56, 57, 70] - 4814, [1, 4, 10, 20, 21, 22, 23, 33, 47, 56, 61, 63, 70] - 4872, [1, 2, 9, 11, 20, 37, 38, 43, 52, 53, 54, 61, 63, 70] - 4840]
melhor indiv??duo da gera????o:[1, 2, 3, 13, 21, 23, 25, 33, 49, 58, 62, 70] - 4003
gera????o: 2: 
[[1, 2, 4, 10, 20, 39, 53, 60, 64, 66, 67, 69, 70] - 5447, [1, 3, 13, 14, 17, 26, 33, 40, 41, 47, 49, 55, 56, 63, 70] - 5918, [1, 2, 3, 23, 33, 39, 50, 53, 60, 64, 65, 66, 67, 68, 70] - 6669, [1, 3, 9, 21, 23, 33, 40, 44, 55, 57, 70] - 4356, [1, 2, 4, 10, 11, 21, 23, 25, 26, 33, 41, 45, 57, 70] - 4378, [1, 2, 9, 11, 20, 39, 50, 53, 54, 61, 65, 68, 70] - 4960, [1, 3, 13, 22, 33, 47, 56, 61, 63, 70] - 4185, [1, 3, 13, 40, 41, 44, 53, 61, 63, 70] - 4565, [1, 2, 9, 13, 23, 31, 33, 41, 47, 55, 58, 62, 70] - 4223, [1, 2, 3, 13, 21, 23, 25, 33, 49, 58, 62, 70] - 4003, [1, 3, 5, 12, 22, 24, 26, 34, 46, 47, 56, 61, 63, 70] - 4979, [1, 3, 5, 6, 26, 28, 35, 46, 49, 55, 56, 57, 70] - 4988, [1, 2, 4, 11, 20, 37, 39, 42, 51, 59, 60, 65, 68, 70] - 5722, [1, 4, 11, 21, 31, 41, 47, 55, 58, 62, 70] - 4268, [1, 4, 11, 21, 31, 33, 34, 41, 47, 55, 57, 70] - 4774, [1, 2, 3, 9, 13, 22, 24, 34, 46, 49, 55, 57, 70] - 4721, [1, 2, 4, 10, 11, 20, 21, 22, 24, 34, 41, 47, 49, 58, 62, 70] - 6117, [1, 2, 3, 12, 13, 31, 40, 44, 54, 61, 68, 70] - 4292, [1, 4, 11, 20, 31, 33, 40, 44, 56, 60, 61, 63, 70] - 6013, [1, 4, 10, 20, 37, 38, 43, 51, 59, 66, 67, 68, 70] - 5598, [1, 4, 11, 20, 31, 41, 45, 56, 57, 70] - 4814, [1, 2, 9, 11, 20, 37, 38, 43, 52, 53, 54, 61, 63, 70] - 4840, [1, 2, 9, 13, 23, 31, 33, 41, 47, 55, 58, 62, 70] - 4223, [1, 4, 10, 20, 21, 22, 23, 33, 47, 56, 61, 63, 70] - 4872, [1, 4, 11, 21, 31, 33, 34, 41, 47, 55, 57, 70] - 4774, [1, 3, 12, 14, 22, 24, 36, 48, 49, 58, 62, 70] - 4792, [1, 2, 4, 11, 20, 30, 32, 40, 44, 45, 47, 49, 55, 58, 62, 70] - 5260, [1, 2, 4, 11, 20, 30, 32, 40, 44, 45, 47, 49, 55, 58, 62, 70] - 5260, [1, 4, 10, 20, 21, 22, 23, 33, 47, 56, 61, 63, 70] - 4872, [1, 2, 9, 11, 20, 37, 38, 43, 52, 53, 54, 61, 63, 70] - 4840]
melhor indiv??duo da gera????o:[1, 2, 3, 13, 21, 23, 25, 33, 49, 58, 62, 70] - 4003
gera????o: 3: 
[[1, 3, 13, 14, 17, 26, 33, 40, 41, 47, 49, 55, 56, 63, 70] - 5918, [1, 3, 9, 21, 23, 33, 40, 44, 55, 57, 70] - 4356, [1, 2, 9, 11, 20, 39, 50, 53, 54, 61, 65, 68, 70] - 4960, [1, 3, 13, 22, 33, 47, 56, 61, 63, 70] - 4185, [1, 2, 9, 13, 23, 31, 33, 41, 47, 55, 58, 62, 70] - 4223, [1, 2, 3, 13, 21, 23, 25, 33, 49, 58, 62, 70] - 4003, [1, 3, 5, 6, 26, 28, 35, 46, 49, 55, 56, 57, 70] - 4988, [1, 4, 11, 21, 31, 41, 47, 55, 58, 62, 70] - 4268, [1, 2, 3, 9, 13, 22, 24, 34, 46, 49, 55, 57, 70] - 4721, [1, 2, 3, 12, 13, 31, 40, 44, 54, 61, 68, 70] - 4292, [1, 4, 10, 20, 37, 38, 43, 51, 59, 66, 67, 68, 70] - 5598, [1, 2, 9, 11, 20, 37, 38, 43, 52, 53, 54, 61, 63, 70] - 4840, [1, 2, 9, 13, 23, 31, 33, 41, 47, 55, 58, 62, 70] - 4223, [1, 4, 11, 21, 31, 33, 34, 41, 47, 55, 57, 70] - 4774, [1, 2, 4, 11, 20, 30, 32, 40, 44, 45, 47, 49, 55, 58, 62, 70] - 5260, [1, 4, 10, 20, 21, 22, 23, 33, 47, 56, 61, 63, 70] - 4872, [1, 2, 4, 11, 20, 30, 32, 40, 44, 45, 47, 49, 55, 58, 62, 70] - 5260, [1, 2, 4, 11, 20, 30, 32, 40, 44, 45, 47, 49, 55, 58, 62, 70] - 5260, [1, 2, 3, 23, 33, 39, 50, 53, 60, 64, 65, 66, 67, 68, 70] - 6669, [1, 3, 9, 21, 23, 33, 40, 44, 55, 57, 70] - 4356, [1, 4, 11, 21, 31, 41, 47, 55, 58, 62, 70] - 4268, [1, 2, 4, 11, 20, 30, 32, 40, 44, 45, 47, 49, 55, 58, 62, 70] - 5260]
melhor indiv??duo da gera????o:[1, 2, 3, 13, 21, 23, 25, 33, 49, 58, 62, 70] - 4003
gera????o: 4: 
[[1, 3, 9, 21, 23, 33, 40, 44, 55, 57, 70] - 4356, [1, 3, 13, 22, 33, 47, 56, 61, 63, 70] - 4185, [1, 2, 3, 13, 21, 23, 25, 33, 49, 58, 62, 70] - 4003, [1, 4, 11, 21, 31, 41, 47, 55, 58, 62, 70] - 4268, [1, 2, 3, 12, 13, 31, 40, 44, 54, 61, 68, 70] - 4292, [1, 2, 9, 11, 20, 37, 38, 43, 52, 53, 54, 61, 63, 70] - 4840, [1, 4, 11, 21, 31, 33, 34, 41, 47, 55, 57, 70] - 4774, [1, 4, 10, 20, 21, 22, 23, 33, 47, 56, 61, 63, 70] - 4872, [1, 2, 4, 11, 20, 30, 32, 40, 44, 45, 47, 49, 55, 58, 62, 70] - 5260, [1, 3, 9, 21, 23, 33, 40, 44, 55, 57, 70] - 4356, [1, 2, 4, 11, 20, 30, 32, 40, 44, 45, 47, 49, 55, 58, 62, 70] - 5260, [1, 2, 9, 13, 23, 31, 33, 41, 47, 55, 58, 62, 70] - 4223, [1, 2, 4, 11, 20, 30, 32, 40, 44, 45, 47, 49, 55, 58, 62, 70] - 5260, [1, 2, 9, 13, 23, 31, 33, 41, 47, 55, 58, 62, 70] - 4223]
melhor indiv??duo da gera????o:[1, 2, 3, 13, 21, 23, 25, 33, 49, 58, 62, 70] - 4003
gera????o: 5: 
[[1, 3, 13, 22, 33, 47, 56, 61, 63, 70] - 4185, [1, 4, 11, 21, 31, 41, 47, 55, 58, 62, 70] - 4268, [1, 2, 9, 11, 20, 37, 38, 43, 52, 53, 54, 61, 63, 70] - 4840, [1, 4, 10, 20, 21, 22, 23, 33, 47, 56, 61, 63, 70] - 4872, [1, 3, 9, 21, 23, 33, 40, 44, 55, 57, 70] - 4356, [1, 2, 9, 13, 23, 31, 33, 41, 47, 55, 58, 62, 70] - 4223, [1, 2, 9, 13, 23, 31, 33, 41, 47, 55, 58, 62, 70] - 4223, [1, 2, 4, 11, 20, 30, 32, 40, 44, 45, 47, 49, 55, 58, 62, 70] - 5260, [1, 4, 11, 21, 31, 41, 47, 55, 58, 62, 70] - 4268, [1, 2, 4, 11, 20, 30, 32, 40, 44, 45, 47, 49, 55, 58, 62, 70] - 5260, [1, 2, 3, 13, 21, 23, 25, 33, 49, 58, 62, 70] - 4003, [1, 3, 9, 21, 23, 33, 40, 44, 55, 57, 70] - 4356]
melhor indiv??duo da gera????o:[1, 2, 3, 13, 21, 23, 25, 33, 49, 58, 62, 70] - 4003
______________________________________________________________________________________________________________________________
