geração: 1: 
[[1, 6, 8, 3, 5, 2, 4, 10, 13, 14, 15, 20] - 60, [1, 6, 8, 3, 5, 10, 14, 13, 15, 20] - 44, [1, 3, 5, 8, 9, 16, 12, 13, 19, 20] - 41, [1, 3, 5, 12, 13, 19, 20] - 30, [1, 3, 8, 10, 12, 19, 20] - 43, [1, 3, 8, 10, 13, 14, 15, 20] - 46, [1, 3, 5, 2, 4, 11, 10, 14, 13, 9, 12, 16, 17, 19, 20] - 93, [1, 6, 8, 9, 16, 12, 5, 2, 3] - 47, [1, 3, 8, 10, 14, 15, 20] - 32, [1, 2, 5, 12, 13, 14, 10] - 37, [1, 6, 8, 9, 13, 19, 20] - 36, [1, 2, 3, 6, 7, 9, 13, 14, 15, 20] - 59, [1, 2, 4, 5, 10, 12, 13, 14, 15, 20] - 59, [1, 2, 4, 11, 14, 15, 20] - 34, [1, 3, 6, 7, 9, 16, 17, 19, 20] - 52, [1, 2, 3, 6, 8, 9, 13, 14, 15, 20] - 54, [1, 3, 6, 8, 10, 12, 19, 20] - 49, [1, 2, 5, 8, 10, 14, 13, 19, 20] - 44, [1, 3, 5, 10, 14, 13, 15, 20] - 35, [1, 6, 7, 9, 10, 14, 15, 20] - 42, [1, 3, 6, 7, 9, 12, 13, 19, 20] - 41, [1, 6, 8, 9, 12, 5, 2, 3] - 42, [1, 6, 8, 9, 12, 13, 15, 20] - 33, [1, 3, 8, 9, 13, 15, 20] - 33, [1, 3, 6, 7, 9, 12, 13, 15, 20] - 41, [1, 3, 5, 10, 12, 16, 17, 18, 19, 20] - 60, [1, 6, 7, 9, 10, 12, 19, 20] - 53, [1, 2, 3, 6, 8, 9, 16, 12, 13, 14, 15, 20] - 56, [1, 6, 8, 3, 5, 2, 4, 10, 14, 15, 20] - 46, [1, 6, 7, 8, 10, 13, 9, 12, 19, 20] - 74, [1, 3, 6, 7, 9, 16, 12, 13, 15, 20] - 46, [1, 6, 7, 8, 10, 13, 15, 20] - 45, [1, 3, 6, 8, 9, 16, 10, 13, 14, 15, 20] - 59, [1, 3, 5, 8, 10, 14, 13, 15, 20] - 44, [1, 2, 4, 11, 10, 13, 15, 20] - 42, [1, 3, 5, 8, 10, 12, 13, 19, 20] - 47, [1, 3, 6, 8, 9, 16, 17, 18, 13, 19, 20] - 56, [1, 2, 3, 6, 7, 8, 9, 10, 14, 15, 20] - 51, [1, 2, 3, 8, 9, 13, 19, 20] - 38, [1, 2, 3, 8, 9, 12, 13, 19, 20] - 35]
melhor indivíduo da geração:[1, 3, 5, 12, 13, 19, 20] - 30
geração: 2: 
[[1, 6, 8, 3, 5, 10, 14, 13, 15, 20] - 44, [1, 3, 5, 8, 9, 16, 12, 13, 19, 20] - 41, [1, 3, 5, 12, 13, 19, 20] - 30, [1, 3, 8, 10, 12, 19, 20] - 43, [1, 3, 8, 10, 13, 14, 15, 20] - 46, [1, 6, 8, 9, 16, 12, 5, 2, 3] - 47, [1, 3, 8, 10, 14, 15, 20] - 32, [1, 2, 5, 12, 13, 14, 10] - 37, [1, 6, 8, 9, 13, 19, 20] - 36, [1, 2, 4, 11, 14, 15, 20] - 34, [1, 2, 5, 8, 10, 14, 13, 19, 20] - 44, [1, 3, 5, 10, 14, 13, 15, 20] - 35, [1, 6, 7, 9, 10, 14, 15, 20] - 42, [1, 3, 6, 7, 9, 12, 13, 19, 20] - 41, [1, 6, 8, 9, 12, 5, 2, 3] - 42, [1, 6, 8, 9, 12, 13, 15, 20] - 33, [1, 3, 8, 9, 13, 15, 20] - 33, [1, 3, 6, 7, 9, 12, 13, 15, 20] - 41, [1, 6, 8, 3, 5, 2, 4, 10, 14, 15, 20] - 46, [1, 3, 6, 7, 9, 16, 12, 13, 15, 20] - 46, [1, 6, 7, 8, 10, 13, 15, 20] - 45, [1, 3, 5, 8, 10, 14, 13, 15, 20] - 44, [1, 2, 4, 11, 10, 13, 15, 20] - 42, [1, 3, 5, 8, 10, 12, 13, 19, 20] - 47, [1, 2, 3, 8, 9, 13, 19, 20] - 38, [1, 2, 3, 8, 9, 12, 13, 19, 20] - 35, [1, 2, 3, 8, 9, 13, 15, 20] - 38, [1, 2, 4, 10, 13, 14, 15, 20] - 45]
melhor indivíduo da geração:[1, 3, 5, 12, 13, 19, 20] - 30
geração: 3: 
[[1, 3, 5, 12, 13, 19, 20] - 30, [1, 3, 8, 10, 14, 15, 20] - 32, [1, 2, 5, 12, 13, 14, 10] - 37, [1, 6, 8, 9, 13, 19, 20] - 36, [1, 2, 4, 11, 14, 15, 20] - 34, [1, 3, 5, 10, 14, 13, 15, 20] - 35, [1, 6, 8, 9, 12, 13, 15, 20] - 33, [1, 3, 8, 9, 13, 15, 20] - 33, [1, 2, 3, 8, 9, 13, 19, 20] - 38, [1, 2, 3, 8, 9, 12, 13, 19, 20] - 35, [1, 2, 3, 8, 9, 13, 15, 20] - 38]
melhor indivíduo da geração:[1, 3, 5, 12, 13, 19, 20] - 30
______________________________________________________________________________________________________________________________
