gera????o: 1: 
[[1, 3, 12, 13, 23, 33, 47, 55, 57, 70] - 3525, [1, 3, 5, 6, 22, 33, 47, 49, 58, 62, 70] - 3829, [1, 3, 12, 14, 26, 34, 46, 49, 58, 62, 70] - 3829, [1, 3, 13, 21, 31, 40, 41, 45, 57, 70] - 3930, [1, 3, 13, 21, 31, 41, 45, 56, 63, 70] - 3971, [1, 2, 9, 21, 31, 41, 45, 47, 49, 58, 62, 70] - 4146, [1, 4, 11, 21, 22, 25, 33, 47, 49, 58, 62, 70] - 4196, [1, 4, 10, 20, 39, 40, 41, 45, 57, 70] - 4224, [1, 4, 11, 21, 31, 32, 40, 41, 47, 55, 57, 70] - 4270, [1, 2, 4, 10, 20, 39, 50, 53, 54, 61, 63, 70] - 4308, [1, 4, 11, 21, 23, 31, 41, 47, 55, 57, 70] - 4335, [1, 3, 23, 25, 33, 40, 44, 55, 58, 62, 70] - 4434, [1, 2, 3, 13, 14, 25, 26, 28, 35, 49, 58, 62, 70] - 4495, [1, 3, 13, 23, 31, 40, 44, 54, 56, 61, 68, 70] - 4520, [1, 3, 12, 14, 22, 33, 41, 45, 47, 56, 61, 63, 70] - 4590, [1, 4, 11, 21, 23, 25, 26, 34, 35, 49, 55, 58, 62, 70] - 4648, [1, 3, 5, 12, 22, 24, 27, 35, 49, 55, 57, 70] - 4712, [1, 3, 12, 13, 40, 41, 46, 47, 56, 63, 70] - 4758, [1, 4, 11, 21, 22, 24, 28, 36, 49, 58, 62, 70] - 4874, [1, 4, 11, 21, 22, 24, 36, 49, 58, 62, 70] - 4905, [1, 4, 10, 11, 20, 39, 50, 53, 60, 61, 63, 70] - 4943, [1, 2, 9, 13, 31, 33, 46, 47, 49, 55, 56, 61, 63, 70] - 5031, [1, 3, 9, 11, 21, 23, 33, 40, 41, 47, 55, 56, 57, 70] - 5083, [1, 2, 4, 11, 21, 22, 33, 34, 35, 46, 49, 55, 58, 62, 70] - 5107, [1, 3, 23, 31, 32, 39, 42, 43, 52, 53, 54, 56, 63, 70] - 5144, [1, 2, 9, 21, 22, 24, 28, 35, 46, 47, 56, 57, 70] - 5198, [1, 2, 3, 13, 22, 33, 39, 40, 41, 46, 49, 58, 62, 70] - 5367, [1, 4, 10, 20, 37, 38, 43, 51, 59, 64, 67, 69, 70] - 5372, [1, 4, 11, 21, 22, 24, 28, 34, 35, 46, 47, 56, 57, 70] - 5674, [1, 2, 3, 12, 22, 24, 27, 28, 36, 48, 49, 55, 56, 57, 70] - 6023, [1, 3, 13, 21, 23, 31, 32, 37, 38, 43, 51, 59, 64, 67, 68, 70] - 6133, [1, 4, 11, 20, 21, 22, 24, 34, 41, 47, 56, 63, 70] - 6225, [1, 2, 4, 10, 11, 20, 37, 42, 43, 52, 53, 60, 64, 66, 67, 69, 70] - 6230, [1, 4, 11, 21, 22, 25, 26, 28, 34, 41, 46, 47, 56, 61, 68, 70] - 6244, [1, 4, 11, 20, 29, 37, 42, 43, 52, 60, 65, 67, 69, 70] - 6250, [1, 4, 11, 20, 29, 38, 43, 52, 59, 66, 67, 68, 70] - 6558, [1, 2, 3, 23, 25, 26, 28, 36, 49, 55, 56, 60, 64, 67, 69, 70] - 6752, [1, 3, 9, 21, 23, 25, 26, 33, 39, 53, 60, 65, 66, 67, 68, 70] - 6919, [1, 2, 3, 13, 14, 24, 36, 48, 49, 55, 56, 60, 65, 66, 67, 68, 70] - 7985, [1, 4, 11, 20, 21, 31, 33, 34, 41, 44, 50, 53, 60, 61, 65, 66, 67, 69, 70] - 8011]
melhor indiv??duo da gera????o:[1, 3, 12, 13, 23, 33, 47, 55, 57, 70] - 3525
gera????o: 2: 
[[1, 3, 5, 6, 22, 33, 47, 49, 58, 62, 70] - 3829, [1, 3, 13, 21, 31, 40, 41, 45, 57, 70] - 3930, [1, 2, 9, 13, 23, 31, 33, 47, 49, 58, 62, 70] - 4019, [1, 2, 9, 21, 23, 33, 34, 46, 49, 55, 57, 70] - 4118, [1, 4, 11, 21, 22, 25, 33, 47, 49, 58, 62, 70] - 4196, [1, 4, 10, 11, 21, 23, 33, 40, 44, 54, 61, 63, 70] - 4249, [1, 2, 4, 10, 20, 39, 50, 53, 54, 61, 63, 70] - 4308, [1, 2, 3, 9, 13, 14, 25, 26, 33, 49, 55, 57, 70] - 4408, [1, 3, 23, 31, 40, 41, 46, 49, 58, 62, 70] - 4471, [1, 2, 3, 13, 14, 25, 26, 28, 35, 49, 58, 62, 70] - 4495, [1, 3, 12, 14, 22, 33, 41, 45, 47, 56, 61, 63, 70] - 4590, [1, 3, 5, 12, 13, 22, 24, 36, 48, 58, 62, 70] - 4662, [1, 3, 5, 12, 22, 24, 27, 35, 49, 55, 57, 70] - 4712, [1, 4, 10, 20, 21, 22, 33, 41, 44, 45, 57, 70] - 4775, [1, 4, 11, 21, 22, 24, 36, 49, 58, 62, 70] - 4905, [1, 2, 9, 13, 31, 33, 46, 47, 49, 55, 56, 61, 63, 70] - 5031, [1, 2, 4, 11, 21, 22, 33, 34, 35, 46, 49, 55, 58, 62, 70] - 5107, [1, 2, 9, 21, 22, 24, 28, 35, 46, 47, 56, 57, 70] - 5198, [1, 2, 3, 13, 22, 33, 39, 40, 41, 46, 49, 58, 62, 70] - 5367, [1, 2, 9, 21, 23, 33, 39, 42, 52, 59, 60, 61, 63, 70] - 5545, [1, 4, 11, 20, 37, 42, 52, 59, 64, 65, 68, 70] - 5644, [1, 2, 3, 12, 22, 24, 27, 28, 36, 48, 49, 55, 56, 57, 70] - 6023, [1, 4, 11, 20, 21, 22, 24, 34, 41, 47, 56, 63, 70] - 6225, [1, 4, 11, 21, 22, 25, 26, 28, 34, 41, 46, 47, 56, 61, 68, 70] - 6244, [1, 4, 11, 20, 29, 38, 43, 52, 59, 66, 67, 68, 70] - 6558, [1, 3, 9, 13, 21, 31, 33, 34, 41, 44, 50, 53, 60, 64, 65, 67, 69, 70] - 6857, [1, 2, 3, 13, 14, 24, 36, 48, 49, 55, 56, 60, 65, 66, 67, 68, 70] - 7985]
melhor indiv??duo da gera????o:[1, 3, 5, 6, 22, 33, 47, 49, 58, 62, 70] - 3829
gera????o: 3: 
[[1, 3, 13, 21, 31, 40, 41, 45, 57, 70] - 3930, [1, 2, 9, 13, 23, 31, 33, 47, 49, 58, 62, 70] - 4019, [1, 3, 13, 40, 44, 54, 61, 68, 70] - 4150, [1, 4, 10, 11, 21, 23, 33, 40, 44, 54, 61, 63, 70] - 4249, [1, 2, 3, 9, 13, 14, 25, 26, 33, 49, 55, 57, 70] - 4408, [1, 3, 23, 31, 40, 41, 46, 49, 58, 62, 70] - 4471, [1, 3, 12, 14, 22, 33, 41, 45, 47, 56, 61, 63, 70] - 4590, [1, 3, 5, 12, 22, 24, 27, 35, 49, 55, 57, 70] - 4712, [1, 4, 10, 20, 21, 22, 33, 41, 44, 45, 57, 70] - 4775, [1, 4, 11, 21, 22, 24, 36, 49, 58, 62, 70] - 4905, [1, 4, 11, 20, 39, 44, 56, 61, 68, 70] - 5023, [1, 4, 10, 11, 20, 29, 37, 39, 56, 61, 68, 70] - 5069, [1, 2, 9, 21, 22, 24, 28, 35, 46, 47, 56, 57, 70] - 5198, [1, 2, 9, 21, 23, 33, 39, 42, 52, 59, 60, 61, 63, 70] - 5545, [1, 2, 3, 12, 22, 24, 27, 28, 36, 48, 49, 55, 56, 57, 70] - 6023, [1, 4, 11, 20, 21, 22, 24, 34, 41, 47, 56, 63, 70] - 6225, [1, 4, 11, 20, 29, 38, 43, 52, 59, 66, 67, 68, 70] - 6558, [1, 2, 3, 13, 14, 24, 36, 48, 49, 55, 56, 60, 65, 66, 67, 68, 70] - 7985]
melhor indiv??duo da gera????o:[1, 3, 13, 21, 31, 40, 41, 45, 57, 70] - 3930
gera????o: 4: 
[[1, 3, 13, 21, 31, 40, 41, 45, 57, 70] - 3930, [1, 3, 13, 40, 44, 54, 61, 68, 70] - 4150, [1, 4, 10, 11, 21, 23, 33, 40, 44, 54, 61, 63, 70] - 4249, [1, 2, 3, 9, 13, 14, 25, 26, 33, 49, 55, 57, 70] - 4408, [1, 3, 9, 11, 21, 22, 33, 40, 44, 54, 56, 57, 70] - 4588, [1, 2, 9, 13, 40, 41, 44, 50, 53, 54, 56, 61, 63, 70] - 4591, [1, 4, 10, 20, 21, 22, 33, 41, 44, 45, 57, 70] - 4775, [1, 2, 3, 5, 6, 22, 24, 34, 35, 49, 55, 58, 62, 70] - 4923, [1, 4, 11, 21, 23, 31, 33, 39, 40, 44, 56, 63, 70] - 5038, [1, 4, 10, 11, 20, 29, 37, 39, 56, 61, 68, 70] - 5069, [1, 2, 9, 21, 23, 33, 39, 42, 52, 59, 60, 61, 63, 70] - 5545, [1, 2, 3, 12, 22, 24, 27, 28, 36, 48, 49, 55, 56, 57, 70] - 6023, [1, 4, 11, 20, 21, 22, 24, 34, 41, 47, 56, 63, 70] - 6225, [1, 2, 3, 9, 11, 21, 31, 41, 44, 50, 53, 60, 61, 65, 67, 69, 70] - 6436, [1, 3, 12, 22, 33, 39, 42, 52, 59, 64, 65, 66, 67, 68, 70] - 7116, [1, 2, 3, 13, 14, 24, 36, 48, 49, 55, 56, 60, 65, 66, 67, 68, 70] - 7985]
melhor indiv??duo da gera????o:[1, 3, 13, 21, 31, 40, 41, 45, 57, 70] - 3930
gera????o: 5: 
[[1, 3, 13, 40, 44, 54, 61, 68, 70] - 4150, [1, 2, 3, 9, 13, 14, 25, 26, 33, 49, 55, 57, 70] - 4408, [1, 3, 9, 11, 21, 22, 33, 40, 44, 54, 56, 57, 70] - 4588, [1, 4, 10, 20, 21, 22, 33, 41, 44, 45, 57, 70] - 4775, [1, 4, 11, 21, 23, 31, 33, 39, 40, 44, 56, 63, 70] - 5038, [1, 4, 10, 11, 20, 29, 37, 39, 56, 61, 68, 70] - 5069, [1, 2, 9, 21, 23, 33, 39, 42, 52, 59, 60, 61, 63, 70] - 5545, [1, 2, 9, 21, 22, 25, 26, 33, 39, 50, 53, 60, 61, 68, 70] - 5795, [1, 4, 11, 20, 37, 38, 43, 51, 59, 66, 67, 68, 70] - 5920, [1, 4, 11, 20, 21, 22, 24, 34, 41, 47, 56, 63, 70] - 6225, [1, 2, 3, 9, 11, 21, 31, 41, 44, 50, 53, 60, 61, 65, 67, 69, 70] - 6436, [1, 3, 12, 22, 24, 26, 31, 32, 40, 44, 53, 54, 61, 65, 67, 68, 70] - 7052, [1, 4, 11, 20, 30, 32, 39, 50, 53, 54, 56, 60, 61, 65, 67, 69, 70] - 7196, [1, 4, 11, 20, 21, 31, 33, 41, 46, 47, 56, 60, 61, 65, 67, 69, 70] - 8123]
melhor indiv??duo da gera????o:[1, 3, 13, 40, 44, 54, 61, 68, 70] - 4150
gera????o: 6: 
[[1, 3, 12, 13, 31, 41, 45, 56, 57, 70] - 4093, [1, 2, 3, 9, 13, 14, 25, 26, 33, 49, 55, 57, 70] - 4408, [1, 3, 12, 14, 17, 26, 33, 46, 47, 55, 57, 70] - 4588, [1, 4, 11, 21, 22, 24, 36, 48, 58, 62, 70] - 4941, [1, 4, 10, 11, 20, 29, 37, 39, 56, 61, 68, 70] - 5069, [1, 2, 9, 13, 31, 32, 40, 41, 44, 50, 53, 61, 65, 68, 70] - 5186, [1, 4, 10, 11, 21, 31, 41, 44, 54, 56, 60, 65, 68, 70] - 5549, [1, 2, 9, 21, 22, 25, 26, 33, 39, 50, 53, 60, 61, 68, 70] - 5795, [1, 4, 11, 20, 32, 39, 56, 60, 61, 68, 70] - 6072, [1, 3, 13, 31, 32, 40, 44, 53, 60, 65, 66, 67, 68, 70] - 6147, [1, 2, 3, 9, 11, 21, 31, 41, 44, 50, 53, 60, 61, 65, 67, 69, 70] - 6436, [1, 4, 11, 20, 30, 32, 39, 50, 53, 54, 56, 60, 61, 65, 67, 69, 70] - 7196]
melhor indiv??duo da gera????o:[1, 3, 12, 13, 31, 41, 45, 56, 57, 70] - 4093
______________________________________________________________________________________________________________________________
