gera????o: 1: 
[[1, 2, 3, 12, 22, 24, 36, 48, 58, 62, 70] - 4670, [1, 3, 5, 6, 26, 33, 39, 40, 44, 45, 57, 70] - 4827, [1, 3, 9, 11, 21, 23, 31, 40, 44, 54, 56, 57, 70] - 4356, [1, 2, 4, 10, 20, 31, 33, 40, 44, 55, 58, 62, 70] - 4955, [1, 2, 9, 13, 23, 33, 47, 55, 57, 70] - 3450, [1, 3, 5, 12, 13, 40, 41, 46, 49, 58, 62, 70] - 4417, [1, 3, 9, 21, 23, 25, 33, 49, 58, 62, 70] - 3845, [1, 2, 4, 11, 20, 31, 41, 44, 54, 61, 63, 70] - 4869, [1, 4, 11, 20, 39, 44, 55, 58, 62, 70] - 4826, [1, 3, 23, 31, 32, 39, 50, 53, 60, 65, 67, 69, 70] - 5579, [1, 4, 10, 20, 39, 40, 44, 45, 47, 49, 55, 56, 60, 61, 65, 68, 70] - 7048, [1, 4, 11, 21, 22, 25, 26, 28, 36, 48, 58, 62, 70] - 4709, [1, 3, 9, 21, 23, 25, 26, 28, 35, 46, 47, 49, 58, 62, 70] - 4820, [1, 2, 3, 5, 12, 13, 31, 41, 47, 56, 61, 68, 70] - 5036, [1, 3, 13, 40, 44, 50, 53, 61, 68, 70] - 4546, [1, 2, 9, 11, 20, 39, 42, 43, 51, 59, 60, 61, 65, 66, 67, 69, 70] - 6800, [1, 2, 4, 11, 20, 30, 32, 39, 42, 51, 59, 64, 65, 67, 68, 70] - 7069, [1, 3, 23, 31, 40, 44, 53, 60, 64, 66, 67, 68, 70] - 5671, [1, 3, 9, 11, 20, 29, 37, 38, 43, 51, 59, 64, 65, 68, 70] - 5729, [1, 2, 3, 5, 6, 7, 14, 22, 24, 27, 35, 36, 48, 58, 62, 70] - 5261, [1, 4, 11, 21, 31, 32, 39, 44, 56, 57, 70] - 4544, [1, 4, 11, 21, 31, 32, 40, 41, 47, 56, 60, 61, 68, 70] - 6172, [1, 3, 5, 6, 22, 24, 27, 28, 36, 49, 58, 62, 70] - 5035, [1, 3, 5, 6, 12, 14, 26, 33, 41, 44, 55, 58, 62, 70] - 4595, [1, 3, 23, 31, 32, 37, 38, 43, 51, 59, 60, 61, 63, 70] - 5120, [1, 3, 5, 6, 12, 14, 26, 33, 46, 49, 55, 56, 60, 65, 67, 69, 70] - 6841, [1, 2, 4, 10, 11, 21, 23, 31, 40, 41, 47, 49, 55, 57, 70] - 4740, [1, 3, 13, 40, 41, 45, 57, 70] - 3805, [1, 2, 3, 5, 12, 13, 21, 23, 25, 33, 39, 40, 44, 45, 56, 57, 70] - 5422, [1, 3, 13, 31, 32, 39, 44, 54, 61, 65, 67, 69, 70] - 5471, [1, 2, 3, 13, 23, 33, 49, 58, 62, 70] - 3683, [1, 4, 10, 20, 37, 38, 43, 52, 59, 60, 65, 66, 67, 69, 70] - 6403, [1, 2, 4, 11, 20, 39, 53, 60, 65, 66, 67, 68, 70] - 6394, [1, 3, 5, 12, 13, 21, 22, 24, 36, 49, 55, 58, 62, 70] - 5081, [1, 4, 10, 11, 21, 23, 25, 33, 49, 55, 58, 62, 70] - 4097, [1, 4, 11, 20, 21, 22, 33, 40, 44, 55, 57, 70] - 5280, [1, 4, 10, 20, 37, 38, 43, 52, 60, 64, 66, 67, 68, 70] - 5738, [1, 2, 9, 11, 21, 23, 31, 33, 40, 41, 44, 54, 56, 60, 64, 65, 68, 70] - 6265, [1, 3, 23, 33, 47, 56, 61, 65, 67, 69, 70] - 5319, [1, 4, 11, 21, 31, 33, 41, 44, 45, 47, 49, 58, 62, 70] - 4779]
melhor indiv??duo da gera????o:[1, 2, 9, 13, 23, 33, 47, 55, 57, 70] - 3450
gera????o: 2: 
[[1, 3, 5, 6, 26, 33, 39, 40, 44, 45, 57, 70] - 4827, [1, 2, 4, 10, 20, 31, 33, 40, 44, 55, 58, 62, 70] - 4955, [1, 3, 5, 12, 13, 40, 41, 46, 49, 58, 62, 70] - 4417, [1, 2, 4, 11, 20, 31, 41, 44, 54, 61, 63, 70] - 4869, [1, 3, 23, 31, 32, 39, 50, 53, 60, 65, 67, 69, 70] - 5579, [1, 4, 11, 21, 22, 25, 26, 28, 36, 48, 58, 62, 70] - 4709, [1, 2, 3, 5, 12, 13, 31, 41, 47, 56, 61, 68, 70] - 5036, [1, 2, 9, 11, 20, 39, 42, 43, 51, 59, 60, 61, 65, 66, 67, 69, 70] - 6800, [1, 3, 23, 31, 40, 44, 53, 60, 64, 66, 67, 68, 70] - 5671, [1, 2, 3, 5, 6, 7, 14, 22, 24, 27, 35, 36, 48, 58, 62, 70] - 5261, [1, 4, 11, 21, 31, 32, 40, 41, 47, 56, 60, 61, 68, 70] - 6172, [1, 3, 5, 6, 12, 14, 26, 33, 41, 44, 55, 58, 62, 70] - 4595, [1, 3, 5, 6, 12, 14, 26, 33, 46, 49, 55, 56, 60, 65, 67, 69, 70] - 6841, [1, 3, 13, 40, 41, 45, 57, 70] - 3805, [1, 3, 13, 31, 32, 39, 44, 54, 61, 65, 67, 69, 70] - 5471, [1, 4, 10, 20, 37, 38, 43, 52, 59, 60, 65, 66, 67, 69, 70] - 6403, [1, 3, 5, 12, 13, 21, 22, 24, 36, 49, 55, 58, 62, 70] - 5081, [1, 4, 11, 20, 21, 22, 33, 40, 44, 55, 57, 70] - 5280, [1, 2, 9, 11, 21, 23, 31, 33, 40, 41, 44, 54, 56, 60, 64, 65, 68, 70] - 6265, [1, 4, 11, 21, 31, 33, 41, 44, 45, 47, 49, 58, 62, 70] - 4779, [1, 3, 5, 6, 12, 14, 26, 33, 46, 49, 55, 56, 60, 65, 67, 69, 70] - 6841, [1, 2, 4, 11, 20, 39, 53, 60, 65, 66, 67, 68, 70] - 6394, [1, 4, 10, 20, 37, 38, 43, 52, 60, 64, 66, 67, 68, 70] - 5738, [1, 2, 4, 11, 20, 31, 41, 44, 54, 61, 63, 70] - 4869, [1, 2, 9, 11, 20, 39, 42, 43, 51, 59, 60, 61, 65, 66, 67, 69, 70] - 6800, [1, 4, 10, 20, 39, 40, 44, 45, 47, 49, 55, 56, 60, 61, 65, 68, 70] - 7048, [1, 2, 9, 11, 20, 39, 42, 43, 51, 59, 60, 61, 65, 66, 67, 69, 70] - 6800]
melhor indiv??duo da gera????o:[1, 3, 13, 40, 41, 45, 57, 70] - 3805
gera????o: 3: 
[[1, 2, 4, 10, 20, 31, 33, 40, 44, 55, 58, 62, 70] - 4955, [1, 2, 4, 11, 20, 31, 41, 44, 54, 61, 63, 70] - 4869, [1, 4, 11, 21, 22, 25, 26, 28, 36, 48, 58, 62, 70] - 4709, [1, 2, 9, 11, 20, 39, 42, 43, 51, 59, 60, 61, 65, 66, 67, 69, 70] - 6800, [1, 2, 3, 5, 6, 7, 14, 22, 24, 27, 35, 36, 48, 58, 62, 70] - 5261, [1, 3, 5, 6, 12, 14, 26, 33, 41, 44, 55, 58, 62, 70] - 4595, [1, 3, 13, 40, 41, 45, 57, 70] - 3805, [1, 4, 10, 20, 37, 38, 43, 52, 59, 60, 65, 66, 67, 69, 70] - 6403, [1, 4, 11, 20, 21, 22, 33, 40, 44, 55, 57, 70] - 5280, [1, 4, 11, 21, 31, 33, 41, 44, 45, 47, 49, 58, 62, 70] - 4779, [1, 2, 4, 11, 20, 39, 53, 60, 65, 66, 67, 68, 70] - 6394, [1, 2, 4, 11, 20, 31, 41, 44, 54, 61, 63, 70] - 4869, [1, 4, 10, 20, 39, 40, 44, 45, 47, 49, 55, 56, 60, 61, 65, 68, 70] - 7048, [1, 2, 4, 11, 20, 31, 41, 44, 54, 61, 63, 70] - 4869, [1, 3, 5, 6, 12, 14, 26, 33, 41, 44, 55, 58, 62, 70] - 4595, [1, 2, 9, 11, 20, 39, 42, 43, 51, 59, 60, 61, 65, 66, 67, 69, 70] - 6800, [1, 3, 13, 40, 41, 45, 57, 70] - 3805, [1, 4, 11, 21, 31, 32, 40, 41, 47, 56, 60, 61, 68, 70] - 6172]
melhor indiv??duo da gera????o:[1, 3, 13, 40, 41, 45, 57, 70] - 3805
gera????o: 4: 
[[1, 2, 4, 11, 20, 31, 41, 44, 54, 61, 63, 70] - 4869, [1, 2, 9, 11, 20, 39, 42, 43, 51, 59, 60, 61, 65, 66, 67, 69, 70] - 6800, [1, 3, 5, 6, 12, 14, 26, 33, 41, 44, 55, 58, 62, 70] - 4595, [1, 4, 10, 20, 37, 38, 43, 52, 59, 60, 65, 66, 67, 69, 70] - 6403, [1, 4, 11, 21, 31, 33, 41, 44, 45, 47, 49, 58, 62, 70] - 4779, [1, 2, 4, 11, 20, 31, 41, 44, 54, 61, 63, 70] - 4869, [1, 2, 4, 11, 20, 31, 41, 44, 54, 61, 63, 70] - 4869, [1, 2, 9, 11, 20, 39, 42, 43, 51, 59, 60, 61, 65, 66, 67, 69, 70] - 6800, [1, 4, 11, 21, 31, 32, 40, 41, 47, 56, 60, 61, 68, 70] - 6172, [1, 3, 5, 6, 12, 14, 26, 33, 41, 44, 55, 58, 62, 70] - 4595, [1, 2, 3, 5, 6, 7, 14, 22, 24, 27, 35, 36, 48, 58, 62, 70] - 5261, [1, 2, 4, 11, 20, 31, 41, 44, 54, 61, 63, 70] - 4869, [1, 4, 11, 21, 22, 25, 26, 28, 36, 48, 58, 62, 70] - 4709, [1, 3, 5, 6, 12, 14, 26, 33, 41, 44, 55, 58, 62, 70] - 4595, [1, 4, 11, 21, 31, 33, 41, 44, 45, 47, 49, 58, 62, 70] - 4779, [1, 4, 11, 21, 22, 25, 26, 28, 36, 48, 58, 62, 70] - 4709]
melhor indiv??duo da gera????o:[1, 3, 5, 6, 12, 14, 26, 33, 41, 44, 55, 58, 62, 70] - 4595
gera????o: 5: 
[[1, 2, 9, 11, 20, 39, 42, 43, 51, 59, 60, 61, 65, 66, 67, 69, 70] - 6800, [1, 4, 10, 20, 37, 38, 43, 52, 59, 60, 65, 66, 67, 69, 70] - 6403, [1, 2, 4, 11, 20, 31, 41, 44, 54, 61, 63, 70] - 4869, [1, 2, 9, 11, 20, 39, 42, 43, 51, 59, 60, 61, 65, 66, 67, 69, 70] - 6800, [1, 3, 5, 6, 12, 14, 26, 33, 41, 44, 55, 58, 62, 70] - 4595, [1, 2, 4, 11, 20, 31, 41, 44, 54, 61, 63, 70] - 4869, [1, 3, 5, 6, 12, 14, 26, 33, 41, 44, 55, 58, 62, 70] - 4595, [1, 4, 11, 21, 22, 25, 26, 28, 36, 48, 58, 62, 70] - 4709, [1, 4, 11, 21, 22, 25, 26, 28, 36, 48, 58, 62, 70] - 4709, [1, 2, 9, 11, 20, 39, 42, 43, 51, 59, 60, 61, 65, 66, 67, 69, 70] - 6800, [1, 3, 5, 6, 12, 14, 26, 33, 41, 44, 55, 58, 62, 70] - 4595, [1, 2, 4, 11, 20, 31, 41, 44, 54, 61, 63, 70] - 4869, [1, 3, 5, 6, 12, 14, 26, 33, 41, 44, 55, 58, 62, 70] - 4595, [1, 3, 5, 6, 12, 14, 26, 33, 41, 44, 55, 58, 62, 70] - 4595]
melhor indiv??duo da gera????o:[1, 3, 5, 6, 12, 14, 26, 33, 41, 44, 55, 58, 62, 70] - 4595
gera????o: 6: 
[[1, 4, 10, 20, 37, 38, 43, 52, 59, 60, 65, 66, 67, 69, 70] - 6403, [1, 2, 9, 11, 20, 39, 42, 43, 51, 59, 60, 61, 65, 66, 67, 69, 70] - 6800, [1, 2, 4, 11, 20, 31, 41, 44, 54, 61, 63, 70] - 4869, [1, 4, 11, 21, 22, 25, 26, 28, 36, 48, 58, 62, 70] - 4709, [1, 2, 9, 11, 20, 39, 42, 43, 51, 59, 60, 61, 65, 66, 67, 69, 70] - 6800, [1, 2, 4, 11, 20, 31, 41, 44, 54, 61, 63, 70] - 4869, [1, 3, 5, 6, 12, 14, 26, 33, 41, 44, 55, 58, 62, 70] - 4595, [1, 3, 5, 6, 12, 14, 26, 33, 41, 44, 55, 58, 62, 70] - 4595, [1, 2, 9, 11, 20, 39, 42, 43, 51, 59, 60, 61, 65, 66, 67, 69, 70] - 6800, [1, 2, 9, 11, 20, 39, 42, 43, 51, 59, 60, 61, 65, 66, 67, 69, 70] - 6800, [1, 3, 5, 6, 12, 14, 26, 33, 41, 44, 55, 58, 62, 70] - 4595, [1, 4, 11, 21, 22, 25, 26, 28, 36, 48, 58, 62, 70] - 4709]
melhor indiv??duo da gera????o:[1, 3, 5, 6, 12, 14, 26, 33, 41, 44, 55, 58, 62, 70] - 4595
gera????o: 7: 
[[1, 2, 9, 11, 20, 39, 42, 43, 51, 59, 60, 61, 65, 66, 67, 69, 70] - 6800, [1, 4, 11, 21, 22, 25, 26, 28, 36, 48, 58, 62, 70] - 4709, [1, 2, 4, 11, 20, 31, 41, 44, 54, 61, 63, 70] - 4869, [1, 3, 5, 6, 12, 14, 26, 33, 41, 44, 55, 58, 62, 70] - 4595, [1, 2, 9, 11, 20, 39, 42, 43, 51, 59, 60, 61, 65, 66, 67, 69, 70] - 6800, [1, 4, 11, 21, 22, 25, 26, 28, 36, 48, 58, 62, 70] - 4709, [1, 3, 5, 6, 12, 14, 26, 33, 41, 44, 55, 58, 62, 70] - 4595, [1, 3, 5, 6, 12, 14, 26, 33, 41, 44, 55, 58, 62, 70] - 4595, [1, 3, 5, 6, 12, 14, 26, 33, 41, 44, 55, 58, 62, 70] - 4595, [1, 4, 10, 20, 37, 38, 43, 52, 59, 60, 65, 66, 67, 69, 70] - 6403]
melhor indiv??duo da gera????o:[1, 3, 5, 6, 12, 14, 26, 33, 41, 44, 55, 58, 62, 70] - 4595
gera????o: 8: 
[[1, 4, 11, 21, 22, 25, 26, 28, 36, 48, 58, 62, 70] - 4709, [1, 3, 5, 6, 12, 14, 26, 33, 41, 44, 55, 58, 62, 70] - 4595, [1, 4, 11, 21, 22, 25, 26, 28, 36, 48, 58, 62, 70] - 4709, [1, 3, 5, 6, 12, 14, 26, 33, 41, 44, 55, 58, 62, 70] - 4595, [1, 4, 10, 20, 37, 38, 43, 52, 59, 60, 65, 66, 67, 69, 70] - 6403, [1, 2, 9, 11, 20, 39, 42, 43, 51, 59, 60, 61, 65, 66, 67, 69, 70] - 6800, [1, 2, 9, 11, 20, 39, 42, 43, 51, 59, 60, 61, 65, 66, 67, 69, 70] - 6800, [1, 3, 5, 6, 12, 14, 26, 33, 41, 44, 55, 58, 62, 70] - 4595, [1, 4, 10, 20, 37, 38, 43, 52, 59, 60, 65, 66, 67, 69, 70] - 6403]
melhor indiv??duo da gera????o:[1, 3, 5, 6, 12, 14, 26, 33, 41, 44, 55, 58, 62, 70] - 4595
gera????o: 9: 
[[1, 3, 5, 6, 12, 14, 26, 33, 41, 44, 55, 58, 62, 70] - 4595, [1, 3, 5, 6, 12, 14, 26, 33, 41, 44, 55, 58, 62, 70] - 4595, [1, 2, 9, 11, 20, 39, 42, 43, 51, 59, 60, 61, 65, 66, 67, 69, 70] - 6800, [1, 3, 5, 6, 12, 14, 26, 33, 41, 44, 55, 58, 62, 70] - 4595, [1, 4, 10, 20, 37, 38, 43, 52, 59, 60, 65, 66, 67, 69, 70] - 6403, [1, 4, 11, 21, 22, 25, 26, 28, 36, 48, 58, 62, 70] - 4709, [1, 2, 9, 11, 20, 39, 42, 43, 51, 59, 60, 61, 65, 66, 67, 69, 70] - 6800, [1, 3, 5, 6, 12, 14, 26, 33, 41, 44, 55, 58, 62, 70] - 4595]
melhor indiv??duo da gera????o:[1, 3, 5, 6, 12, 14, 26, 33, 41, 44, 55, 58, 62, 70] - 4595
gera????o: 10: 
[[1, 3, 5, 6, 12, 14, 26, 33, 41, 44, 55, 58, 62, 70] - 4595, [1, 3, 5, 6, 12, 14, 26, 33, 41, 44, 55, 58, 62, 70] - 4595, [1, 4, 11, 21, 22, 25, 26, 28, 36, 48, 58, 62, 70] - 4709, [1, 3, 5, 6, 12, 14, 26, 33, 41, 44, 55, 58, 62, 70] - 4595, [1, 3, 5, 6, 12, 14, 26, 33, 41, 44, 55, 58, 62, 70] - 4595, [1, 3, 5, 6, 12, 14, 26, 33, 41, 44, 55, 58, 62, 70] - 4595]
melhor indiv??duo da gera????o:[1, 3, 5, 6, 12, 14, 26, 33, 41, 44, 55, 58, 62, 70] - 4595
______________________________________________________________________________________________________________________________
