gera????o: 1: 
[[1, 3, 13, 40, 44, 56, 61, 68, 70] - 4282, [1, 3, 12, 14, 24, 34, 46, 49, 55, 58, 62, 70] - 4542, [1, 4, 10, 20, 29, 37, 42, 51, 59, 66, 67, 69, 70] - 5621, [1, 4, 11, 21, 23, 33, 39, 50, 53, 60, 65, 66, 67, 69, 70] - 6431, [1, 4, 10, 11, 20, 39, 56, 63, 70] - 4348, [1, 4, 10, 11, 20, 29, 38, 43, 51, 59, 64, 67, 69, 70] - 5768, [1, 3, 23, 25, 26, 31, 32, 40, 44, 56, 63, 70] - 4597, [1, 4, 11, 21, 22, 33, 49, 55, 56, 57, 70] - 4697, [1, 4, 10, 11, 21, 23, 33, 47, 55, 57, 70] - 3681, [1, 3, 9, 11, 20, 29, 38, 43, 52, 53, 60, 65, 67, 68, 70] - 6642, [1, 3, 23, 31, 40, 41, 47, 56, 57, 70] - 4672, [1, 4, 10, 11, 20, 31, 40, 41, 44, 56, 57, 70] - 4907, [1, 2, 4, 10, 11, 21, 23, 33, 40, 41, 47, 49, 55, 58, 62, 70] - 4986, [1, 3, 23, 25, 33, 34, 46, 49, 58, 62, 70] - 4125, [1, 4, 11, 20, 39, 40, 44, 50, 53, 60, 61, 63, 70] - 5392, [1, 2, 9, 13, 31, 33, 49, 58, 62, 70] - 3589, [1, 3, 13, 21, 31, 40, 44, 54, 56, 60, 64, 67, 69, 70] - 5637, [1, 2, 3, 12, 13, 40, 44, 56, 57, 70] - 4105, [1, 2, 4, 10, 11, 20, 21, 22, 23, 33, 46, 49, 58, 62, 70] - 5042, [1, 2, 4, 10, 20, 21, 23, 31, 32, 40, 44, 50, 53, 61, 65, 68, 70] - 5826, [1, 4, 11, 20, 37, 42, 43, 51, 59, 60, 64, 65, 66, 67, 69, 70] - 6490, [1, 3, 12, 22, 23, 25, 26, 31, 40, 44, 55, 58, 62, 70] - 4904, [1, 2, 3, 9, 11, 21, 23, 25, 26, 28, 34, 41, 45, 47, 49, 55, 57, 70] - 5315, [1, 2, 9, 13, 40, 41, 46, 47, 49, 58, 62, 70] - 4576, [1, 3, 5, 12, 14, 17, 18, 19, 27, 28, 35, 36, 49, 55, 57, 70] - 5196, [1, 4, 10, 11, 21, 23, 31, 32, 37, 38, 43, 51, 59, 66, 67, 69, 70] - 5996, [1, 2, 9, 11, 21, 31, 32, 39, 42, 52, 53, 60, 61, 65, 67, 69, 70] - 6345, [1, 3, 5, 6, 8, 15, 16, 24, 27, 35, 46, 49, 58, 62, 70] - 4790, [1, 4, 10, 11, 21, 23, 31, 41, 45, 57, 70] - 4106, [1, 4, 11, 20, 29, 38, 43, 52, 60, 65, 68, 70] - 5559, [1, 4, 10, 11, 20, 32, 39, 42, 51, 59, 60, 65, 66, 67, 69, 70] - 6661, [1, 3, 9, 13, 14, 17, 18, 24, 28, 35, 49, 58, 62, 70] - 5106, [1, 2, 9, 21, 31, 33, 49, 55, 58, 62, 70] - 3826, [1, 3, 9, 11, 21, 23, 25, 33, 49, 55, 57, 70] - 3945, [1, 2, 3, 13, 23, 25, 26, 33, 46, 47, 56, 63, 70] - 4898, [1, 4, 11, 20, 21, 22, 23, 33, 34, 35, 36, 48, 49, 55, 57, 70] - 5829, [1, 4, 10, 20, 29, 37, 39, 56, 63, 70] - 4274, [1, 4, 10, 20, 39, 42, 52, 53, 54, 61, 63, 70] - 4680, [1, 4, 10, 11, 20, 30, 32, 39, 42, 52, 59, 66, 67, 68, 70] - 6456, [1, 3, 23, 31, 40, 41, 47, 56, 63, 70] - 4434]
melhor indiv??duo da gera????o:[1, 2, 9, 13, 31, 33, 49, 58, 62, 70] - 3589
gera????o: 2: 
[[1, 3, 12, 14, 24, 34, 46, 49, 55, 58, 62, 70] - 4542, [1, 4, 11, 21, 23, 33, 39, 50, 53, 60, 65, 66, 67, 69, 70] - 6431, [1, 4, 10, 11, 20, 29, 38, 43, 51, 59, 64, 67, 69, 70] - 5768, [1, 4, 11, 21, 22, 33, 49, 55, 56, 57, 70] - 4697, [1, 3, 9, 11, 20, 29, 38, 43, 52, 53, 60, 65, 67, 68, 70] - 6642, [1, 4, 10, 11, 20, 31, 40, 41, 44, 56, 57, 70] - 4907, [1, 3, 23, 25, 33, 34, 46, 49, 58, 62, 70] - 4125, [1, 2, 9, 13, 31, 33, 49, 58, 62, 70] - 3589, [1, 2, 3, 12, 13, 40, 44, 56, 57, 70] - 4105, [1, 2, 4, 10, 20, 21, 23, 31, 32, 40, 44, 50, 53, 61, 65, 68, 70] - 5826, [1, 3, 12, 22, 23, 25, 26, 31, 40, 44, 55, 58, 62, 70] - 4904, [1, 2, 9, 13, 40, 41, 46, 47, 49, 58, 62, 70] - 4576, [1, 4, 10, 11, 21, 23, 31, 32, 37, 38, 43, 51, 59, 66, 67, 69, 70] - 5996, [1, 3, 5, 6, 8, 15, 16, 24, 27, 35, 46, 49, 58, 62, 70] - 4790, [1, 4, 11, 20, 29, 38, 43, 52, 60, 65, 68, 70] - 5559, [1, 3, 9, 13, 14, 17, 18, 24, 28, 35, 49, 58, 62, 70] - 5106, [1, 3, 9, 11, 21, 23, 25, 33, 49, 55, 57, 70] - 3945, [1, 4, 11, 20, 21, 22, 23, 33, 34, 35, 36, 48, 49, 55, 57, 70] - 5829, [1, 4, 10, 20, 39, 42, 52, 53, 54, 61, 63, 70] - 4680, [1, 3, 23, 31, 40, 41, 47, 56, 63, 70] - 4434, [1, 4, 10, 11, 20, 31, 40, 41, 44, 56, 57, 70] - 4907, [1, 4, 10, 11, 20, 30, 32, 39, 42, 52, 59, 66, 67, 68, 70] - 6456, [1, 4, 11, 20, 39, 40, 44, 50, 53, 60, 61, 63, 70] - 5392, [1, 3, 12, 14, 24, 34, 46, 49, 55, 58, 62, 70] - 4542, [1, 4, 11, 20, 21, 22, 23, 33, 34, 35, 36, 48, 49, 55, 57, 70] - 5829, [1, 3, 13, 40, 44, 56, 61, 68, 70] - 4282, [1, 4, 10, 20, 29, 37, 42, 51, 59, 66, 67, 69, 70] - 5621]
melhor indiv??duo da gera????o:[1, 2, 9, 13, 31, 33, 49, 58, 62, 70] - 3589
gera????o: 3: 
[[1, 4, 11, 21, 23, 33, 39, 50, 53, 60, 65, 66, 67, 69, 70] - 6431, [1, 4, 11, 21, 22, 33, 49, 55, 56, 57, 70] - 4697, [1, 4, 10, 11, 20, 31, 40, 41, 44, 56, 57, 70] - 4907, [1, 2, 9, 13, 31, 33, 49, 58, 62, 70] - 3589, [1, 2, 4, 10, 20, 21, 23, 31, 32, 40, 44, 50, 53, 61, 65, 68, 70] - 5826, [1, 2, 9, 13, 40, 41, 46, 47, 49, 58, 62, 70] - 4576, [1, 3, 5, 6, 8, 15, 16, 24, 27, 35, 46, 49, 58, 62, 70] - 4790, [1, 3, 9, 13, 14, 17, 18, 24, 28, 35, 49, 58, 62, 70] - 5106, [1, 4, 11, 20, 21, 22, 23, 33, 34, 35, 36, 48, 49, 55, 57, 70] - 5829, [1, 3, 23, 31, 40, 41, 47, 56, 63, 70] - 4434, [1, 4, 10, 11, 20, 30, 32, 39, 42, 52, 59, 66, 67, 68, 70] - 6456, [1, 3, 12, 14, 24, 34, 46, 49, 55, 58, 62, 70] - 4542, [1, 3, 13, 40, 44, 56, 61, 68, 70] - 4282, [1, 3, 12, 22, 23, 25, 26, 31, 40, 44, 55, 58, 62, 70] - 4904, [1, 3, 23, 25, 33, 34, 46, 49, 58, 62, 70] - 4125, [1, 4, 10, 20, 39, 42, 52, 53, 54, 61, 63, 70] - 4680, [1, 4, 11, 20, 39, 40, 44, 50, 53, 60, 61, 63, 70] - 5392, [1, 2, 9, 13, 31, 33, 49, 58, 62, 70] - 3589]
melhor indiv??duo da gera????o:[1, 2, 9, 13, 31, 33, 49, 58, 62, 70] - 3589
gera????o: 4: 
[[1, 4, 11, 21, 22, 33, 49, 55, 56, 57, 70] - 4697, [1, 2, 9, 13, 31, 33, 49, 58, 62, 70] - 3589, [1, 2, 9, 13, 40, 41, 46, 47, 49, 58, 62, 70] - 4576, [1, 3, 9, 13, 14, 17, 18, 24, 28, 35, 49, 58, 62, 70] - 5106, [1, 3, 23, 31, 40, 41, 47, 56, 63, 70] - 4434, [1, 3, 12, 14, 24, 34, 46, 49, 55, 58, 62, 70] - 4542, [1, 3, 12, 22, 23, 25, 26, 31, 40, 44, 55, 58, 62, 70] - 4904, [1, 4, 10, 20, 39, 42, 52, 53, 54, 61, 63, 70] - 4680, [1, 2, 9, 13, 31, 33, 49, 58, 62, 70] - 3589, [1, 2, 4, 10, 20, 21, 23, 31, 32, 40, 44, 50, 53, 61, 65, 68, 70] - 5826, [1, 2, 9, 13, 31, 33, 49, 58, 62, 70] - 3589, [1, 4, 11, 20, 39, 40, 44, 50, 53, 60, 61, 63, 70] - 5392, [1, 4, 11, 21, 22, 33, 49, 55, 56, 57, 70] - 4697, [1, 4, 10, 11, 20, 31, 40, 41, 44, 56, 57, 70] - 4907, [1, 3, 12, 14, 24, 34, 46, 49, 55, 58, 62, 70] - 4542, [1, 2, 9, 13, 31, 33, 49, 58, 62, 70] - 3589]
melhor indiv??duo da gera????o:[1, 2, 9, 13, 31, 33, 49, 58, 62, 70] - 3589
gera????o: 5: 
[[1, 2, 9, 13, 31, 33, 49, 58, 62, 70] - 3589, [1, 3, 9, 13, 14, 17, 18, 24, 28, 35, 49, 58, 62, 70] - 5106, [1, 3, 12, 14, 24, 34, 46, 49, 55, 58, 62, 70] - 4542, [1, 4, 10, 20, 39, 42, 52, 53, 54, 61, 63, 70] - 4680, [1, 2, 4, 10, 20, 21, 23, 31, 32, 40, 44, 50, 53, 61, 65, 68, 70] - 5826, [1, 4, 11, 20, 39, 40, 44, 50, 53, 60, 61, 63, 70] - 5392, [1, 4, 10, 11, 20, 31, 40, 41, 44, 56, 57, 70] - 4907, [1, 2, 9, 13, 31, 33, 49, 58, 62, 70] - 3589, [1, 4, 11, 21, 22, 33, 49, 55, 56, 57, 70] - 4697, [1, 4, 10, 20, 39, 42, 52, 53, 54, 61, 63, 70] - 4680, [1, 3, 12, 22, 23, 25, 26, 31, 40, 44, 55, 58, 62, 70] - 4904, [1, 2, 9, 13, 40, 41, 46, 47, 49, 58, 62, 70] - 4576, [1, 4, 10, 20, 39, 42, 52, 53, 54, 61, 63, 70] - 4680, [1, 2, 9, 13, 31, 33, 49, 58, 62, 70] - 3589]
melhor indiv??duo da gera????o:[1, 2, 9, 13, 31, 33, 49, 58, 62, 70] - 3589
gera????o: 6: 
[[1, 3, 9, 13, 14, 17, 18, 24, 28, 35, 49, 58, 62, 70] - 5106, [1, 4, 10, 20, 39, 42, 52, 53, 54, 61, 63, 70] - 4680, [1, 4, 11, 20, 39, 40, 44, 50, 53, 60, 61, 63, 70] - 5392, [1, 2, 9, 13, 31, 33, 49, 58, 62, 70] - 3589, [1, 4, 10, 20, 39, 42, 52, 53, 54, 61, 63, 70] - 4680, [1, 2, 9, 13, 40, 41, 46, 47, 49, 58, 62, 70] - 4576, [1, 2, 9, 13, 31, 33, 49, 58, 62, 70] - 3589, [1, 4, 10, 20, 39, 42, 52, 53, 54, 61, 63, 70] - 4680, [1, 2, 9, 13, 31, 33, 49, 58, 62, 70] - 3589, [1, 4, 10, 11, 20, 31, 40, 41, 44, 56, 57, 70] - 4907, [1, 2, 9, 13, 40, 41, 46, 47, 49, 58, 62, 70] - 4576, [1, 3, 12, 14, 24, 34, 46, 49, 55, 58, 62, 70] - 4542]
melhor indiv??duo da gera????o:[1, 2, 9, 13, 31, 33, 49, 58, 62, 70] - 3589
gera????o: 7: 
[[1, 4, 10, 20, 39, 42, 52, 53, 54, 61, 63, 70] - 4680, [1, 2, 9, 13, 31, 33, 49, 58, 62, 70] - 3589, [1, 2, 9, 13, 40, 41, 46, 47, 49, 58, 62, 70] - 4576, [1, 4, 10, 20, 39, 42, 52, 53, 54, 61, 63, 70] - 4680, [1, 4, 10, 11, 20, 31, 40, 41, 44, 56, 57, 70] - 4907, [1, 3, 12, 14, 24, 34, 46, 49, 55, 58, 62, 70] - 4542, [1, 2, 9, 13, 40, 41, 46, 47, 49, 58, 62, 70] - 4576, [1, 4, 10, 20, 39, 42, 52, 53, 54, 61, 63, 70] - 4680, [1, 3, 9, 13, 14, 17, 18, 24, 28, 35, 49, 58, 62, 70] - 5106, [1, 4, 10, 20, 39, 42, 52, 53, 54, 61, 63, 70] - 4680]
melhor indiv??duo da gera????o:[1, 2, 9, 13, 31, 33, 49, 58, 62, 70] - 3589
gera????o: 8: 
[[1, 2, 9, 13, 31, 33, 49, 58, 62, 70] - 3589, [1, 4, 10, 20, 39, 42, 52, 53, 54, 61, 63, 70] - 4680, [1, 3, 12, 14, 24, 34, 46, 49, 55, 58, 62, 70] - 4542, [1, 4, 10, 20, 39, 42, 52, 53, 54, 61, 63, 70] - 4680, [1, 4, 10, 20, 39, 42, 52, 53, 54, 61, 63, 70] - 4680, [1, 2, 9, 13, 40, 41, 46, 47, 49, 58, 62, 70] - 4576, [1, 3, 9, 13, 14, 17, 18, 24, 28, 35, 49, 58, 62, 70] - 5106, [1, 4, 10, 20, 39, 42, 52, 53, 54, 61, 63, 70] - 4680, [1, 2, 9, 13, 40, 41, 46, 47, 49, 58, 62, 70] - 4576]
melhor indiv??duo da gera????o:[1, 2, 9, 13, 31, 33, 49, 58, 62, 70] - 3589
gera????o: 9: 
[[1, 4, 10, 20, 39, 42, 52, 53, 54, 61, 63, 70] - 4680, [1, 4, 10, 20, 39, 42, 52, 53, 54, 61, 63, 70] - 4680, [1, 2, 9, 13, 40, 41, 46, 47, 49, 58, 62, 70] - 4576, [1, 4, 10, 20, 39, 42, 52, 53, 54, 61, 63, 70] - 4680, [1, 3, 12, 14, 24, 34, 46, 49, 55, 58, 62, 70] - 4542, [1, 4, 10, 20, 39, 42, 52, 53, 54, 61, 63, 70] - 4680, [1, 4, 10, 20, 39, 42, 52, 53, 54, 61, 63, 70] - 4680, [1, 2, 9, 13, 31, 33, 49, 58, 62, 70] - 3589]
melhor indiv??duo da gera????o:[1, 2, 9, 13, 31, 33, 49, 58, 62, 70] - 3589
gera????o: 10: 
[[1, 4, 10, 20, 39, 42, 52, 53, 54, 61, 63, 70] - 4680, [1, 4, 10, 20, 39, 42, 52, 53, 54, 61, 63, 70] - 4680, [1, 4, 10, 20, 39, 42, 52, 53, 54, 61, 63, 70] - 4680, [1, 2, 9, 13, 31, 33, 49, 58, 62, 70] - 3589, [1, 2, 9, 13, 31, 33, 49, 58, 62, 70] - 3589, [1, 2, 9, 13, 31, 33, 49, 58, 62, 70] - 3589]
melhor indiv??duo da gera????o:[1, 2, 9, 13, 31, 33, 49, 58, 62, 70] - 3589
gera????o: 11: 
[[1, 4, 10, 20, 39, 42, 52, 53, 54, 61, 63, 70] - 4680, [1, 2, 9, 13, 31, 33, 49, 58, 62, 70] - 3589, [1, 2, 9, 13, 31, 33, 49, 58, 62, 70] - 3589, [1, 2, 9, 13, 31, 33, 49, 58, 62, 70] - 3589, [1, 2, 9, 13, 31, 33, 49, 58, 62, 70] - 3589]
melhor indiv??duo da gera????o:[1, 2, 9, 13, 31, 33, 49, 58, 62, 70] - 3589
gera????o: 12: 
[[1, 2, 9, 13, 31, 33, 49, 58, 62, 70] - 3589, [1, 2, 9, 13, 31, 33, 49, 58, 62, 70] - 3589, [1, 2, 9, 13, 31, 33, 49, 58, 62, 70] - 3589, [1, 2, 9, 13, 31, 33, 49, 58, 62, 70] - 3589]
melhor indiv??duo da gera????o:[1, 2, 9, 13, 31, 33, 49, 58, 62, 70] - 3589
gera????o: 13: 
[[1, 2, 9, 13, 31, 33, 49, 58, 62, 70] - 3589, [1, 2, 9, 13, 31, 33, 49, 58, 62, 70] - 3589, [1, 2, 9, 13, 31, 33, 49, 58, 62, 70] - 3589]
melhor indiv??duo da gera????o:[1, 2, 9, 13, 31, 33, 49, 58, 62, 70] - 3589
gera????o: 14: 
[[1, 2, 9, 13, 31, 33, 49, 58, 62, 70] - 3589, [1, 2, 9, 13, 31, 33, 49, 58, 62, 70] - 3589]
melhor indiv??duo da gera????o:[1, 2, 9, 13, 31, 33, 49, 58, 62, 70] - 3589
gera????o: 15: 
[[1, 2, 9, 13, 31, 33, 49, 58, 62, 70] - 3589]
melhor indiv??duo da gera????o:[1, 2, 9, 13, 31, 33, 49, 58, 62, 70] - 3589
______________________________________________________________________________________________________________________________
