gera????o: 1: 
[[1, 2, 9, 13, 23, 31, 32, 40, 44, 50, 53, 54, 56, 63, 70] - 4380, [1, 2, 4, 10, 20, 21, 31, 40, 41, 46, 49, 55, 56, 57, 70] - 5821, [1, 3, 12, 13, 21, 23, 33, 49, 55, 58, 62, 70] - 3937, [1, 4, 11, 20, 37, 38, 43, 51, 59, 66, 67, 69, 70] - 5738, [1, 3, 9, 21, 31, 40, 41, 46, 49, 58, 62, 70] - 4488, [1, 3, 13, 22, 23, 33, 34, 46, 47, 55, 57, 70] - 4094, [1, 3, 9, 13, 14, 17, 26, 34, 35, 46, 47, 55, 58, 62, 70] - 5013, [1, 3, 23, 31, 32, 40, 44, 56, 57, 70] - 4162, [1, 3, 12, 22, 33, 40, 44, 54, 56, 57, 70] - 4272, [1, 3, 12, 22, 33, 39, 44, 53, 54, 56, 60, 65, 66, 67, 68, 70] - 7463, [1, 3, 23, 33, 41, 46, 47, 49, 55, 56, 61, 68, 70] - 5566, [1, 3, 23, 31, 32, 39, 56, 60, 64, 66, 67, 69, 70] - 5988, [1, 3, 23, 31, 41, 44, 45, 47, 49, 58, 62, 70] - 4603, [1, 3, 5, 12, 22, 24, 34, 41, 44, 53, 60, 61, 68, 70] - 6154, [1, 4, 10, 20, 37, 42, 50, 53, 54, 56, 61, 68, 70] - 4860, [1, 3, 12, 22, 24, 28, 34, 41, 44, 54, 56, 60, 64, 65, 68, 70] - 6445, [1, 2, 9, 11, 21, 22, 23, 31, 32, 39, 50, 53, 54, 56, 57, 70] - 4711, [1, 4, 11, 21, 22, 23, 33, 49, 58, 62, 70] - 3924, [1, 3, 9, 11, 21, 23, 33, 34, 46, 49, 55, 58, 62, 70] - 4431, [1, 3, 23, 25, 33, 49, 55, 58, 62, 70] - 3845, [1, 4, 11, 20, 32, 37, 38, 43, 52, 60, 61, 65, 66, 67, 68, 70] - 7374, [1, 3, 13, 31, 41, 46, 47, 49, 55, 58, 62, 70] - 4846, [1, 3, 9, 13, 23, 33, 47, 55, 56, 61, 65, 66, 67, 69, 70] - 5840, [1, 4, 11, 20, 37, 39, 40, 41, 44, 45, 57, 70] - 4824, [1, 4, 10, 20, 31, 40, 41, 45, 57, 70] - 4213, [1, 4, 10, 20, 30, 31, 33, 49, 55, 58, 62, 70] - 4328, [1, 4, 10, 11, 21, 22, 33, 49, 55, 58, 62, 70] - 4063, [1, 2, 3, 12, 14, 24, 36, 49, 58, 62, 70] - 4625, [1, 3, 13, 31, 40, 41, 44, 45, 56, 61, 68, 70] - 4756, [1, 4, 10, 11, 21, 31, 32, 40, 44, 55, 58, 62, 70] - 4321, [1, 3, 9, 11, 20, 39, 56, 63, 70] - 4338, [1, 2, 4, 11, 20, 32, 40, 44, 50, 53, 60, 64, 66, 67, 68, 70] - 6211, [1, 2, 9, 13, 40, 41, 47, 55, 57, 70] - 3884, [1, 2, 3, 23, 31, 33, 40, 44, 45, 47, 49, 58, 62, 70] - 4869, [1, 2, 3, 5, 12, 13, 21, 31, 40, 44, 50, 53, 61, 63, 70] - 4493, [1, 3, 13, 21, 23, 33, 41, 46, 49, 55, 56, 60, 64, 66, 67, 69, 70] - 6855, [1, 3, 13, 23, 31, 40, 41, 44, 56, 61, 65, 66, 67, 69, 70] - 5968, [1, 2, 3, 9, 11, 21, 23, 25, 33, 40, 44, 56, 61, 65, 68, 70] - 5316, [1, 2, 9, 21, 22, 23, 33, 39, 53, 61, 63, 70] - 4728, [1, 3, 9, 13, 14, 24, 27, 35, 49, 55, 58, 62, 70] - 5113]
melhor indiv??duo da gera????o:[1, 3, 23, 25, 33, 49, 55, 58, 62, 70] - 3845
gera????o: 2: 
[[1, 2, 4, 10, 20, 21, 31, 40, 41, 46, 49, 55, 56, 57, 70] - 5821, [1, 4, 11, 20, 37, 38, 43, 51, 59, 66, 67, 69, 70] - 5738, [1, 3, 13, 22, 23, 33, 34, 46, 47, 55, 57, 70] - 4094, [1, 3, 23, 31, 32, 40, 44, 56, 57, 70] - 4162, [1, 3, 12, 22, 33, 39, 44, 53, 54, 56, 60, 65, 66, 67, 68, 70] - 7463, [1, 3, 23, 31, 32, 39, 56, 60, 64, 66, 67, 69, 70] - 5988, [1, 3, 5, 12, 22, 24, 34, 41, 44, 53, 60, 61, 68, 70] - 6154, [1, 3, 12, 22, 24, 28, 34, 41, 44, 54, 56, 60, 64, 65, 68, 70] - 6445, [1, 4, 11, 21, 22, 23, 33, 49, 58, 62, 70] - 3924, [1, 3, 23, 25, 33, 49, 55, 58, 62, 70] - 3845, [1, 3, 13, 31, 41, 46, 47, 49, 55, 58, 62, 70] - 4846, [1, 4, 11, 20, 37, 39, 40, 41, 44, 45, 57, 70] - 4824, [1, 4, 10, 20, 30, 31, 33, 49, 55, 58, 62, 70] - 4328, [1, 2, 3, 12, 14, 24, 36, 49, 58, 62, 70] - 4625, [1, 4, 10, 11, 21, 31, 32, 40, 44, 55, 58, 62, 70] - 4321, [1, 2, 4, 11, 20, 32, 40, 44, 50, 53, 60, 64, 66, 67, 68, 70] - 6211, [1, 2, 3, 23, 31, 33, 40, 44, 45, 47, 49, 58, 62, 70] - 4869, [1, 3, 13, 21, 23, 33, 41, 46, 49, 55, 56, 60, 64, 66, 67, 69, 70] - 6855, [1, 2, 3, 9, 11, 21, 23, 25, 33, 40, 44, 56, 61, 65, 68, 70] - 5316, [1, 3, 9, 13, 14, 24, 27, 35, 49, 55, 58, 62, 70] - 5113, [1, 3, 13, 31, 40, 41, 44, 45, 56, 61, 68, 70] - 4756, [1, 3, 9, 13, 23, 33, 47, 55, 56, 61, 65, 66, 67, 69, 70] - 5840, [1, 4, 10, 11, 21, 31, 32, 40, 44, 55, 58, 62, 70] - 4321, [1, 3, 13, 31, 40, 41, 44, 45, 56, 61, 68, 70] - 4756, [1, 2, 9, 13, 40, 41, 47, 55, 57, 70] - 3884, [1, 2, 4, 10, 20, 21, 31, 40, 41, 46, 49, 55, 56, 57, 70] - 5821, [1, 3, 9, 13, 23, 33, 47, 55, 56, 61, 65, 66, 67, 69, 70] - 5840]
melhor indiv??duo da gera????o:[1, 3, 23, 25, 33, 49, 55, 58, 62, 70] - 3845
gera????o: 3: 
[[1, 4, 11, 20, 37, 38, 43, 51, 59, 66, 67, 69, 70] - 5738, [1, 3, 23, 31, 32, 40, 44, 56, 57, 70] - 4162, [1, 3, 23, 31, 32, 39, 56, 60, 64, 66, 67, 69, 70] - 5988, [1, 3, 12, 22, 24, 28, 34, 41, 44, 54, 56, 60, 64, 65, 68, 70] - 6445, [1, 3, 23, 25, 33, 49, 55, 58, 62, 70] - 3845, [1, 4, 11, 20, 37, 39, 40, 41, 44, 45, 57, 70] - 4824, [1, 2, 3, 12, 14, 24, 36, 49, 58, 62, 70] - 4625, [1, 2, 4, 11, 20, 32, 40, 44, 50, 53, 60, 64, 66, 67, 68, 70] - 6211, [1, 3, 13, 21, 23, 33, 41, 46, 49, 55, 56, 60, 64, 66, 67, 69, 70] - 6855, [1, 3, 9, 13, 14, 24, 27, 35, 49, 55, 58, 62, 70] - 5113, [1, 3, 9, 13, 23, 33, 47, 55, 56, 61, 65, 66, 67, 69, 70] - 5840, [1, 3, 13, 31, 40, 41, 44, 45, 56, 61, 68, 70] - 4756, [1, 2, 4, 10, 20, 21, 31, 40, 41, 46, 49, 55, 56, 57, 70] - 5821, [1, 2, 3, 23, 31, 33, 40, 44, 45, 47, 49, 58, 62, 70] - 4869, [1, 3, 13, 31, 40, 41, 44, 45, 56, 61, 68, 70] - 4756, [1, 2, 4, 11, 20, 32, 40, 44, 50, 53, 60, 64, 66, 67, 68, 70] - 6211, [1, 2, 9, 13, 40, 41, 47, 55, 57, 70] - 3884, [1, 3, 13, 22, 23, 33, 34, 46, 47, 55, 57, 70] - 4094]
melhor indiv??duo da gera????o:[1, 3, 23, 25, 33, 49, 55, 58, 62, 70] - 3845
gera????o: 4: 
[[1, 3, 23, 31, 32, 40, 44, 56, 57, 70] - 4162, [1, 3, 12, 22, 24, 28, 34, 41, 44, 54, 56, 60, 64, 65, 68, 70] - 6445, [1, 4, 11, 20, 37, 39, 40, 41, 44, 45, 57, 70] - 4824, [1, 2, 4, 11, 20, 32, 40, 44, 50, 53, 60, 64, 66, 67, 68, 70] - 6211, [1, 3, 9, 13, 14, 24, 27, 35, 49, 55, 58, 62, 70] - 5113, [1, 3, 13, 31, 40, 41, 44, 45, 56, 61, 68, 70] - 4756, [1, 2, 3, 23, 31, 33, 40, 44, 45, 47, 49, 58, 62, 70] - 4869, [1, 2, 4, 11, 20, 32, 40, 44, 50, 53, 60, 64, 66, 67, 68, 70] - 6211, [1, 3, 13, 22, 23, 33, 34, 46, 47, 55, 57, 70] - 4094, [1, 3, 23, 31, 32, 40, 44, 56, 57, 70] - 4162, [1, 2, 4, 10, 20, 21, 31, 40, 41, 46, 49, 55, 56, 57, 70] - 5821, [1, 2, 3, 12, 14, 24, 36, 49, 58, 62, 70] - 4625, [1, 3, 13, 31, 40, 41, 44, 45, 56, 61, 68, 70] - 4756, [1, 3, 13, 31, 40, 41, 44, 45, 56, 61, 68, 70] - 4756, [1, 3, 23, 25, 33, 49, 55, 58, 62, 70] - 3845, [1, 2, 9, 13, 40, 41, 47, 55, 57, 70] - 3884]
melhor indiv??duo da gera????o:[1, 3, 23, 25, 33, 49, 55, 58, 62, 70] - 3845
gera????o: 5: 
[[1, 3, 12, 22, 24, 28, 34, 41, 44, 54, 56, 60, 64, 65, 68, 70] - 6445, [1, 2, 4, 11, 20, 32, 40, 44, 50, 53, 60, 64, 66, 67, 68, 70] - 6211, [1, 3, 13, 31, 40, 41, 44, 45, 56, 61, 68, 70] - 4756, [1, 2, 4, 11, 20, 32, 40, 44, 50, 53, 60, 64, 66, 67, 68, 70] - 6211, [1, 3, 23, 31, 32, 40, 44, 56, 57, 70] - 4162, [1, 2, 3, 12, 14, 24, 36, 49, 58, 62, 70] - 4625, [1, 3, 13, 31, 40, 41, 44, 45, 56, 61, 68, 70] - 4756, [1, 2, 9, 13, 40, 41, 47, 55, 57, 70] - 3884, [1, 3, 23, 31, 32, 40, 44, 56, 57, 70] - 4162, [1, 2, 3, 12, 14, 24, 36, 49, 58, 62, 70] - 4625, [1, 3, 13, 22, 23, 33, 34, 46, 47, 55, 57, 70] - 4094, [1, 3, 13, 31, 40, 41, 44, 45, 56, 61, 68, 70] - 4756, [1, 3, 23, 31, 32, 40, 44, 56, 57, 70] - 4162, [1, 3, 23, 25, 33, 49, 55, 58, 62, 70] - 3845]
melhor indiv??duo da gera????o:[1, 3, 23, 25, 33, 49, 55, 58, 62, 70] - 3845
gera????o: 6: 
[[1, 2, 4, 11, 20, 32, 40, 44, 50, 53, 60, 64, 66, 67, 68, 70] - 6211, [1, 2, 4, 11, 20, 32, 40, 44, 50, 53, 60, 64, 66, 67, 68, 70] - 6211, [1, 2, 3, 12, 14, 24, 36, 49, 58, 62, 70] - 4625, [1, 2, 9, 13, 40, 41, 47, 55, 57, 70] - 3884, [1, 2, 3, 12, 14, 24, 36, 49, 58, 62, 70] - 4625, [1, 3, 13, 31, 40, 41, 44, 45, 56, 61, 68, 70] - 4756, [1, 3, 23, 25, 33, 49, 55, 58, 62, 70] - 3845, [1, 3, 13, 22, 23, 33, 34, 46, 47, 55, 57, 70] - 4094, [1, 3, 13, 31, 40, 41, 44, 45, 56, 61, 68, 70] - 4756, [1, 3, 23, 31, 32, 40, 44, 56, 57, 70] - 4162, [1, 3, 23, 25, 33, 49, 55, 58, 62, 70] - 3845, [1, 3, 23, 25, 33, 49, 55, 58, 62, 70] - 3845]
melhor indiv??duo da gera????o:[1, 3, 23, 25, 33, 49, 55, 58, 62, 70] - 3845
______________________________________________________________________________________________________________________________
