gera????o: 1: 
[[1, 3, 5, 6, 8, 17, 18, 19, 27, 35, 46, 49, 55, 57, 70] - 4757, [1, 3, 23, 33, 39, 50, 53, 60, 61, 63, 70] - 4976, [1, 3, 12, 14, 17, 18, 24, 26, 28, 35, 46, 47, 55, 56, 63, 70] - 5796, [1, 2, 9, 13, 23, 33, 39, 42, 52, 53, 54, 56, 61, 68, 70] - 5512, [1, 3, 12, 13, 21, 31, 32, 37, 38, 43, 51, 59, 60, 65, 66, 67, 68, 70] - 6472, [1, 4, 11, 21, 22, 23, 31, 32, 39, 53, 61, 63, 70] - 4745, [1, 4, 10, 11, 20, 32, 39, 50, 53, 60, 61, 68, 70] - 5422, [1, 2, 9, 11, 21, 31, 32, 39, 56, 60, 61, 65, 67, 69, 70] - 6468, [1, 4, 11, 21, 23, 31, 33, 39, 42, 51, 59, 60, 65, 67, 68, 70] - 7068, [1, 4, 11, 21, 22, 23, 31, 40, 44, 54, 56, 57, 70] - 4581, [1, 3, 12, 22, 25, 26, 34, 41, 47, 56, 57, 70] - 4866, [1, 3, 9, 11, 21, 23, 25, 26, 28, 34, 41, 45, 56, 57, 70] - 4981, [1, 2, 3, 23, 33, 39, 44, 50, 53, 61, 65, 67, 69, 70] - 6319, [1, 2, 3, 23, 25, 26, 33, 47, 55, 57, 70] - 3983, [1, 4, 11, 21, 22, 23, 25, 33, 34, 46, 49, 55, 57, 70] - 4676, [1, 3, 9, 11, 20, 31, 40, 44, 54, 56, 63, 70] - 4435, [1, 4, 11, 21, 22, 24, 36, 48, 49, 55, 56, 63, 70] - 5580, [1, 2, 9, 21, 31, 33, 34, 46, 49, 55, 56, 60, 64, 65, 67, 69, 70] - 6915, [1, 2, 3, 9, 21, 22, 23, 25, 33, 39, 44, 55, 58, 62, 70] - 5439, [1, 3, 13, 31, 41, 46, 47, 49, 58, 62, 70] - 4620, [1, 3, 12, 14, 25, 26, 31, 40, 44, 50, 53, 60, 64, 67, 69, 70] - 5978, [1, 4, 10, 11, 21, 23, 31, 41, 45, 47, 55, 56, 57, 70] - 4946, [1, 3, 9, 11, 21, 31, 41, 47, 55, 58, 62, 70] - 4180, [1, 4, 10, 20, 30, 31, 32, 39, 40, 44, 56, 61, 63, 70] - 4760, [1, 4, 10, 11, 20, 37, 38, 43, 52, 53, 61, 65, 66, 67, 68, 70] - 6774, [1, 3, 5, 12, 22, 25, 26, 33, 46, 47, 55, 58, 62, 70] - 4358, [1, 2, 4, 11, 20, 30, 32, 37, 39, 56, 63, 70] - 4964, [1, 3, 13, 31, 33, 34, 35, 46, 47, 55, 57, 70] - 4522, [1, 2, 9, 13, 22, 33, 47, 56, 60, 61, 63, 70] - 5069, [1, 3, 9, 11, 20, 30, 32, 37, 38, 43, 51, 59, 64, 66, 67, 68, 70] - 6420, [1, 2, 3, 13, 40, 44, 50, 53, 54, 61, 65, 67, 69, 70] - 5600, [1, 4, 10, 20, 29, 38, 43, 52, 53, 60, 64, 66, 67, 68, 70] - 6245, [1, 3, 12, 14, 26, 34, 41, 44, 53, 61, 68, 70] - 5187, [1, 4, 10, 11, 21, 23, 25, 26, 33, 39, 40, 41, 46, 47, 49, 55, 56, 57, 70] - 6799, [1, 3, 13, 14, 17, 18, 24, 34, 35, 49, 55, 56, 60, 65, 66, 67, 68, 70] - 8301, [1, 4, 11, 21, 31, 41, 44, 56, 63, 70] - 4187, [1, 4, 11, 20, 29, 37, 42, 52, 60, 61, 65, 66, 67, 69, 70] - 6523, [1, 4, 11, 21, 22, 25, 33, 41, 46, 47, 56, 61, 68, 70] - 5608, [1, 4, 10, 11, 20, 29, 38, 43, 52, 60, 61, 68, 70] - 5610, [1, 2, 9, 21, 22, 24, 34, 46, 47, 55, 56, 57, 70] - 5140]
melhor indiv??duo da gera????o:[1, 2, 3, 23, 25, 26, 33, 47, 55, 57, 70] - 3983
gera????o: 2: 
[[1, 3, 23, 33, 39, 50, 53, 60, 61, 63, 70] - 4976, [1, 2, 9, 13, 23, 33, 39, 42, 52, 53, 54, 56, 61, 68, 70] - 5512, [1, 4, 11, 21, 22, 23, 31, 32, 39, 53, 61, 63, 70] - 4745, [1, 2, 9, 11, 21, 31, 32, 39, 56, 60, 61, 65, 67, 69, 70] - 6468, [1, 4, 11, 21, 22, 23, 31, 40, 44, 54, 56, 57, 70] - 4581, [1, 3, 9, 11, 21, 23, 25, 26, 28, 34, 41, 45, 56, 57, 70] - 4981, [1, 2, 3, 23, 25, 26, 33, 47, 55, 57, 70] - 3983, [1, 3, 9, 11, 20, 31, 40, 44, 54, 56, 63, 70] - 4435, [1, 2, 9, 21, 31, 33, 34, 46, 49, 55, 56, 60, 64, 65, 67, 69, 70] - 6915, [1, 3, 13, 31, 41, 46, 47, 49, 58, 62, 70] - 4620, [1, 4, 10, 11, 21, 23, 31, 41, 45, 47, 55, 56, 57, 70] - 4946, [1, 4, 10, 20, 30, 31, 32, 39, 40, 44, 56, 61, 63, 70] - 4760, [1, 3, 5, 12, 22, 25, 26, 33, 46, 47, 55, 58, 62, 70] - 4358, [1, 3, 13, 31, 33, 34, 35, 46, 47, 55, 57, 70] - 4522, [1, 3, 9, 11, 20, 30, 32, 37, 38, 43, 51, 59, 64, 66, 67, 68, 70] - 6420, [1, 4, 10, 20, 29, 38, 43, 52, 53, 60, 64, 66, 67, 68, 70] - 6245, [1, 4, 10, 11, 21, 23, 25, 26, 33, 39, 40, 41, 46, 47, 49, 55, 56, 57, 70] - 6799, [1, 4, 11, 21, 31, 41, 44, 56, 63, 70] - 4187, [1, 4, 11, 21, 22, 25, 33, 41, 46, 47, 56, 61, 68, 70] - 5608, [1, 2, 9, 21, 22, 24, 34, 46, 47, 55, 56, 57, 70] - 5140, [1, 2, 9, 11, 21, 31, 32, 39, 56, 60, 61, 65, 67, 69, 70] - 6468, [1, 4, 10, 11, 20, 29, 38, 43, 52, 60, 61, 68, 70] - 5610, [1, 2, 9, 21, 31, 33, 34, 46, 49, 55, 56, 60, 64, 65, 67, 69, 70] - 6915, [1, 3, 5, 12, 22, 25, 26, 33, 46, 47, 55, 58, 62, 70] - 4358, [1, 3, 5, 12, 22, 25, 26, 33, 46, 47, 55, 58, 62, 70] - 4358, [1, 4, 10, 20, 29, 38, 43, 52, 53, 60, 64, 66, 67, 68, 70] - 6245, [1, 4, 10, 11, 20, 32, 39, 50, 53, 60, 61, 68, 70] - 5422]
melhor indiv??duo da gera????o:[1, 2, 3, 23, 25, 26, 33, 47, 55, 57, 70] - 3983
gera????o: 3: 
[[1, 2, 9, 13, 23, 33, 39, 42, 52, 53, 54, 56, 61, 68, 70] - 5512, [1, 2, 9, 11, 21, 31, 32, 39, 56, 60, 61, 65, 67, 69, 70] - 6468, [1, 3, 9, 11, 21, 23, 25, 26, 28, 34, 41, 45, 56, 57, 70] - 4981, [1, 3, 9, 11, 20, 31, 40, 44, 54, 56, 63, 70] - 4435, [1, 3, 13, 31, 41, 46, 47, 49, 58, 62, 70] - 4620, [1, 4, 10, 20, 30, 31, 32, 39, 40, 44, 56, 61, 63, 70] - 4760, [1, 3, 13, 31, 33, 34, 35, 46, 47, 55, 57, 70] - 4522, [1, 4, 10, 20, 29, 38, 43, 52, 53, 60, 64, 66, 67, 68, 70] - 6245, [1, 4, 11, 21, 31, 41, 44, 56, 63, 70] - 4187, [1, 2, 9, 21, 22, 24, 34, 46, 47, 55, 56, 57, 70] - 5140, [1, 4, 10, 11, 20, 29, 38, 43, 52, 60, 61, 68, 70] - 5610, [1, 3, 5, 12, 22, 25, 26, 33, 46, 47, 55, 58, 62, 70] - 4358, [1, 4, 10, 20, 29, 38, 43, 52, 53, 60, 64, 66, 67, 68, 70] - 6245, [1, 4, 10, 11, 20, 29, 38, 43, 52, 60, 61, 68, 70] - 5610, [1, 2, 9, 21, 22, 24, 34, 46, 47, 55, 56, 57, 70] - 5140, [1, 4, 10, 11, 20, 29, 38, 43, 52, 60, 61, 68, 70] - 5610, [1, 4, 11, 21, 31, 41, 44, 56, 63, 70] - 4187, [1, 3, 5, 12, 22, 25, 26, 33, 46, 47, 55, 58, 62, 70] - 4358]
melhor indiv??duo da gera????o:[1, 4, 11, 21, 31, 41, 44, 56, 63, 70] - 4187
gera????o: 4: 
[[1, 2, 9, 11, 21, 31, 32, 39, 56, 60, 61, 65, 67, 69, 70] - 6468, [1, 3, 9, 11, 20, 31, 40, 44, 54, 56, 63, 70] - 4435, [1, 4, 10, 20, 30, 31, 32, 39, 40, 44, 56, 61, 63, 70] - 4760, [1, 4, 10, 20, 29, 38, 43, 52, 53, 60, 64, 66, 67, 68, 70] - 6245, [1, 2, 9, 21, 22, 24, 34, 46, 47, 55, 56, 57, 70] - 5140, [1, 3, 5, 12, 22, 25, 26, 33, 46, 47, 55, 58, 62, 70] - 4358, [1, 4, 10, 11, 20, 29, 38, 43, 52, 60, 61, 68, 70] - 5610, [1, 4, 10, 11, 20, 29, 38, 43, 52, 60, 61, 68, 70] - 5610, [1, 3, 5, 12, 22, 25, 26, 33, 46, 47, 55, 58, 62, 70] - 4358, [1, 3, 5, 12, 22, 25, 26, 33, 46, 47, 55, 58, 62, 70] - 4358, [1, 3, 13, 31, 33, 34, 35, 46, 47, 55, 57, 70] - 4522, [1, 4, 10, 20, 30, 31, 32, 39, 40, 44, 56, 61, 63, 70] - 4760, [1, 2, 9, 21, 22, 24, 34, 46, 47, 55, 56, 57, 70] - 5140, [1, 3, 13, 31, 33, 34, 35, 46, 47, 55, 57, 70] - 4522, [1, 3, 9, 11, 20, 31, 40, 44, 54, 56, 63, 70] - 4435, [1, 3, 9, 11, 20, 31, 40, 44, 54, 56, 63, 70] - 4435]
melhor indiv??duo da gera????o:[1, 3, 5, 12, 22, 25, 26, 33, 46, 47, 55, 58, 62, 70] - 4358
gera????o: 5: 
[[1, 3, 9, 11, 20, 31, 40, 44, 54, 56, 63, 70] - 4435, [1, 4, 10, 20, 29, 38, 43, 52, 53, 60, 64, 66, 67, 68, 70] - 6245, [1, 3, 5, 12, 22, 25, 26, 33, 46, 47, 55, 58, 62, 70] - 4358, [1, 4, 10, 11, 20, 29, 38, 43, 52, 60, 61, 68, 70] - 5610, [1, 3, 5, 12, 22, 25, 26, 33, 46, 47, 55, 58, 62, 70] - 4358, [1, 4, 10, 20, 30, 31, 32, 39, 40, 44, 56, 61, 63, 70] - 4760, [1, 3, 13, 31, 33, 34, 35, 46, 47, 55, 57, 70] - 4522, [1, 3, 9, 11, 20, 31, 40, 44, 54, 56, 63, 70] - 4435, [1, 4, 10, 20, 29, 38, 43, 52, 53, 60, 64, 66, 67, 68, 70] - 6245, [1, 4, 10, 20, 30, 31, 32, 39, 40, 44, 56, 61, 63, 70] - 4760, [1, 4, 10, 11, 20, 29, 38, 43, 52, 60, 61, 68, 70] - 5610, [1, 3, 13, 31, 33, 34, 35, 46, 47, 55, 57, 70] - 4522, [1, 3, 5, 12, 22, 25, 26, 33, 46, 47, 55, 58, 62, 70] - 4358, [1, 3, 9, 11, 20, 31, 40, 44, 54, 56, 63, 70] - 4435]
melhor indiv??duo da gera????o:[1, 3, 5, 12, 22, 25, 26, 33, 46, 47, 55, 58, 62, 70] - 4358
gera????o: 6: 
[[1, 4, 10, 20, 29, 38, 43, 52, 53, 60, 64, 66, 67, 68, 70] - 6245, [1, 4, 10, 11, 20, 29, 38, 43, 52, 60, 61, 68, 70] - 5610, [1, 4, 10, 20, 30, 31, 32, 39, 40, 44, 56, 61, 63, 70] - 4760, [1, 3, 9, 11, 20, 31, 40, 44, 54, 56, 63, 70] - 4435, [1, 4, 10, 20, 30, 31, 32, 39, 40, 44, 56, 61, 63, 70] - 4760, [1, 3, 13, 31, 33, 34, 35, 46, 47, 55, 57, 70] - 4522, [1, 3, 9, 11, 20, 31, 40, 44, 54, 56, 63, 70] - 4435, [1, 4, 10, 20, 29, 38, 43, 52, 53, 60, 64, 66, 67, 68, 70] - 6245, [1, 3, 9, 11, 20, 31, 40, 44, 54, 56, 63, 70] - 4435, [1, 3, 5, 12, 22, 25, 26, 33, 46, 47, 55, 58, 62, 70] - 4358, [1, 3, 5, 12, 22, 25, 26, 33, 46, 47, 55, 58, 62, 70] - 4358, [1, 3, 5, 12, 22, 25, 26, 33, 46, 47, 55, 58, 62, 70] - 4358]
melhor indiv??duo da gera????o:[1, 3, 5, 12, 22, 25, 26, 33, 46, 47, 55, 58, 62, 70] - 4358
______________________________________________________________________________________________________________________________
