gera????o: 1: 
[[1, 4, 11, 20, 37, 38, 43, 51, 59, 66, 67, 69, 70] - 5738, [1, 3, 23, 25, 33, 41, 47, 55, 58, 62, 70] - 4083, [1, 3, 23, 31, 33, 40, 44, 56, 57, 70] - 4437, [1, 3, 12, 22, 25, 33, 41, 46, 49, 58, 62, 70] - 4286, [1, 3, 9, 11, 20, 37, 42, 43, 51, 59, 64, 67, 68, 70] - 5786, [1, 3, 5, 6, 22, 25, 33, 39, 53, 60, 65, 66, 67, 68, 70] - 6405, [1, 2, 3, 5, 12, 22, 23, 25, 26, 34, 41, 45, 57, 70] - 4391, [1, 2, 3, 5, 6, 14, 25, 33, 34, 35, 49, 55, 57, 70] - 4492, [1, 3, 23, 25, 33, 47, 56, 57, 70] - 4224, [1, 3, 23, 31, 40, 44, 45, 47, 56, 60, 65, 67, 69, 70] - 6470, [1, 2, 9, 11, 20, 32, 40, 44, 50, 53, 61, 65, 67, 69, 70] - 5866, [1, 2, 4, 11, 20, 21, 31, 33, 49, 58, 62, 70] - 4628, [1, 2, 3, 13, 21, 22, 33, 47, 49, 58, 62, 70] - 4229, [1, 4, 10, 20, 29, 37, 39, 42, 43, 52, 53, 61, 65, 67, 68, 70] - 6785, [1, 3, 13, 40, 44, 56, 61, 68, 70] - 4282, [1, 2, 4, 10, 11, 20, 39, 53, 61, 63, 70] - 4564, [1, 3, 13, 22, 24, 36, 48, 49, 58, 62, 70] - 4728, [1, 3, 23, 25, 33, 39, 44, 53, 54, 61, 68, 70] - 5454, [1, 4, 11, 20, 21, 22, 25, 26, 31, 33, 47, 56, 61, 68, 70] - 6338, [1, 2, 3, 5, 12, 13, 23, 31, 40, 44, 50, 53, 54, 56, 60, 64, 65, 68, 70] - 6135, [1, 2, 4, 11, 21, 31, 32, 40, 44, 45, 56, 57, 70] - 4542, [1, 4, 10, 20, 21, 31, 33, 39, 56, 60, 65, 67, 69, 70] - 7165, [1, 4, 10, 11, 21, 31, 32, 37, 42, 51, 59, 60, 61, 68, 70] - 5497, [1, 3, 12, 22, 25, 26, 28, 35, 49, 55, 58, 62, 70] - 4271, [1, 3, 9, 11, 21, 23, 25, 33, 46, 47, 56, 61, 63, 70] - 4866, [1, 4, 10, 11, 20, 29, 38, 43, 52, 60, 64, 67, 68, 70] - 6004, [1, 4, 11, 20, 39, 53, 60, 61, 68, 70] - 5350, [1, 2, 4, 11, 20, 21, 23, 25, 33, 47, 55, 56, 63, 70] - 5150, [1, 2, 9, 21, 31, 32, 40, 41, 44, 45, 47, 55, 57, 70] - 4321, [1, 4, 10, 20, 37, 39, 56, 57, 70] - 4301, [1, 4, 11, 20, 29, 38, 43, 51, 59, 66, 67, 69, 70] - 5890, [1, 4, 10, 20, 39, 44, 53, 61, 68, 70] - 5038, [1, 2, 9, 13, 21, 23, 31, 40, 41, 46, 49, 55, 57, 70] - 4734, [1, 2, 9, 21, 23, 25, 26, 34, 35, 46, 49, 58, 62, 70] - 4365, [1, 3, 23, 33, 34, 35, 36, 48, 58, 62, 70] - 4491, [1, 4, 10, 20, 39, 56, 61, 65, 68, 70] - 4965, [1, 3, 12, 13, 40, 44, 56, 60, 61, 65, 66, 67, 69, 70] - 6465, [1, 2, 9, 11, 21, 22, 23, 25, 33, 34, 35, 36, 49, 55, 56, 60, 61, 68, 70] - 6892, [1, 2, 3, 9, 11, 21, 31, 40, 44, 54, 61, 63, 70] - 4059, [1, 4, 11, 20, 29, 37, 38, 43, 51, 59, 60, 65, 66, 67, 69, 70] - 6450]
melhor indiv??duo da gera????o:[1, 2, 3, 9, 11, 21, 31, 40, 44, 54, 61, 63, 70] - 4059
gera????o: 2: 
[[1, 3, 23, 25, 33, 41, 47, 55, 58, 62, 70] - 4083, [1, 3, 12, 22, 25, 33, 41, 46, 49, 58, 62, 70] - 4286, [1, 3, 5, 6, 22, 25, 33, 39, 53, 60, 65, 66, 67, 68, 70] - 6405, [1, 2, 3, 5, 6, 14, 25, 33, 34, 35, 49, 55, 57, 70] - 4492, [1, 3, 23, 31, 40, 44, 45, 47, 56, 60, 65, 67, 69, 70] - 6470, [1, 2, 4, 11, 20, 21, 31, 33, 49, 58, 62, 70] - 4628, [1, 4, 10, 20, 29, 37, 39, 42, 43, 52, 53, 61, 65, 67, 68, 70] - 6785, [1, 2, 4, 10, 11, 20, 39, 53, 61, 63, 70] - 4564, [1, 3, 23, 25, 33, 39, 44, 53, 54, 61, 68, 70] - 5454, [1, 2, 3, 5, 12, 13, 23, 31, 40, 44, 50, 53, 54, 56, 60, 64, 65, 68, 70] - 6135, [1, 4, 10, 20, 21, 31, 33, 39, 56, 60, 65, 67, 69, 70] - 7165, [1, 3, 12, 22, 25, 26, 28, 35, 49, 55, 58, 62, 70] - 4271, [1, 4, 10, 11, 20, 29, 38, 43, 52, 60, 64, 67, 68, 70] - 6004, [1, 2, 4, 11, 20, 21, 23, 25, 33, 47, 55, 56, 63, 70] - 5150, [1, 4, 10, 20, 37, 39, 56, 57, 70] - 4301, [1, 4, 10, 20, 39, 44, 53, 61, 68, 70] - 5038, [1, 2, 9, 21, 23, 25, 26, 34, 35, 46, 49, 58, 62, 70] - 4365, [1, 4, 10, 20, 39, 56, 61, 65, 68, 70] - 4965, [1, 2, 9, 11, 21, 22, 23, 25, 33, 34, 35, 36, 49, 55, 56, 60, 61, 68, 70] - 6892, [1, 4, 11, 20, 29, 37, 38, 43, 51, 59, 60, 65, 66, 67, 69, 70] - 6450, [1, 3, 23, 25, 33, 47, 56, 57, 70] - 4224, [1, 3, 9, 11, 21, 23, 25, 33, 46, 47, 56, 61, 63, 70] - 4866, [1, 4, 11, 20, 37, 38, 43, 51, 59, 66, 67, 69, 70] - 5738, [1, 4, 10, 20, 29, 37, 39, 42, 43, 52, 53, 61, 65, 67, 68, 70] - 6785, [1, 2, 4, 11, 20, 21, 31, 33, 49, 58, 62, 70] - 4628, [1, 4, 10, 20, 29, 37, 39, 42, 43, 52, 53, 61, 65, 67, 68, 70] - 6785, [1, 2, 4, 11, 20, 21, 23, 25, 33, 47, 55, 56, 63, 70] - 5150]
melhor indiv??duo da gera????o:[1, 3, 23, 25, 33, 41, 47, 55, 58, 62, 70] - 4083
gera????o: 3: 
[[1, 3, 12, 22, 25, 33, 41, 46, 49, 58, 62, 70] - 4286, [1, 2, 3, 5, 6, 14, 25, 33, 34, 35, 49, 55, 57, 70] - 4492, [1, 2, 4, 11, 20, 21, 31, 33, 49, 58, 62, 70] - 4628, [1, 2, 4, 10, 11, 20, 39, 53, 61, 63, 70] - 4564, [1, 2, 3, 5, 12, 13, 23, 31, 40, 44, 50, 53, 54, 56, 60, 64, 65, 68, 70] - 6135, [1, 3, 12, 22, 25, 26, 28, 35, 49, 55, 58, 62, 70] - 4271, [1, 2, 4, 11, 20, 21, 23, 25, 33, 47, 55, 56, 63, 70] - 5150, [1, 4, 10, 20, 39, 44, 53, 61, 68, 70] - 5038, [1, 4, 10, 20, 39, 56, 61, 65, 68, 70] - 4965, [1, 4, 11, 20, 29, 37, 38, 43, 51, 59, 60, 65, 66, 67, 69, 70] - 6450, [1, 3, 9, 11, 21, 23, 25, 33, 46, 47, 56, 61, 63, 70] - 4866, [1, 4, 10, 20, 29, 37, 39, 42, 43, 52, 53, 61, 65, 67, 68, 70] - 6785, [1, 4, 10, 20, 29, 37, 39, 42, 43, 52, 53, 61, 65, 67, 68, 70] - 6785, [1, 4, 10, 11, 20, 29, 38, 43, 52, 60, 64, 67, 68, 70] - 6004, [1, 4, 11, 20, 29, 37, 38, 43, 51, 59, 60, 65, 66, 67, 69, 70] - 6450, [1, 4, 10, 11, 20, 29, 38, 43, 52, 60, 64, 67, 68, 70] - 6004, [1, 4, 10, 20, 37, 39, 56, 57, 70] - 4301, [1, 4, 10, 20, 37, 39, 56, 57, 70] - 4301]
melhor indiv??duo da gera????o:[1, 3, 12, 22, 25, 26, 28, 35, 49, 55, 58, 62, 70] - 4271
gera????o: 4: 
[[1, 2, 3, 5, 6, 14, 25, 33, 34, 35, 49, 55, 57, 70] - 4492, [1, 2, 4, 10, 11, 20, 39, 53, 61, 63, 70] - 4564, [1, 3, 12, 22, 25, 26, 28, 35, 49, 55, 58, 62, 70] - 4271, [1, 4, 10, 20, 39, 44, 53, 61, 68, 70] - 5038, [1, 4, 11, 20, 29, 37, 38, 43, 51, 59, 60, 65, 66, 67, 69, 70] - 6450, [1, 4, 10, 20, 29, 37, 39, 42, 43, 52, 53, 61, 65, 67, 68, 70] - 6785, [1, 4, 10, 11, 20, 29, 38, 43, 52, 60, 64, 67, 68, 70] - 6004, [1, 4, 10, 11, 20, 29, 38, 43, 52, 60, 64, 67, 68, 70] - 6004, [1, 4, 10, 20, 37, 39, 56, 57, 70] - 4301, [1, 4, 10, 20, 37, 39, 56, 57, 70] - 4301, [1, 4, 10, 11, 20, 29, 38, 43, 52, 60, 64, 67, 68, 70] - 6004, [1, 4, 10, 20, 39, 56, 61, 65, 68, 70] - 4965, [1, 3, 12, 22, 25, 26, 28, 35, 49, 55, 58, 62, 70] - 4271, [1, 3, 12, 22, 25, 33, 41, 46, 49, 58, 62, 70] - 4286, [1, 2, 4, 11, 20, 21, 31, 33, 49, 58, 62, 70] - 4628, [1, 3, 12, 22, 25, 26, 28, 35, 49, 55, 58, 62, 70] - 4271]
melhor indiv??duo da gera????o:[1, 3, 12, 22, 25, 26, 28, 35, 49, 55, 58, 62, 70] - 4271
gera????o: 5: 
[[1, 2, 4, 10, 11, 20, 39, 53, 61, 63, 70] - 4564, [1, 4, 10, 20, 39, 44, 53, 61, 68, 70] - 5038, [1, 4, 10, 20, 29, 37, 39, 42, 43, 52, 53, 61, 65, 67, 68, 70] - 6785, [1, 4, 10, 11, 20, 29, 38, 43, 52, 60, 64, 67, 68, 70] - 6004, [1, 4, 10, 20, 37, 39, 56, 57, 70] - 4301, [1, 4, 10, 20, 39, 56, 61, 65, 68, 70] - 4965, [1, 3, 12, 22, 25, 33, 41, 46, 49, 58, 62, 70] - 4286, [1, 3, 12, 22, 25, 26, 28, 35, 49, 55, 58, 62, 70] - 4271, [1, 2, 4, 11, 20, 21, 31, 33, 49, 58, 62, 70] - 4628, [1, 4, 11, 20, 29, 37, 38, 43, 51, 59, 60, 65, 66, 67, 69, 70] - 6450, [1, 4, 11, 20, 29, 37, 38, 43, 51, 59, 60, 65, 66, 67, 69, 70] - 6450, [1, 4, 10, 20, 29, 37, 39, 42, 43, 52, 53, 61, 65, 67, 68, 70] - 6785, [1, 2, 4, 11, 20, 21, 31, 33, 49, 58, 62, 70] - 4628, [1, 2, 4, 11, 20, 21, 31, 33, 49, 58, 62, 70] - 4628]
melhor indiv??duo da gera????o:[1, 3, 12, 22, 25, 26, 28, 35, 49, 55, 58, 62, 70] - 4271
gera????o: 6: 
[[1, 4, 10, 20, 39, 44, 53, 61, 68, 70] - 5038, [1, 4, 10, 11, 20, 29, 38, 43, 52, 60, 64, 67, 68, 70] - 6004, [1, 4, 10, 20, 39, 56, 61, 65, 68, 70] - 4965, [1, 3, 12, 22, 25, 26, 28, 35, 49, 55, 58, 62, 70] - 4271, [1, 4, 11, 20, 29, 37, 38, 43, 51, 59, 60, 65, 66, 67, 69, 70] - 6450, [1, 4, 10, 20, 29, 37, 39, 42, 43, 52, 53, 61, 65, 67, 68, 70] - 6785, [1, 2, 4, 11, 20, 21, 31, 33, 49, 58, 62, 70] - 4628, [1, 4, 10, 20, 29, 37, 39, 42, 43, 52, 53, 61, 65, 67, 68, 70] - 6785, [1, 3, 12, 22, 25, 33, 41, 46, 49, 58, 62, 70] - 4286, [1, 4, 10, 20, 29, 37, 39, 42, 43, 52, 53, 61, 65, 67, 68, 70] - 6785, [1, 4, 10, 20, 37, 39, 56, 57, 70] - 4301, [1, 2, 4, 10, 11, 20, 39, 53, 61, 63, 70] - 4564]
melhor indiv??duo da gera????o:[1, 3, 12, 22, 25, 26, 28, 35, 49, 55, 58, 62, 70] - 4271
______________________________________________________________________________________________________________________________
