gera????o: 1: 
[[1, 2, 4, 10, 11, 21, 31, 41, 45, 57, 70] - 3974, [1, 3, 5, 12, 14, 26, 28, 35, 49, 58, 62, 70] - 4076, [1, 3, 13, 40, 41, 44, 45, 56, 63, 70] - 4199, [1, 4, 10, 20, 39, 53, 54, 61, 63, 70] - 4220, [1, 2, 9, 21, 23, 25, 33, 41, 45, 47, 49, 58, 62, 70] - 4291, [1, 4, 10, 20, 32, 40, 41, 45, 56, 57, 70] - 4415, [1, 2, 3, 5, 6, 14, 26, 28, 35, 46, 47, 55, 58, 62, 70] - 4449, [1, 2, 3, 13, 23, 33, 46, 47, 56, 63, 70] - 4477, [1, 4, 11, 21, 22, 23, 31, 40, 44, 56, 57, 70] - 4519, [1, 4, 10, 11, 20, 21, 22, 33, 49, 58, 62, 70] - 4529, [1, 4, 10, 20, 37, 39, 50, 53, 54, 61, 68, 70] - 4530, [1, 2, 9, 11, 21, 22, 33, 46, 47, 55, 56, 63, 70] - 4531, [1, 2, 9, 11, 20, 37, 39, 44, 55, 58, 62, 70] - 4542, [1, 2, 9, 21, 31, 33, 41, 44, 54, 56, 61, 68, 70] - 4596, [1, 2, 9, 13, 21, 22, 33, 41, 46, 49, 55, 57, 70] - 4602, [1, 4, 11, 21, 23, 31, 32, 39, 53, 61, 63, 70] - 4608, [1, 2, 4, 10, 11, 20, 21, 22, 23, 33, 49, 58, 62, 70] - 4615, [1, 3, 5, 6, 14, 22, 23, 25, 26, 33, 41, 46, 47, 55, 57, 70] - 4777, [1, 4, 11, 21, 22, 25, 26, 28, 35, 36, 48, 58, 62, 70] - 4796, [1, 4, 10, 20, 31, 41, 46, 49, 55, 57, 70] - 4846, [1, 2, 9, 13, 14, 17, 24, 34, 41, 44, 54, 61, 63, 70] - 4968, [1, 4, 10, 11, 20, 21, 23, 33, 34, 46, 49, 55, 57, 70] - 4991, [1, 4, 11, 21, 31, 33, 39, 44, 55, 57, 70] - 5041, [1, 3, 5, 12, 14, 24, 26, 28, 34, 35, 49, 55, 58, 62, 70] - 5056, [1, 3, 9, 13, 31, 40, 41, 46, 47, 56, 57, 70] - 5082, [1, 3, 13, 21, 23, 25, 33, 34, 35, 36, 48, 49, 55, 57, 70] - 5083, [1, 3, 9, 11, 20, 39, 53, 60, 65, 68, 70] - 5133, [1, 4, 11, 21, 23, 25, 33, 39, 40, 44, 56, 57, 70] - 5157, [1, 4, 11, 21, 31, 41, 46, 47, 55, 56, 57, 70] - 5228, [1, 2, 4, 11, 20, 30, 32, 39, 40, 41, 45, 47, 49, 58, 62, 70] - 5262, [1, 3, 12, 14, 17, 18, 24, 36, 48, 49, 55, 57, 70] - 5282, [1, 3, 12, 14, 26, 31, 40, 44, 55, 56, 61, 63, 70] - 5288, [1, 3, 9, 13, 31, 32, 37, 39, 50, 53, 54, 56, 61, 65, 67, 69, 70] - 6002, [1, 3, 13, 23, 31, 40, 41, 44, 54, 61, 65, 66, 67, 68, 70] - 6018, [1, 2, 4, 11, 20, 32, 39, 50, 53, 60, 64, 66, 67, 68, 70] - 6101, [1, 4, 10, 20, 29, 37, 38, 43, 52, 53, 61, 65, 67, 69, 70] - 6279, [1, 3, 23, 31, 40, 41, 44, 53, 60, 65, 66, 67, 68, 70] - 6400, [1, 4, 10, 20, 29, 38, 43, 52, 53, 61, 65, 66, 67, 69, 70] - 6500, [1, 2, 9, 21, 23, 31, 41, 47, 56, 60, 64, 65, 67, 68, 70] - 6918, [1, 2, 4, 10, 11, 20, 31, 41, 44, 53, 60, 65, 66, 67, 68, 70] - 7012]
melhor indiv??duo da gera????o:[1, 2, 4, 10, 11, 21, 31, 41, 45, 57, 70] - 3974
gera????o: 2: 
[[1, 3, 13, 23, 33, 41, 45, 57, 70] - 3721, [1, 3, 5, 12, 14, 26, 28, 35, 49, 58, 62, 70] - 4076, [1, 3, 13, 40, 41, 44, 45, 56, 63, 70] - 4199, [1, 2, 9, 21, 23, 25, 33, 41, 45, 47, 49, 58, 62, 70] - 4291, [1, 2, 9, 13, 31, 40, 41, 46, 49, 58, 62, 70] - 4322, [1, 3, 12, 22, 33, 34, 35, 46, 49, 58, 62, 70] - 4400, [1, 2, 3, 5, 6, 14, 26, 28, 35, 46, 47, 55, 58, 62, 70] - 4449, [1, 4, 11, 21, 22, 23, 31, 40, 44, 56, 57, 70] - 4519, [1, 4, 10, 20, 37, 39, 50, 53, 54, 61, 68, 70] - 4530, [1, 2, 9, 11, 20, 37, 39, 44, 55, 58, 62, 70] - 4542, [1, 2, 9, 21, 31, 33, 41, 44, 54, 56, 61, 68, 70] - 4596, [1, 2, 9, 13, 21, 22, 33, 41, 46, 49, 55, 57, 70] - 4602, [1, 2, 4, 10, 11, 20, 21, 22, 23, 33, 49, 58, 62, 70] - 4615, [1, 3, 5, 6, 14, 22, 23, 25, 26, 33, 41, 46, 47, 55, 57, 70] - 4777, [1, 4, 10, 20, 31, 41, 46, 49, 55, 57, 70] - 4846, [1, 3, 23, 25, 33, 41, 46, 47, 56, 57, 70] - 4978, [1, 4, 11, 21, 31, 33, 39, 44, 55, 57, 70] - 5041, [1, 3, 9, 13, 31, 40, 41, 46, 47, 56, 57, 70] - 5082, [1, 3, 9, 11, 20, 39, 53, 60, 65, 68, 70] - 5133, [1, 4, 11, 20, 30, 32, 39, 42, 50, 53, 54, 61, 63, 70] - 5224, [1, 4, 10, 11, 20, 29, 37, 42, 43, 52, 53, 61, 63, 70] - 5237, [1, 3, 12, 14, 17, 18, 24, 36, 48, 49, 55, 57, 70] - 5282, [1, 2, 4, 11, 20, 29, 38, 43, 51, 59, 60, 61, 63, 70] - 5343, [1, 4, 11, 20, 32, 39, 44, 53, 61, 68, 70] - 5499, [1, 3, 9, 13, 31, 32, 37, 39, 50, 53, 54, 56, 61, 65, 67, 69, 70] - 6002, [1, 2, 9, 21, 23, 25, 33, 49, 55, 56, 60, 64, 66, 67, 69, 70] - 6083, [1, 4, 10, 20, 29, 37, 38, 43, 52, 53, 61, 65, 67, 69, 70] - 6279, [1, 2, 3, 5, 12, 22, 33, 39, 42, 52, 60, 65, 66, 67, 69, 70] - 6408, [1, 4, 10, 20, 29, 38, 43, 52, 53, 61, 65, 66, 67, 69, 70] - 6500, [1, 2, 9, 21, 23, 31, 41, 47, 56, 60, 64, 65, 67, 68, 70] - 6918, [1, 2, 3, 9, 13, 21, 31, 32, 40, 41, 47, 49, 55, 56, 60, 65, 66, 67, 68, 70] - 7713]
melhor indiv??duo da gera????o:[1, 3, 13, 23, 33, 41, 45, 57, 70] - 3721
gera????o: 3: 
[[1, 3, 13, 23, 33, 41, 45, 57, 70] - 3721, [1, 3, 23, 25, 26, 34, 46, 47, 55, 57, 70] - 3883, [1, 3, 13, 40, 41, 44, 45, 56, 63, 70] - 4199, [1, 2, 4, 11, 21, 23, 33, 46, 49, 58, 62, 70] - 4291, [1, 2, 9, 13, 31, 40, 41, 46, 49, 58, 62, 70] - 4322, [1, 3, 12, 22, 33, 34, 35, 46, 49, 58, 62, 70] - 4400, [1, 4, 11, 21, 22, 23, 31, 40, 44, 56, 57, 70] - 4519, [1, 2, 9, 11, 20, 37, 39, 44, 55, 58, 62, 70] - 4542, [1, 2, 9, 13, 21, 22, 33, 41, 46, 49, 55, 57, 70] - 4602, [1, 2, 3, 13, 31, 33, 41, 44, 50, 53, 54, 61, 63, 70] - 4629, [1, 3, 5, 6, 14, 22, 23, 25, 26, 33, 41, 46, 47, 55, 57, 70] - 4777, [1, 2, 9, 11, 21, 22, 24, 34, 35, 46, 49, 58, 62, 70] - 4869, [1, 3, 12, 14, 17, 24, 28, 34, 46, 49, 55, 56, 57, 70] - 5019, [1, 3, 9, 13, 31, 40, 41, 46, 47, 56, 57, 70] - 5082, [1, 4, 10, 11, 20, 32, 40, 44, 50, 53, 60, 61, 63, 70] - 5192, [1, 4, 10, 11, 20, 29, 37, 42, 43, 52, 53, 61, 63, 70] - 5237, [1, 2, 4, 11, 20, 29, 38, 43, 51, 59, 60, 61, 63, 70] - 5343, [1, 4, 11, 20, 21, 31, 41, 44, 55, 56, 63, 70] - 5551, [1, 3, 13, 40, 44, 53, 61, 65, 67, 68, 70] - 5745, [1, 3, 9, 13, 31, 32, 37, 39, 50, 53, 54, 56, 61, 65, 67, 69, 70] - 6002, [1, 4, 10, 20, 29, 37, 38, 43, 52, 53, 61, 65, 67, 69, 70] - 6279, [1, 3, 9, 21, 23, 31, 32, 39, 40, 41, 45, 56, 60, 64, 67, 68, 70] - 6461, [1, 4, 11, 20, 21, 22, 24, 26, 31, 40, 41, 45, 47, 56, 57, 70] - 6896, [1, 2, 3, 9, 13, 21, 31, 32, 40, 41, 47, 49, 55, 56, 60, 65, 66, 67, 68, 70] - 7713]
melhor indiv??duo da gera????o:[1, 3, 13, 23, 33, 41, 45, 57, 70] - 3721
gera????o: 4: 
[[1, 3, 23, 25, 26, 34, 46, 47, 55, 57, 70] - 3883, [1, 3, 13, 40, 41, 44, 45, 56, 63, 70] - 4199, [1, 2, 9, 13, 31, 40, 41, 46, 49, 58, 62, 70] - 4322, [1, 3, 9, 13, 23, 25, 26, 28, 34, 46, 47, 55, 58, 62, 70] - 4458, [1, 4, 11, 21, 22, 23, 31, 40, 44, 56, 57, 70] - 4519, [1, 3, 12, 14, 17, 24, 27, 35, 49, 58, 62, 70] - 4557, [1, 3, 23, 25, 33, 41, 46, 49, 55, 58, 62, 70] - 4599, [1, 2, 3, 13, 31, 33, 41, 44, 50, 53, 54, 61, 63, 70] - 4629, [1, 2, 9, 11, 21, 22, 24, 34, 35, 46, 49, 58, 62, 70] - 4869, [1, 2, 4, 11, 20, 21, 31, 32, 40, 41, 47, 55, 57, 70] - 5039, [1, 4, 10, 11, 20, 32, 40, 44, 50, 53, 60, 61, 63, 70] - 5192, [1, 4, 10, 11, 20, 29, 37, 42, 43, 52, 53, 61, 63, 70] - 5237, [1, 4, 11, 20, 31, 33, 39, 56, 63, 70] - 5309, [1, 4, 11, 20, 21, 31, 41, 44, 55, 56, 63, 70] - 5551, [1, 3, 9, 13, 31, 32, 37, 39, 50, 53, 54, 56, 61, 65, 67, 69, 70] - 6002, [1, 3, 9, 21, 23, 31, 32, 39, 40, 41, 45, 56, 60, 64, 67, 68, 70] - 6461, [1, 4, 10, 20, 30, 32, 40, 44, 50, 53, 60, 61, 65, 66, 67, 68, 70] - 6764, [1, 2, 3, 9, 13, 21, 31, 32, 40, 41, 47, 49, 55, 56, 60, 65, 66, 67, 68, 70] - 7713]
melhor indiv??duo da gera????o:[1, 3, 23, 25, 26, 34, 46, 47, 55, 57, 70] - 3883
gera????o: 5: 
[[1, 3, 13, 40, 41, 44, 45, 56, 63, 70] - 4199, [1, 2, 9, 13, 31, 40, 41, 46, 49, 58, 62, 70] - 4322, [1, 2, 9, 11, 21, 22, 24, 28, 34, 46, 49, 58, 62, 70] - 4443, [1, 4, 11, 21, 22, 23, 31, 40, 44, 56, 57, 70] - 4519, [1, 3, 23, 25, 33, 41, 46, 49, 55, 58, 62, 70] - 4599, [1, 2, 9, 11, 21, 22, 24, 34, 35, 46, 49, 58, 62, 70] - 4869, [1, 3, 5, 6, 14, 25, 26, 33, 40, 41, 47, 55, 56, 63, 70] - 4993, [1, 2, 4, 11, 20, 21, 31, 32, 40, 41, 47, 55, 57, 70] - 5039, [1, 4, 10, 11, 20, 29, 37, 42, 43, 52, 53, 61, 63, 70] - 5237, [1, 4, 11, 21, 23, 25, 26, 28, 34, 41, 47, 56, 61, 63, 70] - 5513, [1, 4, 11, 20, 21, 31, 41, 44, 55, 56, 63, 70] - 5551, [1, 4, 11, 20, 37, 42, 51, 59, 66, 67, 68, 70] - 5914, [1, 4, 10, 20, 29, 38, 43, 51, 59, 60, 65, 66, 67, 68, 70] - 6251, [1, 2, 3, 5, 12, 22, 24, 27, 28, 34, 41, 46, 47, 55, 56, 57, 70] - 6459, [1, 4, 10, 20, 30, 32, 40, 44, 50, 53, 60, 61, 65, 66, 67, 68, 70] - 6764, [1, 4, 10, 20, 21, 31, 33, 47, 55, 56, 60, 65, 67, 68, 70] - 6855, [1, 3, 23, 33, 40, 41, 46, 47, 49, 55, 56, 60, 61, 65, 68, 70] - 7196, [1, 2, 3, 9, 13, 21, 31, 32, 40, 41, 47, 49, 55, 56, 60, 65, 66, 67, 68, 70] - 7713]
melhor indiv??duo da gera????o:[1, 3, 13, 40, 41, 44, 45, 56, 63, 70] - 4199
gera????o: 6: 
[[1, 3, 13, 40, 44, 50, 53, 54, 56, 63, 70] - 4166, [1, 2, 3, 13, 31, 33, 34, 46, 49, 58, 62, 70] - 4300, [1, 2, 3, 23, 25, 26, 28, 34, 46, 49, 55, 57, 70] - 4385, [1, 2, 9, 11, 21, 22, 24, 28, 34, 46, 49, 58, 62, 70] - 4443, [1, 4, 11, 21, 22, 23, 31, 40, 44, 56, 57, 70] - 4519, [1, 2, 3, 9, 11, 21, 22, 25, 26, 34, 35, 46, 49, 58, 62, 70] - 4656, [1, 2, 9, 11, 21, 22, 24, 34, 35, 46, 49, 58, 62, 70] - 4869, [1, 3, 5, 6, 14, 25, 26, 33, 40, 41, 47, 55, 56, 63, 70] - 4993, [1, 2, 4, 11, 20, 21, 31, 32, 40, 41, 47, 55, 57, 70] - 5039, [1, 4, 10, 11, 20, 29, 37, 42, 43, 52, 53, 61, 63, 70] - 5237, [1, 4, 11, 21, 23, 25, 26, 28, 34, 41, 47, 56, 61, 63, 70] - 5513, [1, 2, 4, 10, 11, 20, 29, 37, 38, 43, 51, 59, 64, 65, 68, 70] - 5816, [1, 3, 5, 12, 14, 22, 23, 25, 26, 33, 34, 46, 47, 49, 55, 56, 61, 68, 70] - 5988, [1, 4, 10, 20, 29, 38, 43, 51, 59, 60, 65, 66, 67, 68, 70] - 6251, [1, 2, 3, 5, 12, 22, 24, 27, 28, 34, 41, 46, 47, 55, 56, 57, 70] - 6459, [1, 4, 10, 20, 30, 32, 40, 44, 50, 53, 60, 61, 65, 66, 67, 68, 70] - 6764, [1, 3, 23, 33, 40, 41, 46, 47, 49, 55, 56, 60, 61, 65, 68, 70] - 7196, [1, 2, 3, 9, 13, 21, 31, 32, 40, 41, 47, 49, 55, 56, 60, 65, 66, 67, 68, 70] - 7713]
melhor indiv??duo da gera????o:[1, 3, 13, 40, 44, 50, 53, 54, 56, 63, 70] - 4166
gera????o: 7: 
[[1, 3, 13, 21, 31, 40, 41, 45, 57, 70] - 3930, [1, 4, 11, 21, 23, 25, 33, 47, 55, 58, 62, 70] - 4063, [1, 3, 13, 40, 44, 56, 61, 68, 70] - 4282, [1, 2, 3, 13, 31, 33, 34, 46, 49, 58, 62, 70] - 4300, [1, 2, 3, 23, 25, 26, 28, 34, 46, 49, 55, 57, 70] - 4385, [1, 4, 11, 21, 22, 23, 31, 40, 44, 56, 57, 70] - 4519, [1, 3, 5, 6, 22, 24, 36, 48, 58, 62, 70] - 4595, [1, 2, 4, 10, 11, 21, 22, 25, 26, 28, 35, 46, 47, 55, 58, 62, 70] - 4764, [1, 2, 9, 11, 21, 22, 24, 34, 35, 46, 49, 58, 62, 70] - 4869, [1, 2, 4, 11, 20, 21, 31, 32, 40, 41, 47, 55, 57, 70] - 5039, [1, 3, 9, 11, 20, 32, 40, 41, 47, 56, 57, 70] - 5120, [1, 4, 10, 11, 21, 22, 33, 39, 50, 53, 54, 61, 68, 70] - 5228, [1, 4, 11, 21, 23, 25, 26, 28, 34, 41, 47, 56, 61, 63, 70] - 5513, [1, 2, 4, 10, 11, 20, 29, 37, 38, 43, 51, 59, 64, 65, 68, 70] - 5816, [1, 4, 10, 20, 29, 38, 43, 51, 59, 60, 65, 66, 67, 68, 70] - 6251, [1, 2, 3, 5, 12, 22, 24, 27, 28, 34, 41, 46, 47, 55, 56, 57, 70] - 6459, [1, 4, 10, 20, 30, 32, 40, 44, 50, 53, 60, 61, 65, 66, 67, 68, 70] - 6764, [1, 2, 3, 9, 13, 21, 31, 32, 40, 41, 47, 49, 55, 56, 60, 65, 66, 67, 68, 70] - 7713]
melhor indiv??duo da gera????o:[1, 3, 13, 21, 31, 40, 41, 45, 57, 70] - 3930
gera????o: 8: 
[[1, 3, 13, 21, 31, 40, 41, 45, 57, 70] - 3930, [1, 4, 11, 21, 23, 25, 33, 47, 55, 58, 62, 70] - 4063, [1, 3, 13, 40, 44, 56, 61, 68, 70] - 4282, [1, 2, 3, 23, 25, 26, 28, 34, 46, 49, 55, 57, 70] - 4385, [1, 4, 11, 21, 22, 23, 31, 40, 44, 56, 57, 70] - 4519, [1, 2, 4, 10, 11, 20, 31, 32, 40, 41, 45, 56, 63, 70] - 4719, [1, 4, 10, 20, 32, 39, 56, 61, 68, 70] - 4794, [1, 2, 9, 11, 21, 22, 24, 34, 35, 46, 49, 58, 62, 70] - 4869, [1, 4, 10, 11, 20, 37, 42, 52, 53, 60, 61, 63, 70] - 5025, [1, 2, 9, 21, 22, 23, 25, 26, 31, 32, 39, 40, 44, 56, 63, 70] - 5066, [1, 3, 9, 11, 20, 32, 40, 41, 47, 56, 57, 70] - 5120, [1, 3, 12, 22, 23, 31, 32, 40, 44, 50, 53, 60, 64, 65, 68, 70] - 5371, [1, 4, 11, 21, 23, 25, 26, 28, 34, 41, 47, 56, 61, 63, 70] - 5513, [1, 2, 3, 12, 13, 40, 41, 45, 56, 60, 64, 67, 69, 70] - 5735, [1, 2, 9, 11, 20, 31, 32, 39, 44, 50, 53, 60, 64, 67, 69, 70] - 6061, [1, 2, 9, 21, 31, 41, 44, 54, 56, 60, 65, 66, 67, 69, 70] - 6282, [1, 3, 13, 31, 33, 34, 35, 46, 47, 55, 56, 60, 61, 68, 70] - 6489, [1, 2, 3, 9, 13, 21, 31, 32, 40, 41, 47, 49, 55, 56, 60, 65, 66, 67, 68, 70] - 7713]
melhor indiv??duo da gera????o:[1, 3, 13, 21, 31, 40, 41, 45, 57, 70] - 3930
gera????o: 9: 
[[1, 3, 23, 31, 40, 44, 54, 56, 63, 70] - 3876, [1, 4, 11, 21, 23, 25, 33, 47, 55, 58, 62, 70] - 4063, [1, 3, 13, 40, 44, 56, 61, 68, 70] - 4282, [1, 2, 3, 23, 25, 26, 28, 34, 46, 49, 55, 57, 70] - 4385, [1, 2, 9, 21, 31, 33, 40, 44, 54, 61, 68, 70] - 4480, [1, 3, 9, 13, 22, 24, 28, 36, 49, 58, 62, 70] - 4649, [1, 3, 13, 23, 25, 26, 34, 46, 49, 55, 56, 57, 70] - 4786, [1, 2, 9, 11, 21, 22, 24, 34, 35, 46, 49, 58, 62, 70] - 4869, [1, 4, 10, 11, 20, 37, 42, 52, 53, 60, 61, 63, 70] - 5025, [1, 3, 5, 12, 14, 26, 31, 41, 44, 54, 61, 68, 70] - 5102, [1, 3, 12, 22, 23, 31, 32, 40, 44, 50, 53, 60, 64, 65, 68, 70] - 5371, [1, 4, 11, 21, 23, 25, 26, 28, 34, 41, 47, 56, 61, 63, 70] - 5513, [1, 4, 10, 20, 29, 38, 43, 51, 59, 66, 67, 69, 70] - 5568, [1, 3, 9, 11, 20, 30, 31, 33, 40, 41, 47, 56, 57, 70] - 5655, [1, 2, 9, 11, 20, 31, 32, 39, 44, 50, 53, 60, 64, 67, 69, 70] - 6061, [1, 3, 9, 11, 20, 31, 32, 37, 42, 51, 59, 66, 67, 69, 70] - 6297, [1, 2, 9, 11, 21, 22, 33, 40, 44, 55, 56, 61, 65, 66, 67, 69, 70] - 6580, [1, 2, 3, 9, 13, 21, 31, 32, 40, 41, 47, 49, 55, 56, 60, 65, 66, 67, 68, 70] - 7713]
melhor indiv??duo da gera????o:[1, 3, 23, 31, 40, 44, 54, 56, 63, 70] - 3876
gera????o: 10: 
[[1, 3, 13, 40, 44, 56, 63, 70] - 3731, [1, 4, 11, 21, 23, 25, 33, 47, 55, 58, 62, 70] - 4063, [1, 3, 13, 40, 44, 56, 61, 68, 70] - 4282, [1, 3, 13, 23, 31, 41, 47, 49, 58, 62, 70] - 4386, [1, 3, 5, 6, 14, 22, 24, 26, 33, 49, 58, 62, 70] - 4452, [1, 2, 9, 21, 31, 33, 40, 44, 54, 61, 68, 70] - 4480, [1, 2, 4, 11, 20, 32, 40, 44, 56, 57, 70] - 4665, [1, 2, 9, 21, 22, 33, 40, 41, 47, 55, 56, 63, 70] - 4802, [1, 2, 9, 11, 21, 22, 24, 34, 35, 46, 49, 58, 62, 70] - 4869, [1, 3, 5, 6, 22, 25, 26, 33, 40, 44, 54, 61, 65, 68, 70] - 5039, [1, 3, 5, 12, 14, 26, 31, 41, 44, 54, 61, 68, 70] - 5102, [1, 3, 5, 6, 7, 18, 24, 28, 35, 46, 49, 55, 56, 63, 70] - 5173, [1, 4, 11, 21, 23, 25, 26, 28, 34, 41, 47, 56, 61, 63, 70] - 5513, [1, 3, 9, 11, 20, 30, 31, 33, 40, 41, 47, 56, 57, 70] - 5655, [1, 4, 10, 11, 20, 32, 40, 44, 56, 60, 61, 68, 70] - 5779, [1, 2, 9, 11, 20, 31, 32, 39, 44, 50, 53, 60, 64, 67, 69, 70] - 6061, [1, 2, 9, 11, 21, 22, 33, 40, 44, 55, 56, 61, 65, 66, 67, 69, 70] - 6580, [1, 2, 3, 9, 13, 21, 31, 32, 40, 41, 47, 49, 55, 56, 60, 65, 66, 67, 68, 70] - 7713]
melhor indiv??duo da gera????o:[1, 3, 13, 40, 44, 56, 63, 70] - 3731
melhor valor ?? da gera????o 0!!!!
______________________________________________________________________________________________________________________________
