geração: 1: 
[[1, 6, 8, 10, 13, 9, 16, 17, 19, 20] - 77, [1, 2, 3, 8, 10, 12, 19, 20] - 48, [1, 6, 7, 8, 10, 13, 9, 16, 17, 18, 19, 20] - 89, [1, 6, 7, 9, 16, 17, 18, 13, 19, 20] - 58, [1, 3, 8, 9, 10, 13, 15, 20] - 38, [1, 3, 6, 7, 8, 10, 13, 9, 12, 16, 17, 18, 19, 20] - 97, [1, 3, 6, 8, 10, 13, 14, 15, 20] - 52, [1, 6, 7, 9, 13, 14, 10, 12, 19, 20] - 70, [1, 2, 3, 8, 9, 10, 13, 14, 15, 20] - 53, [1, 3, 8, 10, 12, 13, 9, 16, 17, 18, 19, 20] - 85, [1, 3, 8, 9, 12, 13, 14, 15, 20] - 40, [1, 2, 4, 10, 14, 15, 20] - 31, [1, 6, 7, 8, 9, 16, 10, 13, 19, 20] - 52, [1, 3, 5, 10, 13, 14, 15, 20] - 43, [1, 3, 6, 8, 10, 14, 15, 20] - 38, [1, 6, 7, 8, 9, 10, 13, 14, 15, 20] - 57, [1, 3, 5, 8, 9, 12, 19, 20] - 38, [1, 6, 8, 3, 5, 10, 13, 9, 12, 19, 20] - 71, [1, 2, 4, 5, 8, 3, 6, 7, 9, 16, 17, 18, 19, 20] - 81, [1, 3, 6, 7, 8, 9, 13, 14, 10, 12, 5, 2, 4, 11] - 88, [1, 6, 7, 9, 16, 10, 12, 19, 20] - 58, [1, 6, 8, 9, 13, 14, 10, 12, 5, 2, 4, 11] - 79, [1, 6, 7, 9, 13, 19, 20] - 41, [1, 3, 8, 9, 13, 15, 20] - 33, [1, 6, 7, 8, 3, 5, 2, 4, 10, 14, 13, 9, 16, 12, 19, 20] - 92, [1, 2, 3, 8, 10, 14, 15, 20] - 37, [1, 6, 7, 8, 3, 5, 12, 13, 9, 16, 17, 18, 19, 20] - 89, [1, 2, 3, 6, 8, 9, 13, 19, 20] - 44, [1, 3, 8, 9, 10, 14, 13, 19, 20] - 40, [1, 3, 5, 8, 10, 12, 13, 9, 16, 17, 18, 19, 20] - 91, [1, 6, 8, 10, 13, 9, 12, 19, 20] - 68, [1, 6, 8, 10, 13, 15, 20] - 39, [1, 3, 8, 10, 12, 5, 2, 4, 11, 13, 14, 15, 20] - 81, [1, 3, 8, 10, 13, 15, 20] - 36, [1, 6, 8, 9, 13, 19, 20] - 36, [1, 2, 5, 12, 13, 14, 15, 20] - 40, [1, 3, 5, 12, 19, 20] - 32, [1, 6, 8, 10, 12, 5, 2, 4, 11, 13, 9, 16, 17, 18, 19, 20] - 118, [1, 6, 8, 10, 13, 9, 16, 12, 5, 2, 4, 11, 14, 15, 20] - 101, [1, 2, 3, 8, 9, 12, 5, 10, 13, 19, 20] - 58, [1, 3, 5, 2, 4, 11, 13, 14, 10, 12, 16, 17, 18, 19, 20] - 89, [1, 2, 5, 8, 10, 12, 16, 17, 18, 13, 9] - 82, [1, 3, 6, 8, 10, 13, 9, 16, 17, 18, 19, 20] - 86, [1, 3, 5, 2, 4, 11, 10, 12, 13, 19, 20] - 53, [1, 6, 8, 9, 10, 12, 5, 2, 3] - 55, [1, 3, 6, 7, 8, 10, 13, 19, 20] - 48, [1, 6, 8, 10, 14, 15, 20] - 35, [1, 6, 7, 9, 12, 16, 10, 13, 19, 20] - 56, [1, 6, 7, 8, 9, 12, 13, 14, 10] - 46, [1, 2, 4, 10, 14, 13, 9, 12, 5, 8, 3, 6, 7] - 83, [1, 3, 6, 7, 8, 9, 13, 19, 20] - 45, [1, 3, 5, 10, 14, 13, 15, 20] - 35, [1, 6, 8, 9, 10, 14, 15, 20] - 37, [1, 3, 5, 10, 12, 13, 14, 15, 20] - 48, [1, 6, 8, 3, 5, 12, 19, 20] - 41, [1, 3, 8, 10, 12, 13, 14, 15, 20] - 51, [1, 2, 5, 8, 3, 6, 7, 9, 10, 13, 15, 20] - 61, [1, 6, 7, 8, 3, 5, 10, 13, 15, 20] - 48, [1, 2, 4, 11, 13, 15, 20] - 34, [1, 2, 5, 12, 19, 20] - 32]
melhor indivíduo da geração:[1, 2, 4, 10, 14, 15, 20] - 31
geração: 2: 
[[1, 2, 3, 8, 10, 12, 19, 20] - 48, [1, 3, 8, 9, 10, 13, 15, 20] - 38, [1, 3, 6, 8, 10, 13, 14, 15, 20] - 52, [1, 2, 3, 8, 9, 10, 13, 14, 15, 20] - 53, [1, 3, 8, 9, 12, 13, 14, 15, 20] - 40, [1, 2, 4, 10, 14, 15, 20] - 31, [1, 6, 7, 8, 9, 16, 10, 13, 19, 20] - 52, [1, 3, 5, 10, 13, 14, 15, 20] - 43, [1, 3, 6, 8, 10, 14, 15, 20] - 38, [1, 3, 5, 8, 9, 12, 19, 20] - 38, [1, 6, 7, 9, 13, 19, 20] - 41, [1, 3, 8, 9, 13, 15, 20] - 33, [1, 2, 3, 8, 10, 14, 15, 20] - 37, [1, 2, 3, 6, 8, 9, 13, 19, 20] - 44, [1, 3, 8, 9, 10, 14, 13, 19, 20] - 40, [1, 6, 8, 10, 13, 15, 20] - 39, [1, 3, 8, 10, 13, 15, 20] - 36, [1, 6, 8, 9, 13, 19, 20] - 36, [1, 2, 5, 12, 13, 14, 15, 20] - 40, [1, 3, 5, 12, 19, 20] - 32, [1, 3, 5, 2, 4, 11, 10, 12, 13, 19, 20] - 53, [1, 6, 8, 9, 10, 12, 5, 2, 3] - 55, [1, 3, 6, 7, 8, 10, 13, 19, 20] - 48, [1, 6, 8, 10, 14, 15, 20] - 35, [1, 6, 7, 9, 12, 16, 10, 13, 19, 20] - 56, [1, 6, 7, 8, 9, 12, 13, 14, 10] - 46, [1, 3, 6, 7, 8, 9, 13, 19, 20] - 45, [1, 3, 5, 10, 14, 13, 15, 20] - 35, [1, 6, 8, 9, 10, 14, 15, 20] - 37, [1, 3, 5, 10, 12, 13, 14, 15, 20] - 48, [1, 6, 8, 3, 5, 12, 19, 20] - 41, [1, 3, 8, 10, 12, 13, 14, 15, 20] - 51, [1, 6, 7, 8, 3, 5, 10, 13, 15, 20] - 48, [1, 2, 4, 11, 13, 15, 20] - 34, [1, 2, 5, 12, 19, 20] - 32, [1, 6, 7, 9, 16, 10, 14, 15, 20] - 47, [1, 6, 8, 9, 10, 13, 15, 20] - 41, [1, 3, 6, 8, 9, 12, 13, 14, 10] - 43, [1, 2, 3, 8, 9, 16, 17, 18, 19, 20] - 52, [1, 2, 5, 10, 13, 19, 20] - 33]
melhor indivíduo da geração:[1, 2, 4, 10, 14, 15, 20] - 31
geração: 3: 
[[1, 3, 8, 9, 10, 13, 15, 20] - 38, [1, 3, 8, 9, 12, 13, 14, 15, 20] - 40, [1, 2, 4, 10, 14, 15, 20] - 31, [1, 3, 5, 10, 13, 14, 15, 20] - 43, [1, 3, 6, 8, 10, 14, 15, 20] - 38, [1, 3, 5, 8, 9, 12, 19, 20] - 38, [1, 6, 7, 9, 13, 19, 20] - 41, [1, 3, 8, 9, 13, 15, 20] - 33, [1, 2, 3, 8, 10, 14, 15, 20] - 37, [1, 2, 3, 6, 8, 9, 13, 19, 20] - 44, [1, 3, 8, 9, 10, 14, 13, 19, 20] - 40, [1, 6, 8, 10, 13, 15, 20] - 39, [1, 3, 8, 10, 13, 15, 20] - 36, [1, 6, 8, 9, 13, 19, 20] - 36, [1, 2, 5, 12, 13, 14, 15, 20] - 40, [1, 3, 5, 12, 19, 20] - 32, [1, 6, 8, 10, 14, 15, 20] - 35, [1, 3, 5, 10, 14, 13, 15, 20] - 35, [1, 6, 8, 9, 10, 14, 15, 20] - 37, [1, 6, 8, 3, 5, 12, 19, 20] - 41, [1, 2, 4, 11, 13, 15, 20] - 34, [1, 2, 5, 12, 19, 20] - 32, [1, 6, 8, 9, 10, 13, 15, 20] - 41, [1, 3, 6, 8, 9, 12, 13, 14, 10] - 43, [1, 2, 5, 10, 13, 19, 20] - 33, [1, 2, 3, 8, 9, 12, 19, 20] - 37]
melhor indivíduo da geração:[1, 2, 4, 10, 14, 15, 20] - 31
geração: 4: 
[[1, 2, 4, 10, 14, 15, 20] - 31, [1, 3, 8, 9, 13, 15, 20] - 33, [1, 2, 3, 8, 10, 14, 15, 20] - 37, [1, 3, 8, 10, 13, 15, 20] - 36, [1, 6, 8, 9, 13, 19, 20] - 36, [1, 3, 5, 12, 19, 20] - 32, [1, 6, 8, 10, 14, 15, 20] - 35, [1, 3, 5, 10, 14, 13, 15, 20] - 35, [1, 6, 8, 9, 10, 14, 15, 20] - 37, [1, 2, 4, 11, 13, 15, 20] - 34, [1, 2, 5, 12, 19, 20] - 32, [1, 2, 5, 10, 13, 19, 20] - 33, [1, 2, 3, 8, 9, 12, 19, 20] - 37]
melhor indivíduo da geração:[1, 2, 4, 10, 14, 15, 20] - 31
geração: 5: 
[[1, 2, 4, 10, 14, 15, 20] - 31, [1, 3, 8, 9, 13, 15, 20] - 33, [1, 2, 3, 8, 10, 14, 15, 20] - 37, [1, 3, 8, 10, 13, 15, 20] - 36, [1, 6, 8, 9, 13, 19, 20] - 36, [1, 3, 5, 12, 19, 20] - 32, [1, 6, 8, 10, 14, 15, 20] - 35, [1, 3, 5, 10, 14, 13, 15, 20] - 35, [1, 6, 8, 9, 10, 14, 15, 20] - 37, [1, 2, 4, 11, 13, 15, 20] - 34, [1, 2, 5, 12, 19, 20] - 32, [1, 2, 5, 10, 13, 19, 20] - 33, [1, 2, 3, 8, 9, 12, 19, 20] - 37, [1, 3, 6, 8, 9, 13, 15, 20] - 39, [1, 6, 8, 10, 13, 19, 20] - 39, [1, 2, 4, 10, 13, 19, 20] - 35]
melhor indivíduo da geração:[1, 2, 4, 10, 14, 15, 20] - 31
geração: 6: 
[[1, 2, 4, 10, 14, 15, 20] - 31, [1, 3, 8, 9, 13, 15, 20] - 33, [1, 2, 3, 8, 10, 14, 15, 20] - 37, [1, 3, 8, 10, 13, 15, 20] - 36, [1, 6, 8, 9, 13, 19, 20] - 36, [1, 3, 5, 12, 19, 20] - 32, [1, 6, 8, 10, 14, 15, 20] - 35, [1, 3, 5, 10, 14, 13, 15, 20] - 35, [1, 6, 8, 9, 10, 14, 15, 20] - 37, [1, 2, 4, 11, 13, 15, 20] - 34, [1, 2, 5, 12, 19, 20] - 32, [1, 2, 5, 10, 13, 19, 20] - 33, [1, 2, 3, 8, 9, 12, 19, 20] - 37, [1, 3, 6, 8, 9, 13, 15, 20] - 39, [1, 6, 8, 10, 13, 19, 20] - 39, [1, 2, 4, 10, 13, 19, 20] - 35, [1, 3, 8, 9, 16, 12, 13, 19, 20] - 35, [1, 6, 8, 3, 5, 10, 14, 15, 20] - 38]
melhor indivíduo da geração:[1, 2, 4, 10, 14, 15, 20] - 31
geração: 7: 
[[1, 2, 4, 10, 14, 15, 20] - 31, [1, 3, 8, 9, 13, 15, 20] - 33, [1, 2, 3, 8, 10, 14, 15, 20] - 37, [1, 3, 8, 10, 13, 15, 20] - 36, [1, 6, 8, 9, 13, 19, 20] - 36, [1, 3, 5, 12, 19, 20] - 32, [1, 6, 8, 10, 14, 15, 20] - 35, [1, 3, 5, 10, 14, 13, 15, 20] - 35, [1, 6, 8, 9, 10, 14, 15, 20] - 37, [1, 2, 4, 11, 13, 15, 20] - 34, [1, 2, 5, 12, 19, 20] - 32, [1, 2, 5, 10, 13, 19, 20] - 33, [1, 2, 3, 8, 9, 12, 19, 20] - 37, [1, 3, 6, 8, 9, 13, 15, 20] - 39, [1, 6, 8, 10, 13, 19, 20] - 39, [1, 2, 4, 10, 13, 19, 20] - 35, [1, 3, 8, 9, 16, 12, 13, 19, 20] - 35, [1, 6, 8, 3, 5, 10, 14, 15, 20] - 38, [1, 2, 4, 11, 14, 13, 19, 20] - 40, [1, 3, 8, 9, 12, 13, 15, 20] - 30, [1, 2, 5, 12, 13, 15, 20] - 30]
melhor indivíduo da geração:[1, 3, 8, 9, 12, 13, 15, 20] - 30
geração: 8: 
[[1, 2, 4, 10, 14, 15, 20] - 31, [1, 3, 8, 9, 13, 15, 20] - 33, [1, 2, 3, 8, 10, 14, 15, 20] - 37, [1, 3, 8, 10, 13, 15, 20] - 36, [1, 6, 8, 9, 13, 19, 20] - 36, [1, 3, 5, 12, 19, 20] - 32, [1, 6, 8, 10, 14, 15, 20] - 35, [1, 3, 5, 10, 14, 13, 15, 20] - 35, [1, 6, 8, 9, 10, 14, 15, 20] - 37, [1, 2, 4, 11, 13, 15, 20] - 34, [1, 2, 5, 12, 19, 20] - 32, [1, 2, 5, 10, 13, 19, 20] - 33, [1, 2, 3, 8, 9, 12, 19, 20] - 37, [1, 3, 6, 8, 9, 13, 15, 20] - 39, [1, 6, 8, 10, 13, 19, 20] - 39, [1, 2, 4, 10, 13, 19, 20] - 35, [1, 3, 8, 9, 16, 12, 13, 19, 20] - 35, [1, 6, 8, 3, 5, 10, 14, 15, 20] - 38, [1, 3, 8, 9, 12, 13, 15, 20] - 30, [1, 2, 5, 12, 13, 15, 20] - 30]
melhor indivíduo da geração:[1, 3, 8, 9, 12, 13, 15, 20] - 30
geração: 9: 
[[1, 2, 4, 10, 14, 15, 20] - 31, [1, 3, 8, 9, 13, 15, 20] - 33, [1, 2, 3, 8, 10, 14, 15, 20] - 37, [1, 3, 8, 10, 13, 15, 20] - 36, [1, 6, 8, 9, 13, 19, 20] - 36, [1, 3, 5, 12, 19, 20] - 32, [1, 6, 8, 10, 14, 15, 20] - 35, [1, 3, 5, 10, 14, 13, 15, 20] - 35, [1, 6, 8, 9, 10, 14, 15, 20] - 37, [1, 2, 4, 11, 13, 15, 20] - 34, [1, 2, 5, 12, 19, 20] - 32, [1, 2, 5, 10, 13, 19, 20] - 33, [1, 2, 3, 8, 9, 12, 19, 20] - 37, [1, 3, 6, 8, 9, 13, 15, 20] - 39, [1, 6, 8, 10, 13, 19, 20] - 39, [1, 2, 4, 10, 13, 19, 20] - 35, [1, 3, 8, 9, 16, 12, 13, 19, 20] - 35, [1, 6, 8, 3, 5, 10, 14, 15, 20] - 38, [1, 3, 8, 9, 12, 13, 15, 20] - 30, [1, 2, 5, 12, 13, 15, 20] - 30, [1, 6, 8, 10, 14, 13, 15, 20] - 41, [1, 3, 8, 9, 13, 19, 20] - 33, [1, 2, 3, 5, 12, 19, 20] - 37]
melhor indivíduo da geração:[1, 3, 8, 9, 12, 13, 15, 20] - 30
geração: 10: 
[[1, 2, 4, 10, 14, 15, 20] - 31, [1, 3, 8, 9, 13, 15, 20] - 33, [1, 2, 3, 8, 10, 14, 15, 20] - 37, [1, 3, 8, 10, 13, 15, 20] - 36, [1, 6, 8, 9, 13, 19, 20] - 36, [1, 3, 5, 12, 19, 20] - 32, [1, 6, 8, 10, 14, 15, 20] - 35, [1, 3, 5, 10, 14, 13, 15, 20] - 35, [1, 6, 8, 9, 10, 14, 15, 20] - 37, [1, 2, 4, 11, 13, 15, 20] - 34, [1, 2, 5, 12, 19, 20] - 32, [1, 2, 5, 10, 13, 19, 20] - 33, [1, 2, 3, 8, 9, 12, 19, 20] - 37, [1, 3, 6, 8, 9, 13, 15, 20] - 39, [1, 6, 8, 10, 13, 19, 20] - 39, [1, 2, 4, 10, 13, 19, 20] - 35, [1, 3, 8, 9, 16, 12, 13, 19, 20] - 35, [1, 6, 8, 3, 5, 10, 14, 15, 20] - 38, [1, 3, 8, 9, 12, 13, 15, 20] - 30, [1, 2, 5, 12, 13, 15, 20] - 30, [1, 3, 8, 9, 13, 19, 20] - 33, [1, 2, 3, 5, 12, 19, 20] - 37]
melhor indivíduo da geração:[1, 3, 8, 9, 12, 13, 15, 20] - 30
geração: 11: 
[[1, 2, 4, 10, 14, 15, 20] - 31, [1, 3, 8, 9, 13, 15, 20] - 33, [1, 2, 3, 8, 10, 14, 15, 20] - 37, [1, 3, 8, 10, 13, 15, 20] - 36, [1, 6, 8, 9, 13, 19, 20] - 36, [1, 3, 5, 12, 19, 20] - 32, [1, 6, 8, 10, 14, 15, 20] - 35, [1, 3, 5, 10, 14, 13, 15, 20] - 35, [1, 6, 8, 9, 10, 14, 15, 20] - 37, [1, 2, 4, 11, 13, 15, 20] - 34, [1, 2, 5, 12, 19, 20] - 32, [1, 2, 5, 10, 13, 19, 20] - 33, [1, 2, 3, 8, 9, 12, 19, 20] - 37, [1, 2, 4, 10, 13, 19, 20] - 35, [1, 3, 8, 9, 16, 12, 13, 19, 20] - 35, [1, 3, 8, 9, 12, 13, 15, 20] - 30, [1, 2, 5, 12, 13, 15, 20] - 30, [1, 3, 8, 9, 13, 19, 20] - 33, [1, 2, 3, 5, 12, 19, 20] - 37]
melhor indivíduo da geração:[1, 3, 8, 9, 12, 13, 15, 20] - 30
geração: 12: 
[[1, 2, 4, 10, 14, 15, 20] - 31, [1, 3, 8, 9, 13, 15, 20] - 33, [1, 2, 3, 8, 10, 14, 15, 20] - 37, [1, 3, 8, 10, 13, 15, 20] - 36, [1, 6, 8, 9, 13, 19, 20] - 36, [1, 3, 5, 12, 19, 20] - 32, [1, 6, 8, 10, 14, 15, 20] - 35, [1, 3, 5, 10, 14, 13, 15, 20] - 35, [1, 6, 8, 9, 10, 14, 15, 20] - 37, [1, 2, 4, 11, 13, 15, 20] - 34, [1, 2, 5, 12, 19, 20] - 32, [1, 2, 5, 10, 13, 19, 20] - 33, [1, 2, 3, 8, 9, 12, 19, 20] - 37, [1, 2, 4, 10, 13, 19, 20] - 35, [1, 3, 8, 9, 16, 12, 13, 19, 20] - 35, [1, 3, 8, 9, 12, 13, 15, 20] - 30, [1, 2, 5, 12, 13, 15, 20] - 30, [1, 3, 8, 9, 13, 19, 20] - 33, [1, 2, 3, 5, 12, 19, 20] - 37, [1, 6, 8, 3, 5, 10, 14, 15, 20] - 38, [1, 3, 8, 9, 10, 13, 15, 20] - 38, [1, 3, 8, 10, 14, 15, 20] - 32, [1, 2, 3, 5, 10, 14, 13, 15, 20] - 40]
melhor indivíduo da geração:[1, 3, 8, 9, 12, 13, 15, 20] - 30
geração: 13: 
[[1, 2, 4, 10, 14, 15, 20] - 31, [1, 3, 8, 9, 13, 15, 20] - 33, [1, 3, 8, 10, 13, 15, 20] - 36, [1, 6, 8, 9, 13, 19, 20] - 36, [1, 3, 5, 12, 19, 20] - 32, [1, 6, 8, 10, 14, 15, 20] - 35, [1, 3, 5, 10, 14, 13, 15, 20] - 35, [1, 2, 4, 11, 13, 15, 20] - 34, [1, 2, 5, 12, 19, 20] - 32, [1, 2, 5, 10, 13, 19, 20] - 33, [1, 2, 4, 10, 13, 19, 20] - 35, [1, 3, 8, 9, 16, 12, 13, 19, 20] - 35, [1, 3, 8, 9, 12, 13, 15, 20] - 30, [1, 2, 5, 12, 13, 15, 20] - 30, [1, 3, 8, 9, 13, 19, 20] - 33, [1, 3, 8, 10, 14, 15, 20] - 32]
melhor indivíduo da geração:[1, 3, 8, 9, 12, 13, 15, 20] - 30
geração: 14: 
[[1, 2, 4, 10, 14, 15, 20] - 31, [1, 3, 8, 9, 13, 15, 20] - 33, [1, 3, 8, 10, 13, 15, 20] - 36, [1, 6, 8, 9, 13, 19, 20] - 36, [1, 3, 5, 12, 19, 20] - 32, [1, 6, 8, 10, 14, 15, 20] - 35, [1, 3, 5, 10, 14, 13, 15, 20] - 35, [1, 2, 4, 11, 13, 15, 20] - 34, [1, 2, 5, 12, 19, 20] - 32, [1, 2, 5, 10, 13, 19, 20] - 33, [1, 2, 4, 10, 13, 19, 20] - 35, [1, 3, 8, 9, 16, 12, 13, 19, 20] - 35, [1, 3, 8, 9, 12, 13, 15, 20] - 30, [1, 2, 5, 12, 13, 15, 20] - 30, [1, 3, 8, 9, 13, 19, 20] - 33, [1, 3, 8, 10, 14, 15, 20] - 32, [1, 3, 5, 2, 4, 10, 14, 15, 20] - 37]
melhor indivíduo da geração:[1, 3, 8, 9, 12, 13, 15, 20] - 30
geração: 15: 
[[1, 2, 4, 10, 14, 15, 20] - 31, [1, 3, 8, 9, 13, 15, 20] - 33, [1, 3, 8, 10, 13, 15, 20] - 36, [1, 6, 8, 9, 13, 19, 20] - 36, [1, 3, 5, 12, 19, 20] - 32, [1, 6, 8, 10, 14, 15, 20] - 35, [1, 3, 5, 10, 14, 13, 15, 20] - 35, [1, 2, 4, 11, 13, 15, 20] - 34, [1, 2, 5, 12, 19, 20] - 32, [1, 2, 5, 10, 13, 19, 20] - 33, [1, 2, 4, 10, 13, 19, 20] - 35, [1, 3, 8, 9, 16, 12, 13, 19, 20] - 35, [1, 3, 8, 9, 12, 13, 15, 20] - 30, [1, 2, 5, 12, 13, 15, 20] - 30, [1, 3, 8, 9, 13, 19, 20] - 33, [1, 3, 8, 10, 14, 15, 20] - 32, [1, 3, 5, 2, 4, 10, 14, 15, 20] - 37, [1, 2, 5, 8, 10, 14, 15, 20] - 38, [1, 6, 8, 3, 5, 12, 13, 15, 20] - 39]
melhor indivíduo da geração:[1, 3, 8, 9, 12, 13, 15, 20] - 30
geração: 16: 
[[1, 2, 4, 10, 14, 15, 20] - 31, [1, 3, 8, 9, 13, 15, 20] - 33, [1, 3, 8, 10, 13, 15, 20] - 36, [1, 6, 8, 9, 13, 19, 20] - 36, [1, 3, 5, 12, 19, 20] - 32, [1, 6, 8, 10, 14, 15, 20] - 35, [1, 3, 5, 10, 14, 13, 15, 20] - 35, [1, 2, 4, 11, 13, 15, 20] - 34, [1, 2, 5, 12, 19, 20] - 32, [1, 2, 5, 10, 13, 19, 20] - 33, [1, 2, 4, 10, 13, 19, 20] - 35, [1, 3, 8, 9, 16, 12, 13, 19, 20] - 35, [1, 3, 8, 9, 12, 13, 15, 20] - 30, [1, 2, 5, 12, 13, 15, 20] - 30, [1, 3, 8, 9, 13, 19, 20] - 33, [1, 3, 8, 10, 14, 15, 20] - 32, [1, 3, 5, 2, 4, 10, 14, 15, 20] - 37, [1, 2, 5, 8, 10, 14, 15, 20] - 38, [1, 6, 8, 3, 5, 12, 13, 15, 20] - 39, [1, 2, 3, 5, 10, 14, 15, 20] - 34, [1, 3, 6, 8, 9, 13, 15, 20] - 39]
melhor indivíduo da geração:[1, 3, 8, 9, 12, 13, 15, 20] - 30
geração: 17: 
[[1, 2, 4, 10, 14, 15, 20] - 31, [1, 3, 8, 9, 13, 15, 20] - 33, [1, 3, 5, 12, 19, 20] - 32, [1, 6, 8, 10, 14, 15, 20] - 35, [1, 3, 5, 10, 14, 13, 15, 20] - 35, [1, 2, 4, 11, 13, 15, 20] - 34, [1, 2, 5, 12, 19, 20] - 32, [1, 2, 5, 10, 13, 19, 20] - 33, [1, 2, 4, 10, 13, 19, 20] - 35, [1, 3, 8, 9, 16, 12, 13, 19, 20] - 35, [1, 3, 8, 9, 12, 13, 15, 20] - 30, [1, 2, 5, 12, 13, 15, 20] - 30, [1, 3, 8, 9, 13, 19, 20] - 33, [1, 3, 8, 10, 14, 15, 20] - 32, [1, 2, 3, 5, 10, 14, 15, 20] - 34, [1, 3, 5, 10, 13, 15, 20] - 33]
melhor indivíduo da geração:[1, 3, 8, 9, 12, 13, 15, 20] - 30
geração: 18: 
[[1, 2, 4, 10, 14, 15, 20] - 31, [1, 3, 8, 9, 13, 15, 20] - 33, [1, 3, 5, 12, 19, 20] - 32, [1, 6, 8, 10, 14, 15, 20] - 35, [1, 3, 5, 10, 14, 13, 15, 20] - 35, [1, 2, 4, 11, 13, 15, 20] - 34, [1, 2, 5, 12, 19, 20] - 32, [1, 2, 5, 10, 13, 19, 20] - 33, [1, 2, 4, 10, 13, 19, 20] - 35, [1, 3, 8, 9, 16, 12, 13, 19, 20] - 35, [1, 3, 8, 9, 12, 13, 15, 20] - 30, [1, 2, 5, 12, 13, 15, 20] - 30, [1, 3, 8, 9, 13, 19, 20] - 33, [1, 3, 8, 10, 14, 15, 20] - 32, [1, 2, 3, 5, 10, 14, 15, 20] - 34, [1, 3, 5, 10, 13, 15, 20] - 33, [1, 3, 6, 8, 10, 14, 15, 20] - 38, [1, 6, 8, 10, 13, 19, 20] - 39, [1, 3, 5, 8, 10, 14, 15, 20] - 38]
melhor indivíduo da geração:[1, 3, 8, 9, 12, 13, 15, 20] - 30
geração: 19: 
[[1, 2, 4, 10, 14, 15, 20] - 31, [1, 3, 8, 9, 13, 15, 20] - 33, [1, 3, 5, 12, 19, 20] - 32, [1, 6, 8, 10, 14, 15, 20] - 35, [1, 3, 5, 10, 14, 13, 15, 20] - 35, [1, 2, 4, 11, 13, 15, 20] - 34, [1, 2, 5, 12, 19, 20] - 32, [1, 2, 5, 10, 13, 19, 20] - 33, [1, 2, 4, 10, 13, 19, 20] - 35, [1, 3, 8, 9, 16, 12, 13, 19, 20] - 35, [1, 3, 8, 9, 12, 13, 15, 20] - 30, [1, 2, 5, 12, 13, 15, 20] - 30, [1, 3, 8, 9, 13, 19, 20] - 33, [1, 3, 8, 10, 14, 15, 20] - 32, [1, 2, 3, 5, 10, 14, 15, 20] - 34, [1, 3, 5, 10, 13, 15, 20] - 33, [1, 3, 6, 8, 10, 14, 15, 20] - 38, [1, 6, 8, 10, 13, 19, 20] - 39, [1, 3, 5, 8, 10, 14, 15, 20] - 38, [1, 3, 5, 12, 13, 14, 10] - 37, [1, 6, 7, 9, 12, 13, 19, 20] - 38]
melhor indivíduo da geração:[1, 3, 8, 9, 12, 13, 15, 20] - 30
geração: 20: 
[[1, 2, 4, 10, 14, 15, 20] - 31, [1, 3, 8, 9, 13, 15, 20] - 33, [1, 3, 5, 12, 19, 20] - 32, [1, 6, 8, 10, 14, 15, 20] - 35, [1, 3, 5, 10, 14, 13, 15, 20] - 35, [1, 2, 4, 11, 13, 15, 20] - 34, [1, 2, 5, 12, 19, 20] - 32, [1, 2, 5, 10, 13, 19, 20] - 33, [1, 2, 4, 10, 13, 19, 20] - 35, [1, 3, 8, 9, 16, 12, 13, 19, 20] - 35, [1, 3, 8, 9, 12, 13, 15, 20] - 30, [1, 2, 5, 12, 13, 15, 20] - 30, [1, 3, 8, 9, 13, 19, 20] - 33, [1, 3, 8, 10, 14, 15, 20] - 32, [1, 2, 3, 5, 10, 14, 15, 20] - 34, [1, 3, 5, 10, 13, 15, 20] - 33]
melhor indivíduo da geração:[1, 3, 8, 9, 12, 13, 15, 20] - 30
melhor valor é da geração 19!!!!
______________________________________________________________________________________________________________________________
